2 0.9432390734375 0 0.926486065625 0.0161144578125 0.912910615625 0.0120377421875 0.9008924593750001 0.021693959375 0.8714445484375 0.0252692890625 0.8652932109375 0.0349938765625 0.8767992453125 0.042964984375 0.906133359375 0.043306839062500005 0.9097600609375001 0.053145378124999997 0.942607065625 0.0672429546875 0.949821559375 0.05459187343750001 0.94262505625 0.032956206249999995 0.958611328125 0.021386978125 0.9611766984375001 0 0.9432390734375 0
2 0.6643418046875 0.083592653125 0.65422235625 0.0952302515625 0.6191352296875 0.09090284374999999 0.614939503125 0.1006502203125 0.63314790625 0.113597575 0.626825865625 0.1291979375 0.6487178765625 0.150025240625 0.668387753125 0.146335959375 0.68448783125 0.130849546875 0.71767625 0.1331955734375 0.7357319375 0.1177319515625 0.7721098296875 0.1112985 0.738256565625 0.098168825 0.6852844640625 0.1034292625 0.6859103906249999 0.0818847546875 0.6643418046875 0.083592653125
2 0.497926490625 0.12181800625000001 0.5014962890625 0.1336151375 0.4919847796875 0.15799497499999998 0.5094714375 0.162117271875 0.5228192765624999 0.1740283546875 0.5481852671875 0.17628321875 0.565444321875 0.18823988281249998 0.577462478125 0.178583665625 0.597075453125 0.1768529765625 0.6004925328125 0.16023913125 0.6267120609375 0.1331151203125 0.5634108859375 0.123560775 0.5367721140625 0.09778001875 0.5186595234375 0.11520223125 0.497926490625 0.12181800625000001
2 0.42583848281250003 0.24637021718750002 0.4015356453125 0.24118885781250002 0.37685248437499996 0.21543089062499998 0.3456585828125 0.245435815625 0.34626651875 0.25817805625 0.36576569062500003 0.26036455 0.377783846875 0.2507083328125 0.39521360781250003 0.256789221875 0.42583848281250003 0.24637021718750002
2 0.19097691249999998 0.2837979078125 0.207286609375 0.29476388125 0.22124238749999997 0.319417203125 0.2611331765625 0.3267394765625 0.25589228125 0.30512659375 0.2641130265625 0.291507615625 0.2361834875 0.2764877171875 0.2306580828125 0.264667796875 0.2148425171875 0.2703612484375 0.20920330156250003 0.26245851249999996 0.1994252671875 0.262344559375 0.190425875 0.2690970734375 0.19097691249999998 0.2837979078125
2 0.10299551093749999 0.3493872546875 0.11243212968750001 0.36125275625 0.1417662421875 0.361594609375 0.1467975140625 0.356755109375 0.1411014015625 0.350810959375 0.147707953125 0.325417640625 0.1174244890625 0.32408509375 0.10603225937500001 0.31219680156249996 0.09435551875 0.31010146875 0.0709840484375 0.340197553125 0.0713643796875 0.36077416093750003 0.10299551093749999 0.3493872546875
2 0.8531161062500001 0.45413250625 0.9196636578125 0.452948784375 0.9404535953125001 0.444374421875 0.9240869921874999 0.4353670390625 0.8751399093750001 0.4367558734375 0.855299325 0.44632092968750003 0.8531161062500001 0.45413250625
2 0.7057627328125 0.4759263359375 0.6939721859375 0.4777481859375 0.689776459375 0.487495565625 0.7011686890625 0.49938385625 0.7703935890625 0.5070479812500001 0.7620201234375 0.4922559875 0.72888860625 0.4879513703125 0.7057627328125 0.4759263359375
2 0.661373715625 0.5224311515625 0.668968534375 0.5303566796875 0.7167955593750001 0.533852928125 0.695909803125 0.5120577281250001 0.6915044546875 0.49535272187499996 0.667980265625 0.49703782968750004 0.661373715625 0.5224311515625
2 0.6069012234375 0.512000065625 0.565833465625 0.51152146875 0.5616946406250001 0.51931025625 0.580852396875 0.5332483 0.6140977265625 0.5336357359375 0.6353428812499999 0.5093926359375 0.6227736890625 0.5043480203125 0.6069012234375 0.512000065625
2 0.5039008890625001 0.5558625796875 0.5149127874999999 0.5471742625 0.50821041875 0.54219801875 0.4729525859375 0.5437463859375 0.45557972500000005 0.53570690625 0.4343345703125 0.55995000625 0.4268355671875 0.58239404375 0.4522015625 0.584648909375 0.462662425 0.5612597593750001 0.5039008890625001 0.5558625796875
2 0.3825034515625 0.6269402671875001 0.3898317484375 0.6103720046875 0.361674603125 0.6031864734375 0.3475301296875 0.6186956765625 0.35512495 0.626621203125 0.3825034515625 0.6269402671875001
2 0.16216667812500002 0.669435365625 0.186849846875 0.6951933328125001 0.20395617656249998 0.678739021875 0.199323221875 0.6698683812499999 0.1818934578125 0.66378749375 0.164292996875 0.66358238125 0.16216667812500002 0.669435365625
2 0.09569696093749999 0.7352754046875 0.1097845234375 0.7217247953125 0.12537248125 0.7238657093749999 0.12666324843750001 0.7131048515625 0.142649521875 0.7015356234375 0.1008600265625 0.69223196875 0.0827474359375 0.70965418125 0.0611219546875 0.713320671875 0.0411977125 0.707337409375 0.04258740625 0.7311975140625 0.054401595312499995 0.742631178125 0.068716775 0.7212461984375 0.078494809375 0.7213601515625 0.09569696093749999 0.7352754046875
2 0.4853239125 0.92594525625 0.4716346578125 0.9257857234375001 0.46738202968750003 0.93749169375 0.5057544453125 0.9634091921874999 0.5364128953125 0.9637664796875001 0.54550693125 0.9630773749999999 0.5519672796874999 0.9551310984375 0.5415813015625 0.9422749078124999 0.514259703125 0.9399972515625 0.4853239125 0.92594525625
2 0.5950655312500001 0.9193871437500001 0.6219319125 0.937333534375 0.6689802921875 0.9339633171875 0.6760240750000001 0.9271880140625001 0.6691120828125 0.8957593859375 0.6546441890625 0.8887333859375 0.5950655312500001 0.9193871437500001