2 0.050864453125 0.1259713765625 0.0424011453125 0.1014493 0.035911484375000004 0.095703784375 0.0189219734375 0.0991596390625 0.012468628125 0.1236878140625 0.0046574046875 0.1333706375 0.0052376343749999995 0.14998624375 0.01697135 0.152043625 0.034231925 0.1646825421875 0.0462492234375 0.16122871875 0.050864453125 0.1259713765625
2 0.1930549390625 0.344343746875 0.1978916234375 0.336294325 0.17280908281250001 0.309096571875 0.15940987812500002 0.31485022812499996 0.14164348124999998 0.3002954625 0.1481694578125 0.3363146734375 0.15723779531249998 0.3405262859375 0.16280175 0.36160064375 0.16897073437500001 0.362364540625 0.1793350609375 0.3451157828125 0.1930549390625 0.344343746875
2 0.6655180781250001 1 0.662538234375 0.98871338125 0.6513970328124999 0.9879515171875 0.6384177140625 0.976460484375 0.62520365 0.9791483718749999 0.616221234375 0.99409729375 0.6177796390625 1 0.6655180781250001 1
2 0.5626279671875001 0.8626776812499999 0.5616393609375 0.930506521875 0.5765560140625 0.9305004171875 0.5881534203125 0.9442912859374999 0.61881320625 0.9511765484374999 0.6037743171875001 0.9017484187499999 0.5859583140625 0.8983068046874999 0.571782228125 0.8860498343750001 0.5626279671875001 0.8626776812499999
2 0.2991235109375 0.93444605625 0.2877475578125 0.9478631125 0.29708696093750003 0.9681695031249999 0.30275013125 0.9670175515625001 0.3100299625 0.9493868421875 0.2991235109375 0.93444605625
2 0.27359545 0.43091658906249997 0.263231125 0.4481653453125 0.2617499984375 0.4726914890625 0.2936065546875 0.48034268593749996 0.29485293281249997 0.4699954625 0.27359545 0.43091658906249997
2 0.48269248906250006 0.75579438125 0.479373246875 0.7695913546875001 0.4863191109375 0.788365875 0.5063435109375 0.7964051249999999 0.51500525 0.7764745796875 0.48269248906250006 0.75579438125
0 0.7350823281250001 0.6004904468750001 0.7205359578125 0.5943650140625001 0.71772253125 0.6100778359375 0.7430761359375 0.6533703609375 0.732959853125 0.6150533499999999 0.7350823281250001 0.6004904468750001
0 0.711226703125 0.33685069375 0.7163477453125 0.303509196875 0.7062314640625 0.2651921875 0.6877741171875 0.2517873390625 0.6833077125 0.253705221875 0.6878600406250001 0.2709478796875 0.6761634140624999 0.27938331562499996 0.687526075 0.30735310937500004 0.6767418609375 0.34184655625000004 0.69164521875 0.3832273 0.7173327890625 0.390114596875 0.711226703125 0.33685069375
2 0.5515178656249999 0.0483577875 0.5617466531249999 0.023061642187500002 0.5676306578125 0.016516365625 0.5196076515625 0.0151190390625 0.522425128125 0.036106921874999996 0.5363301484375 0.0322691171875 0.5429553421875 0.046062021875 0.5515178656249999 0.0483577875
2 0.892005278125 0.2455723859375 0.9078476328124999 0.23023744375000002 0.8897242484375001 0.18042736406249998 0.8781135499999999 0.20802334218750002 0.892005278125 0.2455723859375
2 0.9748401078125 0.3559034 0.9728168515625001 0.34823999843750003 0.957579528125 0.3432644828125 0.9458465890625 0.321426228125 0.9498567859374999 0.3064793421875 0.9382097671875 0.303801625 0.9197887359375001 0.3206704703125 0.92383525 0.335997275 0.94450099375 0.35399975625 0.951446859375 0.37277427812499997 0.962402921875 0.3766019125 0.9748401078125 0.3559034