2 0.1337890640625 0.103515625 0.134765625 0.08691406406249999 0.1259765640625 0.068359375 0.12011718593750001 0.07421875 0.111328125 0.06933593593750001 0.10449218593750001 0.048828125 0.09765625 0.0517578140625 0.09277343593750001 0.068359375 0.07910156406249999 0.048828125 0.08203125 0.08105468593750001 0.06347656406249999 0.08203125 0.05859375 0.09082031406249999 0.06933593593750001 0.10546875 0.08886718593750001 0.107421875 0.099609375 0.1357421859375 0.10546875 0.1376953140625 0.1015625 0.09472656406249999 0.11425781406249999 0.087890625 0.12402343593750001 0.103515625 0.1337890640625 0.103515625
2 0.10449218593750001 0.7421875 0.07910156406249999 0.7421875 0.068359375 0.7490234359375 0.0703125 0.7646484359375 0.060546875 0.7841796859375 0.07324218593750001 0.794921875 0.08984375 0.7958984359375 0.09765625 0.7939453140625 0.099609375 0.7783203140625 0.107421875 0.7705078140625 0.10449218593750001 0.7421875
2 0.03515625 0.6962890640625 0.0302734359375 0.6796875 0 0.7119140640625 0.00390625 0.7724609359375 0.01953125 0.7802734359375 0.034179685937499996 0.775390625 0.044921875 0.7568359359375 0.03125 0.7177734359375 0.03515625 0.6962890640625
2 0.1171875 0.8486328140625 0.119140625 0.8291015640625 0.09472656406249999 0.822265625 0.08496093593750001 0.828125 0.08984375 0.8115234359375 0.08300781406249999 0.80859375 0.044921875 0.8603515640625 0.044921875 0.8896484359375 0.033203125 0.9052734359375 0.047851564062500004 0.9140625 0.07519531406249999 0.896484375 0.09667968593750001 0.921875 0.10546875 0.9228515640625 0.123046875 0.8974609359375 0.1171875 0.8857421859375 0.125 0.8642578140625 0.1171875 0.8486328140625
2 0.390625 0.7861328140625 0.376953125 0.7783203140625 0.3828125 0.7509765640625 0.3671875 0.7431640640625 0.361328125 0.6962890640625 0.349609375 0.6826171859375 0.34765625 0.6669921859375 0.326171875 0.6494140640625 0.322265625 0.6083984359375 0.3017578140625 0.583984375 0.2890625 0.6025390640625 0.2890625 0.6435546859375 0.310546875 0.6572265640625 0.328125 0.6982421859375 0.330078125 0.7255859359375 0.34765625 0.7412109359375 0.33984375 0.7802734359375 0.3486328140625 0.783203125 0.3603515640625 0.7734375 0.37109375 0.7841796859375 0.3828125 0.8330078140625 0.396484375 0.8388671859375 0.400390625 0.8603515640625 0.40625 0.8623046859375 0.412109375 0.8486328140625 0.41015625 0.8154296859375 0.39453125 0.8017578140625 0.390625 0.7861328140625
2 0.1884765640625 0.31640625 0.19140625 0.3466796859375 0.203125 0.3486328140625 0.2109375 0.3447265640625 0.2109375 0.3291015640625 0.2041015640625 0.3203125 0.1884765640625 0.31640625
2 0.1455078140625 0.193359375 0.138671875 0.2294921859375 0.12207031406249999 0.232421875 0.1171875 0.2392578140625 0.126953125 0.2568359359375 0.12109375 0.2724609359375 0.1318359359375 0.287109375 0.1572265640625 0.29296875 0.16015625 0.3056640640625 0.16796875 0.3076171859375 0.193359375 0.2685546859375 0.158203125 0.2509765640625 0.16015625 0.2177734359375 0.1455078140625 0.193359375
2 0.59765625 0.4638671859375 0.6103515640625 0.462890625 0.615234375 0.4560546859375 0.6005859359375 0.41796875 0.5849609359375 0.419921875 0.5791015640625 0.4375 0.572265625 0.4306640640625 0.57421875 0.4072265640625 0.5693359359375 0.400390625 0.560546875 0.4052734359375 0.5537109359375 0.423828125 0.53515625 0.4248046859375 0.53515625 0.4560546859375 0.544921875 0.4638671859375 0.548828125 0.4814453140625 0.5625 0.4873046859375 0.55078125 0.5263671859375 0.5546875 0.5283203140625 0.568359375 0.4892578140625 0.5849609359375 0.4921875 0.59765625 0.4775390640625 0.59765625 0.4638671859375
2 0.259765625 0.5771484359375 0.265625 0.5791015640625 0.28125 0.5654296859375 0.2744140640625 0.544921875 0.26171875 0.5537109359375 0.259765625 0.5771484359375
2 0.4482421859375 0 0.443359375 0.016601564062499997 0.443359375 0.0537109359375 0.45703125 0.06738281406249999 0.46484375 0.0263671859375 0.47265625 0.018554685937500003 0.4697265640625 0 0.4482421859375 0
2 0.8017578140625 0 0.798828125 0.016601564062499997 0.78125 0.032226564062500004 0.791015625 0.038085935937499996 0.796875 0.07714843593750001 0.8037109359375 0.0859375 0.8173828140625 0.08203125 0.8251953140625 0.087890625 0.8330078140625 0.08203125 0.84375 0.08886718593750001 0.85546875 0.0576171859375 0.85546875 0.047851564062500004 0.83984375 0.0263671859375 0.845703125 0.018554685937500003 0.8310546859375 0 0.8017578140625 0
2 0.9033203140625 0.474609375 0.8916015640625 0.482421875 0.86328125 0.4775390640625 0.8662109359375 0.484375 0.8955078140625 0.490234375 0.921875 0.5068359359375 0.92578125 0.4853515640625 0.9443359359375 0.4765625 0.9189453140625 0.48046875 0.9033203140625 0.474609375