2 0.014211409375000001 0.701207490625 0.0080956875 0.6957417515625 0.0085078578125 0.7311635265625 0.020857673437499998 0.74128258125 0.0519706921875 0.7304023421875 0.041270359374999996 0.7071851671875 0.014211409375000001 0.701207490625
2 0.08664711875 0.3153601625 0.0449878265625 0.27699059843749996 0.030749184375 0.3319667109375 0.0433283578125 0.3346751640625 0.08664711875 0.3153601625
2 0.23665273125000003 0.3094688203125 0.20994543124999998 0.29356486406250004 0.1905877109375 0.297883446875 0.153124821875 0.2928481234375 0.141468325 0.307462959375 0.1001271953125 0.3143224109375 0.1455659375 0.332744028125 0.17142758281249998 0.3183083765625 0.21214243281249998 0.3182851640625 0.23739957500000003 0.331755246875 0.24345305 0.32351127812499997 0.23665273125000003 0.3094688203125
2 0.315771578125 0.69991185 0.29856731718749996 0.686811746875 0.2814836265625 0.7028343109375 0.289009028125 0.7180937046875 0.298512059375 0.720897553125 0.3118933359375 0.711806628125 0.315771578125 0.69991185
2 0.7021457015625 0.646409128125 0.731225825 0.682070240625 0.7542859625 0.6708200234375 0.80035098125 0.682405396875 0.805954003125 0.6760345296875 0.7748962421875001 0.6528289625 0.7597901890625 0.65639598125 0.747386840625 0.6487243890625 0.7021457015625 0.646409128125
2 0.9904786515625 0.6281717812500001 0.9672209171875 0.623315646875 0.9626175937499999 0.6339934859375 0.93873358125 0.6359735921875 0.9440837484375001 0.6475821765625 0.9221003390625 0.6501230515625 0.9163214921874999 0.661457059375 0.9593103749999999 0.673137828125 0.9841723218749999 0.65439520625 0.994850884375 0.6565428890625 0.9981798749999999 0.6384680375 0.9904786515625 0.6281717812500001
2 0.5914701015625 0.7130518609375 0.5770673484375 0.696766321875 0.5597860609375 0.696682534375 0.5606099390625 0.7059526468749999 0.5820658640625 0.7183011875 0.5896682921874999 0.72054426875 0.5914701015625 0.7130518609375
2 0.47073216249999994 0.6734163890625 0.44459588749999995 0.684762 0.4581747625 0.691777428125 0.49798870781250004 0.69550041875 0.48783762187499996 0.6784633171875 0.47073216249999994 0.6734163890625
2 0.583222953125 0.3495373859375 0.600130821875 0.3384779640625 0.596681259375 0.32743014531250003 0.5802020765625 0.315546975 0.5980108468750001 0.300741346875 0.57753285 0.2716302859375 0.56422860625 0.2677048984375 0.5579005046875001 0.272858828125 0.5576476484375 0.29083828437500003 0.54499145 0.30114614375 0.538586321875 0.3193163921875 0.5512642890625 0.330078021875 0.5542634 0.34299894062499997 0.583222953125 0.3495373859375
2 0.4891923125 0.32580586875 0.47623971875000004 0.311954203125 0.448455690625 0.3047595890625 0.44665388124999994 0.3122519953125 0.45698079375 0.3243259578125 0.4859403484375 0.3308644046875 0.4891923125 0.32580586875
2 0.8161201406249999 0.26980869687500003 0.8126705765625 0.25876087812500004 0.8046176968750001 0.2583909015625 0.7791294718749999 0.2839697671875 0.784655465625 0.2906152140625 0.8069135 0.291164378125 0.8161201406249999 0.26980869687500003
2 0.7138273015625 0.3058256390625 0.697622740625 0.2970325078125 0.673914553125 0.2940494734375 0.6694870609375 0.299764175 0.697369884375 0.31501196249999996 0.7096744312500001 0.314630378125 0.7138273015625 0.3058256390625
1 0.8240943250000001 0.45671406093750005 0.8603046546875 0.475421865625 0.8748614609375001 0.465674771875 0.8999210046874999 0.46303850156250004 0.910676596875 0.4521698703125 0.8763668718750001 0.43402283593749996 0.8738182171875 0.4192288171875 0.8373550328125001 0.4185004671875 0.8339054703125001 0.40745265 0.8206012250000001 0.4035272609375 0.7994969484375 0.381252440625 0.7880162796875 0.3909041375 0.786510865625 0.42255607343749996 0.7734042140625 0.4347370375 0.7759528718750001 0.44953105468750004 0.79153115 0.465160428125 0.8240943250000001 0.45671406093750005
1 0.163002946875 0.1332761140625 0.1300445828125 0.109509778125 0.10968715625 0.109521384375 0.09573485625 0.0913627421875 0.087956603125 0.094082803125 0.0769699265625 0.1440003828125 0.1472923796875 0.1647488640625 0.1616951328125 0.18103440312500002 0.1668477015625 0.1765366390625 0.169627440625 0.1522817140625 0.163002946875 0.1332761140625
1 0.283333975 0.216923671875 0.270029725 0.21299828125000003 0.25014452187499997 0.23220628125 0.2622732421875 0.236787834375 0.283333975 0.216923671875
1 0.26430613593749996 0.1902464796875 0.24602514375 0.18585571875 0.24069674531250002 0.195316621875 0.2633282015625 0.207009 0.2762590265625 0.1997911765625 0.27543514999999996 0.1905210625 0.286838790625 0.19388568125 0.289837903125 0.2068066015625 0.31354608906250003 0.209789634375 0.3251808140625 0.174105309375 0.3471642234375 0.171564434375 0.35601920625 0.16013503125 0.34106720468749996 0.13766941875 0.32821341249999997 0.1318709296875 0.3056037265625 0.14124804375 0.27619371406250004 0.1365827 0.2649876703125 0.14932443281250002 0.2610876609375 0.14014971874999999 0.24978281406249997 0.1448382734375 0.23692902187499998 0.1390397859375 0.24055440625000002 0.14512446406249999 0.2292495640625 0.149813021875 0.25813209375 0.1693677828125 0.26430613593749996 0.1902464796875