0 0.55115950625 0.19706681406249998 0.5557321546875 0.1829590625 0.5479418296875 0.17821765 0.5270006 0.19778504531250002 0.5038087531250001 0.1946855625 0.49263372031249997 0.2033061515625 0.5292512203124999 0.22045192187499998 0.5377042046875 0.2344092359375 0.5587828046875 0.2340193921875 0.554156296875 0.212844009375 0.5710084046875 0.20547550625 0.55115950625 0.19706681406249998
2 0.1639029078125 0.8029735499999999 0.1479222421875 0.7792939984375 0.108803584375 0.7877980953125 0.1099497703125 0.7951051375 0.1639029078125 0.8029735499999999
2 0.128139303125 0.84950435625 0.13359549843750002 0.8476844734375 0.13917695937500002 0.8217062203125 0.0961362140625 0.8101980453125 0.0788005734375 0.819475403125 0.08514031093749999 0.829943390625 0.10595627187500001 0.83453436875 0.128139303125 0.84950435625
2 0.5576148296875 0.7789545609374999 0.5716075218750001 0.7749864109375 0.5733207499999999 0.764279015625 0.550654190625 0.7512178859375 0.5409297468750001 0.754111903125 0.5385121015625 0.7636561859375 0.5462606703125 0.7764503921875 0.5576148296875 0.7789545609374999
2 0.697583496875 0.7312202734375 0.661670415625 0.7152376109375 0.65190421875 0.7261844203125001 0.6579395578125 0.7496860171875 0.670439903125 0.7594972328125 0.6979835140625 0.7454169984375 0.7297118578124999 0.7463682125 0.744671609375 0.7385823515625 0.7477936734374999 0.7302011734375 0.7336218515625 0.723044565625 0.697583496875 0.7312202734375
2 0.8777026343750001 0.43032619843750003 0.9080221515625 0.42895119531250003 0.9166004031250001 0.418750134375 0.8844302875000001 0.41165498749999996 0.8659067046875 0.4216780953125 0.8172306296875 0.4008650421875 0.8036797140624999 0.41097712499999994 0.8054885593750001 0.42750006875 0.7850726156250001 0.4371058171875 0.7783867234375 0.4477242375 0.78617705 0.45246565156249996 0.8250748187499999 0.44088958749999996 0.8629220156249999 0.4492368203125 0.8707540984375 0.4459254421875 0.8777026343750001 0.43032619843750003
2 0.9211839453125 0.1285212796875 0.91415189375 0.1602261046875 0.9439461234375001 0.1688127484375 0.9487396609375001 0.1577769671875 0.936101940625 0.12878820625 0.9211839453125 0.1285212796875
2 0.4381431953125 0.1620634640625 0.42080755937500003 0.1713408265625 0.46926274531249995 0.189081909375 0.4953557671875 0.1807282484375 0.5015581328125001 0.1720186859375 0.459042671875 0.1505488625 0.45310294687499997 0.154277603125 0.45706679531249994 0.16623708125 0.4381431953125 0.1620634640625
2 0.6612086734375 0.1649042546875 0.648929215625 0.1581650078125 0.6209855906249999 0.1580485171875 0.61170291875 0.1670864640625 0.622794434375 0.17457145937500002 0.6578657296875 0.170213465625 0.6612086734375 0.1649042546875
2 0.2959656671875 0.17907808593750002 0.264762603125 0.168165221875 0.24571373749999997 0.188149978125 0.22489777656249998 0.1835589984375 0.2054488953125 0.18934703125000002 0.1931694296875 0.182607784375 0.1877132375 0.18442766875 0.1867044234375 0.1962981734375 0.21100070468749998 0.2147574890625 0.2342760671875 0.201751390625 0.27502443906249996 0.1986454796875 0.29187654531249996 0.191276978125 0.2959656671875 0.17907808593750002
2 0.157310209375 0.201908253125 0.1516748875 0.192603378125 0.16711816875000002 0.1829086546875 0.1562475375 0.178495628125 0.1282621515625 0.18643192656250002 0.12324773281250001 0.19439574531249998 0.15277932031250002 0.20796321093749998 0.157310209375 0.201908253125
2 0.077265265625 0.5218505296875 0.075098159375 0.48307807187499996 0.0354542140625 0.5015438171875 0.0682452375 0.52590765625 0.077265265625 0.5218505296875
2 0.25604818906250004 0.4786457609375 0.2668770609375 0.4911115796875 0.2863677015625 0.47727075625 0.280732378125 0.46796588124999994 0.23008043437499998 0.4628410484375 0.22172306718749998 0.4761140734375 0.2332981109375 0.48169021250000005 0.25604818906250004 0.4786457609375
2 0.1351283875 0.50639529375 0.1772855921875 0.505615603125 0.1839714875 0.49499718125000003 0.1669820046875 0.4831881359375 0.14379015625 0.480088653125 0.1112738796875 0.4940799109375 0.115721259375 0.504130534375 0.1351283875 0.50639529375