2 0.3258908078125 0.9465207453125 0.3169461984375 0.9647857546875 0.28721243125 0.9684471171875 0.2798690703125 0.9762039937500001 0.292158740625 0.984745453125 0.3663322453125 0.9950810015625 0.37275648125 0.986220484375 0.368956675 0.9671551984375 0.34977839374999997 0.95862943125 0.341828090625 0.9097187359375001 0.34392259062499997 0.9578134671875 0.3258908078125 0.9465207453125
2 0.4872944171875 0.91242819375 0.48087018125 0.9212887109375 0.44607642500000005 0.9105870359375 0.43827831249999993 0.92608509375 0.44942148125000003 0.93739350625 0.4533349734375 0.9545234921875 0.4749199421875 0.9555800671875 0.49019435624999996 0.9635618593749999 0.5218608 0.9270004609375 0.5108313171875001 0.9137567546875 0.4872944171875 0.91242819375
2 0.7097764296875 0.8770907937500001 0.7352652671875 0.8786913421874999 0.7415758171875 0.8717661234375 0.7191757890625 0.8510845984375001 0.7055122515625001 0.84918068125 0.6857655328125001 0.8503313921875 0.6701596828125 0.8647414984375 0.7097764296875 0.8770907937500001
2 0.7604882203125001 0.8178184359375 0.7446549984375 0.8360991343749999 0.7578734140625001 0.86233025 0.798276346875 0.8445464578124999 0.8060840859375 0.8456344109374999 0.8207900625000001 0.8632926859375001 0.8268539890625 0.8270660328125 0.8072209578124999 0.8262814484375 0.7982571 0.811374434375 0.7604882203125001 0.8178184359375
2 0.9659905125 0.8035286875000001 0.9453150484374999 0.78698974375 0.9082379203125001 0.7984079828125 0.9286956359375 0.8354035281250001 0.9461493609374999 0.8397867187499999 0.9618688953125 0.8234413140625 0.9659905125 0.8035286875000001
2 0.9491785921875 0.520222228125 0.9241445046875001 0.51088049375 0.9148492078125001 0.51836538125 0.9403476703125 0.5365519421875 0.9491785921875 0.520222228125
2 1 0.474333715625 0.994963328125 0.4778235609375 0.9762494203125 0.47814261562500004 0.9863790281249999 0.52345470625 1 0.523423684375 1 0.474333715625
2 0.80002614375 0.49651218906250005 0.798548209375 0.52167104375 0.8103831296875 0.5379536859375 0.8247287906249999 0.5282458265625001 0.8560734265625 0.530662340625 0.836544459375 0.5113564484374999 0.8374539578125001 0.49587407812500006 0.829068159375 0.48787659375 0.80002614375 0.49651218906250005
2 0.7357741250000001 0.5685313453124999 0.713374096875 0.5478498218750001 0.690301575 0.5553660875 0.69271788125 0.5644829031249999 0.7194765265624999 0.57796721875 0.7332537578125 0.5779358390625 0.7357741250000001 0.5685313453124999
2 0.537056384375 0.6013267140624999 0.512022303125 0.5919849796875 0.502944753125 0.5790132609375 0.4799762890625 0.56800821875 0.458865325 0.5923824843750001 0.4301547484375 0.57862618125 0.4300506859375 0.5971474875 0.419608890625 0.607399325 0.461291259375 0.6180853125 0.4951562703125 0.6110973343749999 0.5075499984375 0.601117484375 0.5367153234375001 0.607132603125 0.537056384375 0.6013267140624999
2 0.25853671562499997 0.6190999765625 0.243034928125 0.614988775 0.237643496875 0.6230176390625 0.2507386015625 0.634598034375 0.2301960734375 0.6492958234375 0.2897869140625 0.6566238109375 0.3021806421875 0.6466439625 0.32801054218750003 0.642438625 0.330417221875 0.6349694265625 0.304113325 0.6137439265625 0.25853671562499997 0.6190999765625
2 0.127444928125 0.6564406953125 0.1385880984375 0.6677491078125 0.11471013593749999 0.672226434375 0.13240085937499999 0.68932504375 0.14216052968749998 0.690684984375 0.159263565625 0.6842880484375 0.1610921875 0.6699093234375 0.1481107671875 0.6563936265625 0.1307707359375 0.650075140625 0.127444928125 0.6564406953125
2 0.49321994374999995 0.24206248437500003 0.47701677656249997 0.216391034375 0.437978090625 0.2109512734375 0.434652284375 0.21731682812500003 0.44706526718750006 0.2405090015625 0.435818034375 0.24772190156249999 0.416185003125 0.24693731562500001 0.410793575 0.254966178125 0.42492149218749997 0.2657149234375 0.4874970796875 0.2724832484375 0.49288850625 0.2644543875 0.47416497343749997 0.248187428125 0.49321994374999995 0.24206248437500003
2 0.3195266625 0.2676135765625 0.33882825625 0.2907900625 0.3504261734375 0.2943572875 0.3714234515625 0.27191831718750004 0.3207868453125 0.262911328125 0.3195266625 0.2676135765625
2 0.8836627437500001 0.1950087453125 0.8485375515625 0.20669896875 0.8581931609375 0.22658022031249997 0.8975729093749999 0.22621409374999998 0.8835586828125 0.2135300546875 0.8836627437500001 0.1950087453125
2 0.782863534375 0.202425609375 0.779187040625 0.1980110390625 0.7640359375 0.20467996249999998 0.759222571875 0.21961835624999998 0.7635908140625001 0.2290071578125 0.778628228125 0.22427353125 0.782863534375 0.202425609375
2 0.9779240281250001 0.1983876953125 0.968391734375 0.1931571609375 0.9541597546875 0.200929725 0.9260464890625 0.2272549796875 0.9463712718749999 0.23301379843749997 0.9783884046875 0.2072325234375 0.9779240281250001 0.1983876953125