2 0.1667994328125 0.0457960609375 0.1700500328125 0.030471590625 0.160205678125 0.020505803125 0.15545861249999998 0.0036183390625 0.1384709703125 0.0032229468749999995 0.1380790203125 0.012067581249999999 0.14386012343750001 0.0411889546875 0.15451712812500001 0.047323625 0.1667994328125 0.0457960609375
2 0.18518169375 0.142356084375 0.177068925 0.147716803125 0.1665044734375 0.197521328125 0.17183297656250002 0.200588659375 0.1950123171875 0.185272328125 0.18518169375 0.142356084375
2 0.1552748515625 0.1752943375 0.1635213703125 0.1270214421875 0.1548359796875 0.11628983906249998 0.1270070421875 0.16761989375 0.1552748515625 0.1752943375
2 0.47458729999999993 0.20147856874999998 0.49186552031249997 0.16700258437499998 0.48787601093750005 0.14822685 0.4742684453125 0.1325123546875 0.46742092968750004 0.16009599218749998 0.467753515625 0.19611175 0.47458729999999993 0.20147856874999998
2 0.4505302203125 0.0987859109375 0.46669574843749995 0.0930453359375 0.49079402656250004 0.096886625 0.47059270625 0.055881870312500005 0.4464206921875 0.08997190000000001 0.4447953921875 0.097634134375 0.4505302203125 0.0987859109375
2 0.8025714031250001 0.27134486406249997 0.7801584375 0.25486048125 0.7854406609375 0.22995822187499998 0.77872689375 0.21462967968750002 0.7862070359375 0.19815750625 0.782037503125 0.19432435312500002 0.7705078390625 0.1970016578125 0.7568865437500001 0.2142376171875 0.773610959375 0.25753982343750004 0.7710529921875 0.278994896875 0.78992905 0.3027575890625 0.8025714031250001 0.27134486406249997
2 0.7828465828125 0.477085634375 0.7928572296875 0.5050592984375 0.8005036656250001 0.506595 0.8202198359375 0.46062566406250005 0.8040543078125 0.46636623593750004 0.808583890625 0.440314228125 0.7964816124999999 0.4268992171875 0.7828465828125 0.477085634375
0 0.7670461828125 0.57976201875 0.778815875 0.557161275 0.800942534375 0.5655994984375 0.8029141515625 0.5610025656250001 0.7752926984374999 0.531489128125 0.777444340625 0.5119496171875 0.76916528125 0.499302453125 0.7503217656250001 0.5364598140625 0.739138421875 0.542202421875 0.7365804546875 0.5636574953125 0.7426615984375 0.567874571875 0.7584808109375001 0.559068696875 0.7670461828125 0.57976201875
2 0.54635373125 0.9248854812499999 0.5546928015625 0.9325517812499999 0.56298559375 0.9122484906249999 0.5548865578125 0.8846587453125 0.56179408125 0.8520942515625001 0.57350376875 0.8344743671874999 0.5598962046875 0.8187598671874999 0.54529596875 0.8218190640625 0.5370769140625 0.8041910437500001 0.529250453125 0.8175979218749999 0.53584420625 0.842888178125 0.5249934453125 0.88464654375 0.5428905609375 0.8942324718749999 0.54635373125 0.9248854812499999
2 0.1521030703125 0.279508459375 0.13866180156250002 0.2818018390625 0.1330932671875 0.2986579453125 0.1384217703125 0.3017252765625 0.1546473078125 0.29100384687499997 0.1521030703125 0.279508459375
2 0.18209381875 0.4622808296875 0.1969340890625 0.439298196875 0.1984531046875 0.408647221875 0.18692344375 0.4113245265625 0.1757863734375 0.4450367328125 0.17253577343749998 0.460361203125 0.18209381875 0.4622808296875
2 0.1622800109375 0.3254900046875 0.1539272109375 0.350774159375 0.15340086875 0.3626514390625 0.159135696875 0.3638032140625 0.1743822921875 0.3389050203125 0.1622800109375 0.3254900046875
2 0.205264509375 0.606735925 0.2176668296875 0.59524664375 0.21941214687500002 0.5776226875 0.213737325 0.571490053125 0.19867075625 0.5814456671875 0.19692543906249999 0.599069625 0.205264509375 0.606735925
2 0.24368179687499997 0.7262928265624999 0.2586420828125 0.6933484703125 0.2556915234375 0.6837686453125 0.2461334765625 0.6818490171875 0.2211025359375 0.6918005671875 0.216346653125 0.70482555 0.2290815578125 0.7293520265625 0.22640357500000002 0.7607688171875 0.24377434999999997 0.782232021875 0.2520671421875 0.7619287296875 0.24368179687499997 0.7262928265624999
2 0.8483554109375 0.9246256468749999 0.8127874828125 0.9184808062500001 0.8058799578125001 0.9510453015625 0.81312006875 0.9544965640624999 0.844352171875 0.9388003734374999 0.8483554109375 0.9246256468749999
2 0.4947748859375 0.275433784375 0.48086728125 0.2846235828125 0.49169057812499994 0.3087661296875 0.501368640625 0.300724040625 0.51042780625 0.248620028125 0.494788615625 0.24248332499999997 0.49049906718749997 0.24861189218750002 0.4947748859375 0.275433784375