2 0.548615365625 0.9382253078125 0.550576565625 0.9651646453125 0.5778093875 0.963260340625 0.577195621875 0.95889691875 0.5854637984375 0.9427733734375 0.5615720640624999 0.9469938390625 0.548615365625 0.9382253078125
2 0.697737553125 0.8916912921875 0.6814688109375 0.8984111859375 0.6603777359375 0.8930026015625 0.624832478125 0.9072140859375001 0.625210053125 0.9141183140625 0.673919121875 0.9175327078125 0.6980546265625 0.9329800687500001 0.7090263109375 0.93080155 0.7088191953125 0.9219441984375001 0.6974332859375 0.9064080203125 0.697737553125 0.8916912921875
2 0.7675377 0.9005142718749999 0.8125205031249999 0.9017023890625 0.815150709375 0.8940264656249999 0.8066021093750001 0.8796717109375001 0.789407765625 0.8745362796875 0.7824666109375 0.8642243515624999 0.7635310125 0.8678096953125 0.7675377 0.9005142718749999
2 0.920288996875 0.8797806078124999 0.9310535734375 0.8687447374999999 0.957989734375 0.8745630484375001 0.9611313125000001 0.8610277484375001 0.943011359375 0.844036990625 0.9292023625000001 0.8450340859375001 0.908622665625 0.8337661265625 0.8645654640625 0.8444333343749999 0.8422078671875 0.8310756749999999 0.8263166984374999 0.8446997953125001 0.8359247046875 0.858146271875 0.8681945796875 0.8702336859375001 0.8788619984375 0.882771890625 0.887885321875 0.880456796875 0.8986132390625 0.8586104484374999 0.920288996875 0.8797806078124999
2 0.9862162640625 0.8431354093750001 0.995069128125 0.8427734359375 0.9986121265625 0.7909473375 0.980395025 0.7975306546875001 0.9680596593749999 0.8153341765625 0.9808459015625001 0.8260558296875 0.97787478125 0.8376380031249999 0.9862162640625 0.8431354093750001
2 0.7225018984375 0.5180981140625 0.71190778125 0.5271808609375 0.665487990625 0.5199967890625 0.633973265625 0.521717828125 0.624438565625 0.5298922968750001 0.655819484375 0.5409348625 0.687334209375 0.539213825 0.6861776468749999 0.5636961781250001 0.6968084109375 0.5654239046875 0.725997203125 0.556662065625 0.7372365046875 0.5289563453125 0.7225018984375 0.5180981140625
2 0.47133530781250005 0.655732740625 0.476254790625 0.64428714375 0.4664763203125 0.6327937859375 0.47156626562500004 0.6193950671875 0.4671215078125 0.6141708125 0.45509041093749997 0.6172576078125 0.4449343703125 0.598860028125 0.42582831250000003 0.604398496875 0.411922159375 0.6289696640625 0.418144821875 0.6362836187500001 0.43991773125 0.6338797031250001 0.44668842499999994 0.64614475625 0.4635418546875 0.6551864375 0.47133530781250005 0.655732740625
2 0.29000374687499997 0.6557947890625 0.28669170624999996 0.6712832140625 0.2969815546875 0.6769171953125 0.32346683593750003 0.6542103296875 0.32360064374999997 0.6414467312500001 0.31843738906249996 0.633224503125 0.297175859375 0.62976904375 0.274928221875 0.6488428109375 0.29000374687499997 0.6557947890625
2 0.24437575156250002 0.6732296484375 0.25975554375 0.6654649015625 0.26005981093749997 0.6507481796875 0.2513407515625 0.6383465484374999 0.2321980421875 0.6330745421875 0.22495262343750003 0.637479340625 0.22697429374999997 0.6592368640624999 0.24437575156250002 0.6732296484375
2 0.850910584375 0.473059740625 0.8495835625 0.499495215625 0.8800755296875 0.5094929296874999 0.8917657078125 0.5103123828125 0.89439590625 0.502636459375 0.8768239875000001 0.490596803125 0.8734019859375 0.4736538 0.8562076421875 0.46851836718750006 0.850910584375 0.473059740625
2 1 0.44484422500000004 0.9864308828125001 0.43638016874999996 0.9708439796875 0.4352875625 0.9668134500000001 0.44777801093749997 0.9482554249999999 0.45826757812499996 0.9658273453125 0.47030723593749996 0.9859928140625 0.4638604953125 1 0.47014838281250004 1 0.44484422500000004
2 0.7656776515625 0.09077346562500001 0.744416121875 0.0873180078125 0.7341995812500001 0.10330498125000001 0.7406293546875 0.1194762828125 0.725797596875 0.132192125 0.7300718921875 0.1393695046875 0.7692096109375 0.14014789375 0.802258475 0.1208487328125 0.80946724375 0.10563346093749999 0.7817759343749999 0.086006696875 0.7656776515625 0.09077346562500001
2 0.578246196875 0.17195849218749998 0.5918847406250001 0.1729145234375 0.6112950609375 0.1526593296875 0.6050724 0.1453453796875 0.6067769968750001 0.12581412812499998 0.5925904265625 0.11990699687499999 0.5720235375 0.16464453750000002 0.578246196875 0.17195849218749998
2 0.2634893171875 0.2520785921875 0.256889084375 0.23786041406249997 0.247147265625 0.2371775328125 0.22329218593750003 0.252208475 0.25347988906249996 0.2769229125 0.26284412968750004 0.27070156875 0.2634893171875 0.2520785921875
2 0.0763254734375 0.307736415625 0.057463184375 0.3329427078125 0.0952005734375 0.338535625 0.1020684171875 0.3272266015625 0.084118925 0.30828271875 0.0763254734375 0.307736415625
2 0.39880250156249997 0.20654167031249998 0.3835565171875 0.20154281406250002 0.380037365625 0.2081738890625 0.3894749125 0.22357349062499998 0.40294299687499996 0.226482646875 0.429124009375 0.21849250781250001 0.4299763078125 0.20872688281250001 0.423205615625 0.19646182968749998 0.4136342625 0.193825825 0.39880250156249997 0.20654167031249998