2 0.0619814234375 0.1733846796875 0.0659363375 0.20551654375 0.054406220312499996 0.23467347031250002 0.0643579546875 0.24201989531249998 0.07916818437499999 0.23757797812499998 0.11141742031249999 0.24908461875 0.1210874515625 0.21932331718750003 0.1172733890625 0.20574531875000002 0.12582856874999998 0.192073421875 0.1201309515625 0.1747987359375 0.1052268234375 0.16687140625000002 0.106271253125 0.14150507031249998 0.0919715015625 0.1317176625 0.0985727 0.105072146875 0.08920186875 0.09277332656250001 0.0619814234375 0.1733846796875
2 0.097769421875 0.569570078125 0.1095812375 0.57752088125 0.12315923437500001 0.5737068171875 0.12176267968750001 0.5526884937500001 0.13294664218750002 0.5594070671875 0.14770991875 0.54878053125 0.14143139843750002 0.5364582359375001 0.1444532828125 0.52715783125 0.1250368140625 0.49514334375 0.10790298125 0.5193948296875 0.10739250468749999 0.53362415 0.0920013765625 0.5430184609375 0.10013997968749999 0.5559451281250001 0.097769421875 0.569570078125
2 0.1347952 0.721439453125 0.144746934375 0.7287858796875 0.1606015890625 0.698977621875 0.1500220046875 0.6903989703125 0.148648921875 0.6724729593750001 0.1323951890625 0.649711928125 0.12511919062500002 0.668940596875 0.11951547031250001 0.664035153125 0.1072401265625 0.676498296875 0.09359170624999999 0.6710354296875 0.09001239531250001 0.6883805359374999 0.1099862890625 0.712350321875 0.13402649687499998 0.7016533593750001 0.1347952 0.721439453125
2 0.46993850937500004 0.8735196765625 0.475424853125 0.8629635656250001 0.46665839687500005 0.8488046671875 0.450568990625 0.8476898140625 0.44859153437500005 0.8316238859375 0.4552866328125 0.8173476109375001 0.44591580156250005 0.8050487921875 0.41831975468750004 0.836183171875 0.43641009375 0.8564562718750001 0.42106591406250005 0.8720352 0.436040465625 0.8892394609375 0.46993850937500004 0.8735196765625
2 0.40754596718749997 0.3946575484375 0.4143819171875 0.398935134375 0.43260713125 0.355501934375 0.4238641515625 0.344435346875 0.426281659375 0.3369950203125 0.42188669218749997 0.3283694171875 0.413284565625 0.33585669375 0.4095174484375 0.32846331875 0.3878478015625 0.3255353328125 0.380061325 0.358993321875 0.3696460640625 0.3720608421875 0.39017738125 0.3879859234375 0.4068242171875 0.381056075 0.40754596718749997 0.3946575484375
2 0.41855365781250004 0.21520962500000002 0.43148032656249996 0.2070710203125 0.43140989999999996 0.197794090625 0.422109496875 0.19477220625 0.41101943125 0.200422871875 0.40860192343749996 0.20786319999999997 0.41855365781250004 0.21520962500000002
2 0.40948202499999997 0.1608506890625 0.4090184984375 0.1812646359375 0.41836585781249996 0.1904711390625 0.428035890625 0.1607098359375 0.4341970375 0.1575705765625 0.445404475 0.16738145937499999 0.4521699984375 0.1623821203125 0.45072649374999996 0.135179171875 0.46360621249999995 0.1208559515625 0.47025436249999997 0.10039505156249999 0.451677021875 0.09744359375 0.44470022499999995 0.074612140625 0.415384946875 0.12369600781250001 0.3975293609375 0.13434601875000002 0.40948202499999997 0.1608506890625
2 0.4198443625 0.059338384375 0.4141702171875 0.045156010937500005 0.4214696921875 0.029019659375 0.410302946875 0.021503065625 0.3827572515625 0.0200594578125 0.395616353125 0.0452968640625 0.3846436640625 0.06640908749999999 0.3878533515625 0.0818471625 0.4198443625 0.059338384375
2 0.7396844703125 0.1509220015625 0.7465908406249999 0.164476525 0.757123478125 0.1668705609375 0.7877648859375 0.1295280796875 0.7846256234375 0.1233669328125 0.76797879375 0.13029678281249998 0.7641177765625 0.11053416406250001 0.7396844703125 0.1509220015625
2 0.769692471875 0.356035465625 0.7584615578125 0.34313226874999997 0.734726525 0.394029271875 0.7576988296875 0.4056063359375 0.7722977796875 0.373333625 0.769692471875 0.356035465625
2 0.7439449828125 0.5492022328124999 0.7397612921875 0.568407425 0.7491556 0.5837985531250001 0.756478553125 0.5707545078125 0.7695460734374999 0.5811697687499999 0.7787760546875 0.57491471875 0.784121546875 0.545804746875 0.7957925125 0.5352016828124999 0.8042537921875 0.5091605421875001 0.8011145281250001 0.5029993968750001 0.7851425 0.5173460984375 0.7746333390625 0.5180443765625 0.7674747140625 0.5527345968749999 0.7507105046875 0.5442028890625 0.7439449828125 0.5492022328124999
2 0.727679725 0.6878692140625 0.73651660625 0.7113050453125 0.7285658046875 0.7231168578125 0.7313119640625 0.7589688859375 0.744332534375 0.7631995234375 0.7523302859375 0.75757233125 0.7459578640625 0.7328807921875 0.750188503125 0.719860225 0.7760418437500001 0.7035830171875 0.780272484375 0.6905624453125 0.7721338796875 0.677635778125 0.788035484375 0.654012146875 0.7786411765625 0.6386210171875 0.7797795078124999 0.625623921875 0.7595768359374999 0.6529911921875 0.7398142187500001 0.6568522046874999 0.727679725 0.6878692140625
2 0.753157890625 0.9480633640624999 0.7408121203125 0.951249575 0.741580825 0.9710356671874999 0.758996359375 0.983891909375 0.7662254109375 0.9584786234375 0.753157890625 0.9480633640624999
2 0.7341050734375 0.8010055312500001 0.7285013546875 0.7961000874999999 0.7161555859375001 0.7992862984375 0.7107631421875 0.822211653125 0.7202513500000001 0.8499720249999999 0.7256907453125 0.8332312875 0.7361529546875001 0.8263483921875 0.72554989375 0.8146774265625 0.7341050734375 0.8010055312500001
2 0.7275568015625 0.916095825 0.731347390625 0.9265815125 0.7487629234375001 0.93943775625 0.7567606765625 0.9338105625 0.7583860078125 0.903491834375 0.736041553125 0.8931469968749999 0.7286716546875 0.90000641875 0.7275568015625 0.916095825