2 0.111363184375 0.8228735781250001 0.10167436562500001 0.8243481359375 0.0941282421875 0.8343817703124999 0.10674230625 0.8472706359375 0.12502064531249998 0.84350158125 0.116002540625 0.86461889375 0.12474107812499999 0.8780975859375 0.1324921359375 0.8769179375 0.138734015625 0.857210384375 0.1651360859375 0.84035806875 0.166030459375 0.8323240203125 0.111363184375 0.8228735781250001
2 0.32127624843749997 0.370361640625 0.30797274375 0.3743608078125 0.2931041546875 0.3667512671875 0.2852971828125 0.3748501171875 0.29152034531250004 0.3916733484375 0.2836574609375 0.40669139843749996 0.2913526046875 0.4124309515625 0.307488240625 0.400102825 0.32351205156249996 0.40161309999999995 0.33964769375000003 0.3892849734375 0.3388651484375 0.38348062031249996 0.32127624843749997 0.370361640625
2 0.1591001265625 0.45822696562500004 0.13674132187500002 0.45373185781250003 0.10076225937500001 0.458220334375 0.10484272343750001 0.46648449375 0.14154842031249998 0.47471957343750004 0.155112765625 0.472655190625 0.1591001265625 0.45822696562500004
2 0.257069915625 0.0701394640625 0.24266710625000001 0.0733186953125 0.2524490359375 0.09453652031250001 0.289788253125 0.0928027671875 0.2942973078125 0.082244109375 0.2797454765625 0.069650153125 0.2832670484375 0.0444331625 0.2680257828125 0.048727240625 0.257069915625 0.0701394640625
2 0.3747705640625 0.0117494921875 0.37607480625 0.0214234171875 0.3937196203125 0.027623193750000004 0.39938389218750003 0.0109652734375 0.3845152984375 0.0033557359375 0.3747705640625 0.0117494921875
2 0.3907377234375 0.3281984484375 0.37480701875 0.3493805609375 0.404078415625 0.35381086875 0.40922099218749997 0.3332833796875 0.404302071875 0.32613406718750004 0.3907377234375 0.3281984484375
2 0.63293979375 0.225192109375 0.6525223703125 0.23109697968749998 0.6766699171874999 0.21952398906249998 0.679502053125 0.211195028125 0.6452558171875 0.20653460781250002 0.63293979375 0.225192109375
2 0.7778809734375 0.148834975 0.7541061046875 0.148504346875 0.732883803125 0.1744407609375 0.751944684375 0.1764760625 0.7778809734375 0.148834975
2 0.9109159984374999 0.1088433140625 0.8900850890625 0.086345325 0.8631613234375 0.099328071875 0.8642047171874999 0.107067209375 0.888967065625 0.12205617499999999 0.909760775 0.114942578125 0.9109159984374999 0.1088433140625
2 0.3190581765625 0.7132720359375 0.35116171406249996 0.709373384375 0.37430305625 0.71967284375 0.38158833125 0.7077044296875 0.3800791578125 0.689176521875 0.369346940625 0.6829119453125 0.3515343859375 0.6974697671875 0.321051853125 0.7060579234375 0.3190581765625 0.7132720359375
2 0.8129080296875 0.87801186875 0.8031632906249999 0.8864056265625001 0.82069628125 0.9064438078125001 0.8593025437499999 0.8847723875 0.8546444703124999 0.8795578609374999 0.8129080296875 0.87801186875
2 0.85898676875 0.4790641640625 0.8944441359375 0.47070612343749996 0.895338509375 0.46267207499999996 0.8879042140625 0.458867303125 0.88749434375 0.44115933749999997 0.87838313125 0.43958426250000004 0.8650237171875 0.4505026265625 0.85898676875 0.4790641640625
2 0.95935936875 0.40949 0.9372614125000001 0.4069296765625 0.9211816890625 0.412338603125 0.925262153125 0.4206027625 0.94516149375 0.4215232140625 0.9587258421874999 0.41945883281249996 0.95935936875 0.40949
2 0.7789980125 0.523816765625 0.708977646875 0.532498803125 0.696400778125 0.5492215234375 0.7211631234375 0.5642104875 0.7401309015625 0.5435534 0.7691973625 0.539129725 0.7789980125 0.523816765625
2 0.503909859375 0.6249174015625 0.47568185312500005 0.6282262265624999 0.49038270624999997 0.6565933703125 0.503909859375 0.6249174015625