2 0.312072065625 0.908242546875 0.306953659375 0.9011633671875 0.292087971875 0.921966484375 0.280240034375 0.9175044531250001 0.2755306015625 0.922170271875 0.2721720359375 0.9376479234374999 0.3143772125 0.9464593671875001 0.3229905140625 0.941975890625 0.3217078109375 0.9331215593750001 0.3047414671875 0.9215803499999999 0.312072065625 0.908242546875
2 0.3949146703125 0.8808429515625 0.39808114375 0.8878309578125 0.41564856250000004 0.8886515046874999 0.417873146875 0.8965726734375 0.4410237171875 0.889836740625 0.45879562656250006 0.8965297874999999 0.46242684531249995 0.888882134375 0.4377766875 0.8525530828125 0.43623372656250003 0.8642069046874999 0.3949146703125 0.8808429515625
2 0.521505409375 0.8506009796875 0.5312650875 0.8510568390625 0.5455420984375 0.8693125374999999 0.5593977390625 0.8474850843749999 0.5598624828125 0.8328494265625 0.5323990625 0.8276580203125 0.5262024453125 0.8175970078124999 0.5183947046874999 0.8172323203125 0.48743639375000003 0.8236035656249999 0.47815385624999995 0.8368502 0.46260653749999997 0.8380783234375 0.46186914218749997 0.8448839875 0.4670557125 0.8539206609375001 0.4778254390625 0.85540085625 0.4813327296875 0.8721763593749999 0.49109240156249995 0.8726322203124999 0.521505409375 0.8506009796875
2 0.185094065625 1 0.2233860546875 0.963706775 0.214227446875 0.9525302531250001 0.2174496875 0.9331376046875001 0.2107201609375 0.9357547531250001 0.2027079296875 0.9295175671875 0.20809898906250002 0.9444267406250001 0.19537733125 0.942855375 0.176880425 0.97130614375 0.150959959375 0.9544609140625001 0.128819440625 0.9622211843749999 0.13387853593750002 1 0.185094065625 1
2 0.69654131875 0.7845126578125 0.6883246 0.772402975 0.6751381921874999 0.785467265625 0.6537350703125 0.786421871875 0.64957094375 0.8067476859375 0.6600804124999999 0.8287360359375 0.6941370359375 0.8273952984375 0.6948062687500001 0.8186321359375001 0.6808019062499999 0.8082064390625 0.707255275 0.8123735078125 0.70838925625 0.7889746875 0.69654131875 0.7845126578125
2 0.8548277656250001 0.7410937796875 0.88301618125 0.7111413703125 0.8919021359375 0.714487890625 0.8972931984375 0.7293970671875 0.9146561234374999 0.7243451171874999 0.928592325 0.7328133203125 0.938215671875 0.72935418125 0.9250850343750001 0.716037815625 0.9303955359374999 0.7006513359375 0.9152448 0.685286303125 0.8900059656250001 0.6880160656250001 0.8766832375 0.6971653578125 0.8336724999999999 0.6932020765625 0.8242536359375 0.7025337109375 0.8085699906249999 0.6998468375 0.8058124984375 0.7046038296875 0.8265587859375 0.7407505375000001 0.8375329984375 0.748103228125 0.8548277656250001 0.7410937796875
2 1 0.6189895640625 0.982186871875 0.6209891828125 0.9848204375 0.6406553453125 0.9735859687499999 0.6538108125 0.9877266562499999 0.668151509375 0.9913021078125 0.6868845125 1 0.6866190890625 1 0.6189895640625
2 0.947577025 1 0.9523316093749999 0.9948232656249999 0.9235173234375 0.9788200296875 0.8908797328125001 0.9929300984375 0.8852049687499999 1 0.947577025 1
2 0.967866446875 0.3496475984375 0.9560866718750001 0.3471430671875 0.9387919109375 0.3541525171875 0.9285674875 0.3683323140625 0.9416981249999999 0.38164867812500003 0.9573136078125 0.3823780546875 0.967866446875 0.3496475984375
2 0.9085833937500001 0.38205625468750004 0.8698855046875 0.3900203109375 0.8556890484374999 0.40206026718750004 0.86087561875 0.4110969421875 0.8886116906250001 0.424118346875 0.9335062031250001 0.42621530312499994 0.9369329328125 0.4126951515625 0.9298625875000001 0.40552480468749996 0.92918095625 0.3859498109375 0.9085833937500001 0.38205625468750004
2 0.7770353625 0.4658103546875 0.7924463546875 0.4606672328125 0.808266325 0.46726910625 0.8114885656249999 0.4478764578125 0.793375846875 0.431395915625 0.7564254015625 0.4335786453125 0.7463930750000001 0.4252927890625 0.722901690625 0.42224122656249996 0.7117353828125 0.4373541875 0.684408290625 0.43607777968750006 0.6779514125 0.44652492187500004 0.6882563937499999 0.4626407765625 0.6869179265625001 0.4801671015625 0.7056998828125 0.48788448124999995 0.7397441078125 0.4582055890625 0.7770353625 0.4658103546875
2 0.5447798671874999 0.5116371953125001 0.5445753765625 0.505764696875 0.52962913125 0.49627216250000006 0.5139330906249999 0.46524713125000006 0.500269540625 0.464608928125 0.48701497656250003 0.47571571874999996 0.4702531171875 0.470047009375 0.48446196874999997 0.48634520937500003 0.47713136875 0.49968301249999997 0.49200945625000003 0.5072180515625 0.4982742375 0.5192365640625 0.509917684375 0.517826096875 0.517316446875 0.5064457890625 0.5447798671874999 0.5116371953125001
2 0.4256002875 0.5588370125 0.3977278890625 0.5419006109375 0.373635434375 0.54956970625 0.3827940390625 0.5607462265625001 0.40453798125 0.5695791171875 0.4239891703125 0.5685333375 0.4256002875 0.5588370125
2 0.1508793578125 0.6163605640625 0.19570570781250002 0.6165000218750001 0.1817013421875 0.6060743203125 0.16023005937499998 0.6050714296875 0.1557808828125 0.5892290906250001 0.130269396875 0.58412885625 0.1254918046875 0.5868371765625 0.1275242984375 0.617224 0.074344909375 0.6010598609375 0.07596842499999999 0.6197016921875 0.060761921875 0.6307173109375 0.10882290312500001 0.639802271875 0.133993575 0.6351150109375 0.1508793578125 0.6163605640625
2 0.1102047 0.2597524453125 0.107038225 0.2527644390625 0.07755471093750001 0.2455243625 0.07620384375 0.234712528125 0.1120760765625 0.229547965625 0.09733431718749999 0.225927928125 0.0988772734375 0.214274103125 0.087766734375 0.203006409375 0.06824738281250001 0.2020946890625 0.060848620312500004 0.2134749984375 0.0391046765625 0.204642109375 0.070484365625 0.23835401250000002 0.0538588359375 0.2366003 0.0222312890625 0.25173470625 0.046937215625 0.2616831046875 0.1054271078125 0.26246076406249996 0.1102047 0.2597524453125
2 0.4057152859375 0.183656790625 0.41622475468750003 0.20564514687500002 0.42901457656249997 0.20917401249999998 0.4546499921875 0.18985108906249998 0.45713483593750004 0.17726410312500002 0.43391610312499995 0.1820425375 0.4302724859375 0.1613520359375 0.4173463375 0.153908171875 0.4057152859375 0.183656790625
2 0.5397047859375 0.14203451250000002 0.526518384375 0.15509880468749998 0.5067945421875 0.14831458749999998 0.5002013390625 0.15484673437500002 0.5124582546875 0.1710537609375 0.5119253484375 0.18373191875 0.5409317203125 0.1772695 0.5664432078125 0.1823697359375 0.5681224874999999 0.1746309109375 0.5453003375 0.162816184375 0.5397047859375 0.14203451250000002
2 0.611542203125 0.1903391890625 0.6429652609375001 0.1693322859375 0.6426244453125001 0.15954478593750002 0.6577627859375 0.146571671875 0.6565482453125 0.13967483593750002 0.6407964374999999 0.13503046093749999 0.6247843765625001 0.1508942421875 0.6118706234375 0.1717885328125 0.611542203125 0.1903391890625
2 0.7776797640625001 0.092566190625 0.7438152312499999 0.071441271875 0.7319796921874999 0.095317396875 0.7490823640625 0.110773603125 0.7776797640625001 0.092566190625
2 0.8988360734375 0.10213385156250002 0.8674687828125001 0.0967601015625 0.8631683296875 0.11317091875 0.87797825 0.118748453125 0.8988360734375 0.10213385156250002
2 0.920626859375 0.0751501125 0.8739574609374999 0.071340521875 0.8818697249999999 0.090592646875 0.8908238421875 0.095896665625 0.91760563125 0.08151308125 0.920626859375 0.0751501125