0 0.454225778125 0.7540234109374999 0.435744296875 0.7680302343750001 0.45897292500000003 0.7758805 0.44990732187500004 0.7991371140625 0.462073203125 0.80259269375 0.4628731140625 0.7898258265625 0.4813389109375 0.7689261187499999 0.504264309375 0.7649486234375 0.5186051 0.7527402328125 0.4801730453125 0.7422937109375 0.4685352046875 0.7280292578124999 0.463850790625 0.7337436828125 0.44727235781249997 0.734044534375 0.454225778125 0.7540234109374999
2 0.543768140625 0.7606702796875 0.5183802859375 0.775376865625 0.5109458625000001 0.7868854984375 0.5598812546875 0.79874981875 0.5581873421875 0.78292628125 0.5794658765625 0.7838038875 0.5938066671875 0.7715954953125 0.543768140625 0.7606702796875
2 0.9768879359374999 0 0.9744887078125 0.0055201390625 0.9761826203125 0.0213436765625 0.952713496875 0.029237167187500003 0.943072803125 0.0426240140625 0.9469729875 0.056569337500000004 0.960513875 0.0571278125 0.96988270625 0.0456989609375 0.9861735921875001 0.040463231249999995 0.998045275 0.030356803124999998 0.99857515625 0 0.9768879359374999 0
2 0.8453745250000001 0.094717040625 0.8453588406250001 0.0878241625 0.791467171875 0.08363226406249999 0.7867827546874999 0.0893466890625 0.8050707859375 0.1117622578125 0.8453745250000001 0.094717040625
2 0.8110517921874999 0.06868633125 0.8635527765625 0.06888245625 0.8718184703125 0.0583927140625 0.8192704390625 0.03751795 0.8198612125 0.054280593749999995 0.811307971875 0.059835457812500006 0.8110517921874999 0.06868633125
2 0.57332299375 0.148480546875 0.5478880937499999 0.14250849375000002 0.53877544375 0.1450864671875 0.5365848468750001 0.1538575609375 0.5672635734375 0.1570920734375 0.57332299375 0.148480546875
2 0.3984573734375 0.1678527703125 0.4095358015625 0.17914033437500002 0.40286992499999996 0.1640963421875 0.3984573734375 0.1678527703125
2 0.3708946078125 0.1982233296875 0.37920735156249996 0.20841222343750002 0.4060015703125 0.20459429375 0.40624206875 0.1888505390625 0.39987942187500003 0.185634303125 0.3824697171875 0.18491626249999998 0.3708946078125 0.1982233296875
2 0.2218298484375 0.26296688281249997 0.2519334859375 0.25633163125 0.2895342703125 0.2657592625 0.2958655484375 0.25518973906250003 0.2814306609375 0.22604085624999998 0.2698241875 0.2255621625 0.24776143125 0.24434430625 0.2121264234375 0.248782215625 0.1958669046875 0.26780370468750003 0.2107984734375 0.27235795625 0.2218298484375 0.26296688281249997
2 0.08028308125 0.59583296875 0.060970323437499994 0.60882090625 0.0659579703125 0.6149342421874999 0.0817051296875 0.6136145046875 0.09799601718749999 0.608378771875 0.10515856875 0.5988281343749999 0.14357494375 0.602381778125 0.15962533437499998 0.6128898 0.17698799375000002 0.5929292046875 0.15539055 0.57333095625 0.14683731093750002 0.5788858171875 0.1048239765625 0.573214615625 0.101561609375 0.5967105734375 0.08028308125 0.59583296875
2 0.086792025 0.9062518796875001 0.0930605765625 0.8681108390625001 0.0621099859375 0.8668343234375 0.0546755640625 0.87834295625 0.0721480046875 0.9066325125000001 0.086792025 0.9062518796875001
2 0.7334033453125001 0.431756746875 0.717081090625 0.4232067203125 0.6955620609375 0.43807287187500005 0.7058092125 0.44834154687499994 0.7301096109375 0.44146694843749995 0.7607883390625 0.44470146093749996 0.7640663890625 0.42809838281249996 0.7334033453125001 0.431756746875
2 0.9089747765625 0.3582603765625 0.9132095625 0.39781922187499996 0.95487261875 0.37098402343750003 0.9175280156250001 0.3527055171875 0.9089747765625 0.3582603765625
2 0.8667523062500001 0.3821186890625 0.81316386875 0.3897545515625 0.8021324859375 0.39914562343750004 0.8107170937499999 0.40737652031250005 0.843058365625 0.41264881249999996 0.86983690625 0.4019380015625 0.8786463265625001 0.3875322625 0.8667523062500001 0.3821186890625
2 0.721671309375 0.7404387296875 0.7556751328125 0.7477488 0.7658752359375 0.7373388375000001 0.76888141875 0.72269375625 0.7940287765625 0.723730925 0.8127978015625 0.71465898125 0.829663784375 0.719293015625 0.8335169234375 0.7125597 0.8282417359375 0.7015114828125 0.806116246875 0.692722109375 0.767762603125 0.7167399828125001 0.7462122046874999 0.717820375 0.721671309375 0.7404387296875
2 0.6073111328125 0.1488977359375 0.6183581953124999 0.1463995453125 0.615561146875 0.1315151125 0.60838290625 0.134172871875 0.6073111328125 0.1488977359375
2 0.6423396828125 0.12080430312499998 0.65749606875 0.10272191875 0.622117240625 0.098308953125 0.6152265531250001 0.10590159375 0.6249299781250001 0.12008626250000001 0.6423396828125 0.12080430312499998