2 0.705484021875 0.0161368359375 0.696644884375 0.009926339062500001 0.652689284375 0.0222374828125 0.6466145078125 0.030279821875 0.6723457765624999 0.0420956984375 0.705484021875 0.0161368359375
2 0.5337066640625 0.0883091734375 0.5178036406250001 0.0864224078125 0.49940208906250005 0.0944427765625 0.4976010875 0.1031122078125 0.524638803125 0.10439934687500001 0.5337066640625 0.0883091734375
2 0.47426533906249996 0.1582038375 0.4592628125 0.15198235468750002 0.4171968203125 0.163677390625 0.4172854328125 0.171730715625 0.42970081562500007 0.17980601093749998 0.47426533906249996 0.1582038375
2 0.3002552796875 0.26444328906250003 0.316449890625 0.27128636875 0.3345598578125 0.258309684375 0.3325816359375 0.250872465625 0.3204578328125 0.24775348749999998 0.3058355015625 0.25454164375 0.3002552796875 0.26444328906250003
2 0.7789697906249999 0.296270240625 0.8168506125 0.2920014375 0.8337684984375 0.278403153125 0.8404521953125 0.261069784375 0.8250437249999999 0.26104232031249996 0.7821658421875 0.2851253984375 0.7789697906249999 0.296270240625
2 0.8596913859375 0.2214577125 0.8790305500000001 0.255563271875 0.9073118515624999 0.2190646921875 0.8700399421875 0.2140424640625 0.8596913859375 0.2214577125
2 0.8684471890625 0.5863437359375 0.88923290625 0.579566565625 0.89998740625 0.5659572953125 0.9179830125 0.5641309484375 0.9185919312499999 0.55483991875 0.8888784640624999 0.547353265625 0.8739387984375 0.5683887671875001 0.8372243078125001 0.5924828296875 0.825657915625 0.618480140625 0.8597595234375 0.6154435484375 0.8684471890625 0.5863437359375
2 0.7147025453125 0.7031503703124999 0.7204857390625 0.690151715625 0.67056971875 0.6993548656249999 0.6527513359375 0.7172878640625 0.6500498328125001 0.7302920125 0.6983678234374999 0.726661284375 0.699471296875 0.719229559375 0.6906321578125 0.7130190609375 0.7147025453125 0.7031503703124999
2 0.57428818125 0.738829621875 0.595365484375 0.737008765625 0.5975209265625 0.760552634375 0.6062714546875 0.7587098046875 0.616760121875 0.7209405609374999 0.633766615625 0.715395603125 0.6452186421875 0.70054863125 0.6037615703125 0.7029526359375 0.58896201875 0.6936341421875001 0.583381796875 0.7035357859375 0.5689624359375001 0.7072269312499999 0.585245653125 0.7221233406249999 0.57428818125 0.738829621875
2 0.20688957343749997 0.353481190625 0.2329381765625 0.351049721875 0.2405852328125 0.3566386203125 0.255410534375 0.3467534546875 0.23118868125 0.32131183124999996 0.21139207187500003 0.3318076125 0.20688957343749997 0.353481190625
2 0.25192289687499997 0.35294198125 0.2539268671875 0.34117553906250003 0.23118868125 0.32131183124999996 0.21607179531249998 0.3262406828125 0.20351629375 0.34851938437499996 0.1728765796875 0.3645711078125 0.16410029843750001 0.3856175953125 0.18020629531250001 0.3844073515625 0.207878684375 0.35719979999999996 0.25192289687499997 0.35294198125
2 0.16462588281249999 0.7350020890625 0.192970040625 0.72576049375 0.20790970625 0.7047249921875001 0.2614019765625 0.697386640625 0.26718516875 0.6843879828125 0.254681171875 0.6682593625 0.2635460625 0.655266203125 0.2524113671875 0.6558658312500001 0.23787765 0.6707073109375 0.19392204531249999 0.6830184578125 0.19578590625 0.7016060125 0.1654377734375 0.7226140484375 0.16462588281249999 0.7350020890625
2 0.259646396875 0.9687132953125 0.2758593296875 0.9799783578125 0.300086575 0.9781425265625 0.2892970015625 0.9489429625 0.275169225 0.9575904234375001 0.2604582890625 0.956325253125 0.259646396875 0.9687132953125
2 0.7525523453125 0.351356375 0.756039984375 0.34516785 0.7494964000000001 0.332147225 0.722635909375 0.346966734375 0.7130992453125 0.3419939421875 0.690512521875 0.35744054531249997 0.69249074375 0.36487776250000004 0.7058066296875001 0.36861834375 0.7213294640625 0.3574954703125 0.7525523453125 0.351356375