2 0.1374226953125 0.7009452734375 0.1367645234375 0.7078380875 0.161860846875 0.7210645687499999 0.18177736718749998 0.7071748140625 0.18207166875 0.692469496875 0.1500939234375 0.6786646015625 0.14552949843750002 0.6857849328125 0.1518437140625 0.695209284375 0.1374226953125 0.7009452734375
2 0.252721259375 0.6325395640625 0.2629417265625 0.641736403125 0.24609134687499998 0.6583852125 0.3037540171875 0.6560059578125 0.3434960890625 0.62627331875 0.315333625 0.6102877859375 0.27486380625 0.624395425 0.2591478390625 0.6233523515625 0.252721259375 0.6325395640625
2 0.5179556046875 0.5456089703125 0.511550421875 0.5342314906250001 0.4839337671875 0.5299647078125 0.4675382265625 0.5563791421875 0.43592435468749996 0.550386746875 0.435902959375 0.5709514390625 0.42854530156250004 0.5811720874999999 0.4843458140625 0.5808597140625 0.512733009375 0.5596221156250001 0.5440739781249999 0.5597551359375 0.5457541953125 0.553782003125 0.5179556046875 0.5456089703125
2 0.94154823125 0.3897231484375 0.9178378265625 0.385228853125 0.9096400593749999 0.398436071875 0.9383697265625001 0.4055756625 0.94154823125 0.3897231484375
2 0.80614583125 0.383900478125 0.792179653125 0.3994020875 0.7931803046875 0.42088646562500004 0.8086019734375001 0.436634853125 0.8217280359375 0.42411980624999995 0.8491627546875 0.4244803390625 0.850752009375 0.41655408281249995 0.8333772156249999 0.40091945000000007 0.82567708125 0.3827629125 0.80614583125 0.383900478125
2 1 0.32373960625 0.999184125 0.3236966953125 0.9880111843750001 0.336097984375 0.963915509375 0.34435588125 0.9766135125 0.38572240625 0.99214754375 0.382859228125 1 0.37354408906250003 1 0.32373960625
2 0.7381557109375 0.479906346875 0.726255025 0.4766826359375 0.715852625 0.46357954375 0.6919388859375 0.4757436859375 0.71712618125 0.49092329375 0.734704303125 0.48989948437499997 0.7381557109375 0.479906346875
2 0.8346027406250001 0.7425929375 0.8450051406249999 0.7556960296875 0.8511802109375 0.7200847546875 0.8413236218750001 0.7187004124999999 0.8319218671874999 0.7270816953125 0.8302630437499999 0.7124901375 0.8213375296875001 0.7100723531249999 0.8138889031250001 0.7183398796875 0.78468299375 0.721999353125 0.7860689140625 0.7307315390625 0.77285188125 0.74129345625 0.7887283921875 0.7668074703125 0.8040804874999999 0.7600380437500001 0.8170246125 0.743616746875 0.8346027406250001 0.7425929375
2 0.9506076531250001 0.71037691875 0.972092025 0.709125596875 0.9787005437499999 0.7038446375 0.9762016093750001 0.69223964375 0.9858762656250001 0.6897177328125 0.98337733125 0.6781127390624999 0.9898039093750001 0.66892553125 0.9637765109374999 0.6567324906249999 0.9303700515625 0.6753247953125 0.9506076531250001 0.71037691875
2 0.753845046875 0.7747144640625 0.7514370765625 0.765062596875 0.7203690140625 0.7707889515625 0.7043587453125 0.78445119375 0.7056536953125 0.7912302546875 0.7289092593750001 0.785958925 0.7370856328125 0.7933163984375 0.7721509140625 0.7893156546875 0.7718780093750001 0.7834562796875 0.7676078859375 0.7758712937500001 0.753845046875 0.7747144640625
2 0.548681334375 0.86891766875 0.529150084375 0.8700552343749999 0.5281976140625 0.891653365625 0.4981729890625 0.8777347140625 0.4884073671875 0.878303496875 0.478256471875 0.8916244687500001 0.49460921874999997 0.9063394171875 0.49617707343750006 0.9189778531250001 0.5156173546875 0.9158871625 0.5277909468749999 0.924970246875 0.5628990234375 0.8798401218749999 0.548681334375 0.86891766875
2 0.39179994218749997 0.9485582078125001 0.3737669796875 0.9398163921875 0.364911034375 0.959916425 0.3358870671875 0.9674821484375 0.33141360937500003 0.976555603125 0.408880434375 0.9788981546875 0.422006503125 0.9663831093749999 0.4091747359375 0.9641928406250001 0.4151464734375 0.9452400031250001 0.39179994218749997 0.9485582078125001
2 0.8617696468749999 0.106481496875 0.8392846234375 0.0862484453125 0.798611475 0.11701452187500001 0.8347897703125 0.1158865890625 0.8617696468749999 0.106481496875
2 0.8881823203125 0.1059223484375 0.90287624375 0.106045734375 0.9218616828125 0.09318941875 0.937508078125 0.0717146765625 0.9362131281250001 0.064935615625 0.9262655625 0.0615981484375 0.9167728468749999 0.06802630625 0.887818446875 0.09810984843750001 0.8881823203125 0.1059223484375
2 0.7252114390625 0.1389154 0.7399963296875 0.1409919125 0.7644772703125 0.1199818265625 0.747081084375 0.1249118859375 0.7431052609375 0.10262158437499999 0.738176965625 0.10192941250000001 0.7241198203125 0.1154779 0.7252114390625 0.1389154
2 0.3476964921875 0.25392824687500004 0.3026836515625 0.25459152343749997 0.2961661015625 0.2618256109375 0.31158777187500003 0.277573996875 0.3294387984375 0.2824095625 0.3489914453125 0.26070730468750003 0.3476964921875 0.25392824687500004
2 0.4409220796875 0.21618448906249998 0.4598165515625 0.2013750515625 0.446166071875 0.18160665468749998 0.4284060125 0.1787242140625 0.4208664171875 0.18503861562499999 0.4022662453125 0.1851427421875 0.41907383125 0.2096233109375 0.3828741390625 0.23131593593750002 0.40769756093750004 0.23868304375 0.4603409640625 0.23365849062500002 0.46574550156249994 0.22355159531250002 0.4409220796875 0.21618448906249998