2 0.0417199109375 0.2207784484375 0.04092198125 0.19353048281250002 0.031907934375 0.1859008734375 0.031925949999999995 0.21986998125 0.0417199109375 0.2207784484375
2 0.1004627203125 0.2922211859375 0.084621396875 0.284928790625 0.09401639375000001 0.272213271875 0.093674421875 0.2605355734375 0.082587590625 0.24883170312499997 0.0678681515625 0.24649585937500001 0.06231572656249999 0.223659371875 0.0466453890625 0.222205825 0.032210925 0.2296014015625 0.033350825 0.26852706406250004 0.043828726562499996 0.29279093125 0.0407090734375 0.319675509375 0.0526328125 0.32660451562500004 0.06902606875 0.3193906359375 0.10339042968750001 0.3254896953125 0.1004627203125 0.2922211859375
2 0.23880522656249997 0.6136719796875 0.20301599375 0.558915840625 0.1944579046875 0.5668564953125 0.1916802203125 0.6054187734375 0.1841300265625 0.6144234125 0.203507984375 0.642424325 0.2162686328125 0.644578471875 0.22393281874999998 0.6394663984375 0.2235338515625 0.6258424125000001 0.23880522656249997 0.6136719796875
2 0.290414825 0.74171245 0.2841394796875 0.7275433875 0.2602920015625 0.71368536875 0.24250990312499998 0.7401803859375 0.24325083906249997 0.765482071875 0.26816320781249997 0.7823503609375 0.27928901562499997 0.7620314046875001 0.2886450328125 0.7813387171875 0.30045478124999997 0.78437515625 0.303232465625 0.7458128796875 0.290414825 0.74171245
2 0.6539493249999999 0.848220490625 0.642748503125 0.8326240546875001 0.623217575 0.8327534046875 0.6159343390625 0.8175203515625 0.619281975 0.79842090625 0.6025467453125 0.7939570890625001 0.592770803125 0.82701773125 0.616789265625 0.8467146031249999 0.6056064625 0.8650872765625 0.6187090828125 0.878919121875 0.62553635625 0.878581909375 0.6539493249999999 0.848220490625
2 0.441841578125 0.40929059375000004 0.44646406406250005 0.36701744375 0.43454032500000006 0.3600884375 0.42910188906249996 0.3411445109375 0.4195359109375 0.348021178125 0.41147276250000003 0.339509271875 0.397095290625 0.34885113125 0.401696815625 0.372569915625 0.39252980000000004 0.3930705609375 0.41531238750000005 0.4039183109375 0.4266661765625 0.3913844890625 0.43394941249999996 0.406617540625 0.441841578125 0.40929059375000004
2 0.3880091765625 0.2053450796875 0.3716159171875 0.2125589578125 0.3698851046875 0.2201623984375 0.3817518484375 0.2251451234375 0.3893590390625 0.21808676562499998 0.3880091765625 0.2053450796875
2 0.361195009375 0.1902413796875 0.3750775421875 0.1973520796875 0.3758394390625 0.156661828125 0.394533459375 0.16130733749999998 0.397329159375 0.15671416875 0.3889240390625 0.1365245640625 0.3938315 0.10398283125 0.390693828125 0.0968982984375 0.3732356859375 0.10110190781249999 0.35901118125 0.08231350468750001 0.34790338906249996 0.1366015703125 0.3345338140625 0.147007415625 0.354805678125 0.17217974687499998 0.361195009375 0.1902413796875
2 0.30264414687499996 0.058645553125000006 0.301711265625 0.0934969578125 0.31161921718749996 0.098297990625 0.3287353921875 0.0824166859375 0.330238225 0.0670281125 0.3221180796875 0.0565699203125 0.3256366984375 0.043309328125000005 0.31365596562500003 0.034434034375 0.309932021875 0.012628762499999998 0.2968745390625 0.012096710937500001 0.29574185937499997 0.0230673765625 0.28505399531250003 0.0249874890625 0.28237228281250004 0.033473221875 0.30264414687499996 0.058645553125000006
2 0.6630049437500001 0.0901308484375 0.6721329796875 0.101653025 0.6868524218750001 0.10398886874999999 0.7011548796875 0.058731618750000006 0.6942136125 0.0551762640625 0.6826888390625 0.061871235937500005 0.6744547046875 0.04752048125 0.6630049437500001 0.0901308484375
2 0.777349946875 0.3258928359375 0.768146896875 0.278455265625 0.7532564734375 0.270280571875 0.7397339265625 0.3088166765625 0.777349946875 0.3258928359375
2 0.8013834828125 0.47951986093750004 0.80385523125 0.4972181 0.8179657421875 0.5121139390625 0.8204764656249999 0.49778935312500006 0.8343590015625001 0.50490005625 0.8429740828125001 0.4989056859375 0.836299775 0.471112640625 0.847482578125 0.45273996875 0.8437179640625001 0.424246321875 0.8330870921875 0.4281127171875 0.8285605796875 0.44030932343750007 0.8216763078125 0.43870025625000003 0.8247750015624999 0.4778076140625 0.8079827765625 0.4713975125 0.8013834828125 0.47951986093750004
2 0.8389005859375 0.62663360625 0.8527261218750001 0.6317980249999999 0.8646318468749999 0.604757925 0.8808721359374999 0.625674303125 0.885683621875 0.6232091125 0.8771645109374999 0.5991269406249999 0.8863885234375 0.5805725765624999 0.8762525906249999 0.567986409375 0.8727159546875001 0.54727789375 0.8607532375 0.572371709375 0.846090790625 0.5719821515625 0.84542486875 0.5825958625000001 0.8338431 0.5873445546875 0.8389005859375 0.62663360625
2 0.9394200515625 0.8572311734375001 0.9431096578125 0.8498094265624999 0.9346475421875 0.8276735343749999 0.9139377375000001 0.8209000484375 0.9091832421875001 0.825311521875 0.9215629421875 0.8478108000000001 0.9394200515625 0.8572311734375001
2 0.9622206578125001 0.90204803125 0.965454303125 0.8790560171875 0.9427287109375 0.870154553125 0.9402179828125 0.8844791375 0.9622206578125001 0.90204803125