2 0.06542968593750001 0.048828125 0.0537109359375 0.060546875 0.041992185937499996 0.060546875 0.0146484359375 0.044921875 0.013671875 0.0576171859375 0.03125 0.09863281406249999 0.038085935937499996 0.10546875 0.056640625 0.10449218593750001 0.083984375 0.09472656406249999 0.083984375 0.07324218593750001 0.0703125 0.06738281406249999 0.06542968593750001 0.048828125
2 0.1171875 0.2822265640625 0.1484375 0.2939453140625 0.158203125 0.2861328140625 0.158203125 0.2763671859375 0.11621093593750001 0.244140625 0.1171875 0.2822265640625
2 0.1630859359375 0.404296875 0.16796875 0.4189453140625 0.173828125 0.4189453140625 0.185546875 0.3955078140625 0.1650390640625 0.369140625 0.138671875 0.3955078140625 0.1630859359375 0.404296875
2 0.69921875 0.7509765640625 0.701171875 0.7275390640625 0.6962890640625 0.72265625 0.68359375 0.7255859359375 0.673828125 0.7607421859375 0.673828125 0.7685546859375 0.685546875 0.7744140640625 0.67578125 0.7958984359375 0.69140625 0.8017578140625 0.71875 0.7783203140625 0.724609375 0.7646484359375 0.7216796859375 0.75390625 0.69921875 0.7509765640625
2 0.5654296859375 0.484375 0.578125 0.4892578140625 0.580078125 0.4658203140625 0.5673828140625 0.453125 0.556640625 0.4697265640625 0.5654296859375 0.484375
2 0.482421875 0.1572265640625 0.48046875 0.2197265640625 0.486328125 0.2353515640625 0.494140625 0.2353515640625 0.50390625 0.1982421859375 0.501953125 0.1689453140625 0.4892578140625 0.1484375 0.482421875 0.1572265640625
2 0.44140625 0.041992185937499996 0.453125 0.045898435937499996 0.458984375 0.0302734359375 0.453125 0.0009765640625 0.4306640640625 0 0.44140625 0.041992185937499996
2 0.83984375 0.0517578140625 0.8623046859375 0 0.83203125 0.0009765640625 0.83203125 0.040039064062500004 0.83984375 0.0517578140625
2 0.916015625 0.2685546859375 0.9287109359375 0.2890625 0.947265625 0.2880859359375 0.951171875 0.2724609359375 0.9287109359375 0.244140625 0.916015625 0.2548828140625 0.916015625 0.2685546859375
2 0.9609375 0.3740234359375 0.96484375 0.3486328140625 0.9521484359375 0.333984375 0.94140625 0.3466796859375 0.9609375 0.3740234359375
2 0.94921875 0.4423828140625 0.9541015640625 0.455078125 0.97265625 0.4580078140625 0.986328125 0.4541015640625 0.9921875 0.4287109359375 0.9873046859375 0.41015625 0.94921875 0.4423828140625
2 0.7421875 0.9228515640625 0.748046875 0.9248046859375 0.755859375 0.9013671859375 0.7509765640625 0.884765625 0.740234375 0.8916015640625 0.7421875 0.9228515640625
2 0.333984375 0.8876953140625 0.3359375 0.8994140640625 0.345703125 0.9013671859375 0.36328125 0.8662109359375 0.3583984359375 0.8359375 0.34375 0.8505859359375 0.333984375 0.8876953140625
2 0.34375 0.7666015640625 0.3330078140625 0.765625 0.330078125 0.7841796859375 0.318359375 0.8017578140625 0.3271484359375 0.818359375 0.345703125 0.8212890640625 0.353515625 0.8134765640625 0.353515625 0.7998046859375 0.345703125 0.7900390640625 0.34375 0.7666015640625
2 0.298828125 0.6962890640625 0.2841796859375 0.673828125 0.265625 0.6669921859375 0.2646484359375 0.67578125 0.298828125 0.6962890640625
2 0.26953125 0.5498046859375 0.25 0.5400390640625 0.2470703140625 0.525390625 0.232421875 0.5458984359375 0.2265625 0.5849609359375 0.234375 0.5908203140625 0.236328125 0.6240234359375 0.251953125 0.6396484359375 0.2578125 0.6591796859375 0.26953125 0.6611328140625 0.29296875 0.6396484359375 0.29296875 0.6318359359375 0.265625 0.6318359359375 0.26953125 0.5498046859375