2 0.2139315375 0.1172056046875 0.1632125375 0.1073869796875 0.15444880156250002 0.11319201875 0.1689785359375 0.124406603125 0.17862678125 0.14232781875 0.19928706406250002 0.1373254953125 0.21815981406249998 0.1230877328125 0.2139315375 0.1172056046875
2 0.40220009375 0.10016586093749999 0.3694508234375 0.09060028437499999 0.35686220625 0.0798364953125 0.3355098609375 0.074877746875 0.3262465015625 0.084486896875 0.33833548750000003 0.0990547953125 0.3761586953125 0.11567892500000002 0.4110026828125 0.116910653125 0.40220009375 0.10016586093749999
2 0.33649058906249996 0.1054865890625 0.324497821875 0.09780128437499999 0.2999552921875 0.10190201562500001 0.2378393703125 0.0874765640625 0.2348989984375 0.0946339890625 0.26953202656249997 0.1203176 0.28581044375000003 0.118217796875 0.31417784531250004 0.13068589218749999 0.33649058906249996 0.1054865890625
2 0.5569754 0.3762185921875 0.5534965578125 0.364630303125 0.529953275 0.3611228140625 0.5253215953125 0.3659273875 0.532086840625 0.375338790625 0.5569754 0.3762185921875
2 0.4999334109375 0.3688516953125 0.494013821875 0.3606167171875 0.4784848421875 0.3570103546875 0.47041316718750004 0.372776465625 0.4856923375 0.378284884375 0.4999334109375 0.3688516953125
2 0.8707822328124999 0.3628522390625 0.8673033921875 0.35126395 0.8539653406250001 0.346206325 0.8493910328125001 0.3353436640625 0.8411269203125 0.3373445921875 0.849487253125 0.3422262546875 0.8444521703125 0.35771753125 0.8555992828125 0.3642264140625 0.8707822328124999 0.3628522390625
2 0.7628676546875 0.3544513640625 0.767941584375 0.361509915625 0.7854116906249999 0.3655670734375 0.8076670640625 0.35603500781249997 0.8034387859375001 0.35015288437500003 0.774072134375 0.3452930078125 0.7628676546875 0.3544513640625
2 0.6171113515625 0.367643421875 0.6252792406250001 0.35875990468749996 0.5727727109375 0.3397058359375 0.5673915968750001 0.3502165765625 0.5908775078125 0.369391303125 0.6171113515625 0.367643421875
2 0.6991954890625001 0.3671054796875 0.7302534515625 0.37431820625 0.7389783375000001 0.345963340625 0.71752976875 0.3341219984375 0.6991954890625001 0.3671054796875
2 0.31091541562499997 0.3915976046875 0.3093776953125 0.38046010625000004 0.2800684140625 0.35993299218749997 0.2587160671875 0.35497424375 0.2497025203125 0.3626813390625 0.271497121875 0.3795032140625 0.2806457421875 0.401228540625 0.2964245359375 0.4029328484375 0.31091541562499997 0.3915976046875
2 0.1526667234375 0.400908465625 0.18566580625 0.40857198749999996 0.2035393125 0.40194244375 0.195486159375 0.37949148906249996 0.15791276406250002 0.360965303125 0.14213397187500001 0.3592609953125 0.14113472656249998 0.3668692171875 0.1577018046875 0.3854171875 0.14893806874999999 0.3912222265625 0.1526667234375 0.400908465625
2 0.440450675 0.3648381078125 0.42432584687499997 0.358153265625 0.39490182812499997 0.3689606265625 0.3691676140625 0.3669044 0.360154065625 0.3746114921875 0.37831623593749997 0.38862972500000004 0.42759373125 0.3941934421875 0.4393940609375 0.3881135671875 0.440450675 0.3648381078125
2 0.111499746875 0.4021284625 0.11499710625 0.37549968749999996 0.094990034375 0.3679132546875 0.08159461875 0.37852286875 0.045655165625 0.3780167734375 0.037986896874999995 0.3830961859375 0.03558500625 0.408999328125 0.11617027656250001 0.4198737171875 0.118264990625 0.411539865625 0.111499746875 0.4021284625
2 0.6112988921875 0.9601948124999999 0.6554450875 0.974367215625 0.6672454140624999 0.9682873437499999 0.62519393125 0.9457810875 0.6112988921875 0.9601948124999999
2 0.6248680249999999 1 0.6119909546875 0.970155884375 0.5867563640625 0.9642955437499999 0.5797801578125 0.9793360265625 0.558716475 0.99502505 0.5801385859375 1 0.6248680249999999 1
2 0.7642053265625 0.9839445203125001 0.789689728125 0.9879028046875 0.8034885484375 0.9666064859375 0.7720845546875 0.9544132265625 0.7642053265625 0.9839445203125001
2 0.8825934656250001 0.9506761421875 0.9308143531249999 0.9795153203125 0.9366950890625001 0.96520046875 0.9801492203125 0.9694118015625 0.9868756140625001 0.9562733765625 0.97488284375 0.9485880671875 0.9564134984375 0.95213913125 0.9396928250000001 0.9423758046874999 0.9275464671875 0.94347514375 0.918283109375 0.9530842937499999 0.8945473859374999 0.935811621875 0.882497246875 0.943793553125 0.8825934656250001 0.9506761421875
2 0.6554007828125 0.6548655 0.5782555015625 0.6330295734375 0.5750653171875 0.6420890531250001 0.5884995890625 0.6540292671875 0.593170121875 0.6717745234375 0.6045670453125 0.6763813515625 0.6182122734375 0.6638696796875 0.6364318078125 0.662220671875 0.6580339703125 0.6652773671875 0.662608278125 0.6761400281250001 0.6783870703125 0.6778443359375 0.7016416921874999 0.6607040515625 0.6865161109375 0.6464109875 0.6775025640625 0.6541180828125001 0.6554007828125 0.6548655
2 0.77686436875 0.6438721171874999 0.8118045765625 0.651986434375 0.8165898453124999 0.6383972140624999 0.80872913125 0.6297114390624999 0.7968325843749999 0.628908721875 0.77895908125 0.6355382640625 0.77686436875 0.6438721171874999
2 0.8506843937499999 0.6453351046875 0.8681545015625 0.6493922624999999 0.8845865046875 0.6385078156249999 0.8752842953125001 0.625567134375 0.863637559375 0.6228623625 0.8510877984375 0.634648403125 0.8506843937499999 0.6453351046875
2 0.39117863124999996 0.656226278125 0.3557388 0.651916071875 0.3511071203125 0.656720646875 0.3678277875 0.666483971875 0.407399675 0.6697937140625 0.41825812500000004 0.6556548249999999 0.41014760156249996 0.6488711046875 0.39117863124999996 0.656226278125
2 0.3250083515625 0.6879009468749999 0.3650224953125 0.7030738171875 0.38458730937499996 0.6987971265625 0.3505501265625 0.6761919953125 0.3250083515625 0.6879009468749999
2 0.25975961875000003 0.6668677390625 0.27523123125 0.686141340625 0.28991455625 0.6885712796875 0.291816825 0.66647224375 0.25975961875000003 0.6668677390625
2 0.20961794843749998 0.6983446625 0.22514692812499998 0.701951025 0.2490936125 0.6947718140625 0.21963074218749998 0.6830293468749999 0.20961794843749998 0.6983446625
2 0.0788132953125 0.6738475375 0.0628809140625 0.6809278734374999 0.058345456250000004 0.6926150421874999 0.1336069859375 0.6983329359375 0.151038234375 0.679840265625 0.1303391015625 0.6622927578125 0.11907725 0.68711835 0.0788132953125 0.6738475375