2 0.1029017703125 0.46695079218749996 0.094696196875 0.450326446875 0.1180548140625 0.4522822515625 0.153604040625 0.44054741875000003 0.11705701406249999 0.4249009765625 0.10123463125000001 0.4307683921875 0.0622581546875 0.42881258593749993 0.053098153125000006 0.43956951875000005 0.0644025078125 0.45130435 0.043460937500000005 0.4640170828125 0.025890846875 0.4640170828125 0.0224511953125 0.47868562499999995 0.03294986875 0.4855309421875 0.0683627484375 0.4777077203125 0.08970095624999999 0.48161933125 0.1029017703125 0.46695079218749996
2 0.031666926562499996 0.8023714109375 0.0303840328125 0.8111725375000001 0.014467778125 0.8288584328124999 0.01468724375 0.8414316109375 0.038044215625 0.8434433234375 0.052664275 0.8160620484375001 0.0452643859375 0.8043272171875 0.031666926562499996 0.8023714109375
2 0.951193253125 0.74565305625 0.9141690125 0.7436972500000001 0.9128861125000001 0.7524983765625 0.9204905218749999 0.7583657890625 0.8985387515625 0.7720564296875 0.897584321875 0.7994377046875 0.9197282171875001 0.8082388265624999 0.9511002859375 0.8043272171875 0.9542672390625 0.797481896875 0.9467991765624999 0.7877028734375 0.9603408578125 0.7632553046874999 0.951193253125 0.74565305625
2 0.6618042015625 0.8708246000000001 0.6482067484375 0.8688687937499999 0.6071292921875 0.8991837765625 0.6006590328125 0.9167860265625001 0.607253240625 0.92363134375 0.6385571359375 0.9216755375 0.6479092546875 0.9334103703125001 0.689178834375 0.9255871499999999 0.7124011046875001 0.9314545656250001 0.723649684375 0.916786028125 0.6999625968750001 0.89625006875 0.725068928125 0.904073290625 0.731198315625 0.89625006875 0.772740590625 0.880603625 0.7934900390624999 0.8453991296875 0.8187327124999999 0.8493107390624999 0.8270188562499999 0.835620103125 0.82406881875 0.8082388281249999 0.7850923421875 0.8062830218749999 0.7760686906250001 0.8131283406250001 0.774444928125 0.8317084906250001 0.7302129140625 0.840509615625 0.7418457375 0.8708246000000001 0.720848390625 0.8571339625000001 0.693244440625 0.8649571828125 0.68401626875 0.87766991875 0.697136509375 0.8933163625 0.6922218390625 0.8942942640625 0.6618042015625 0.8708246000000001
2 0.3226673484375 0.6869788953125 0.2861079171875 0.699691628125 0.3395557046875 0.7065369484375 0.3438010359375 0.696757921875 0.3363329734375 0.6869788953125 0.3226673484375 0.6869788953125
2 0.4695744015625 0.644929078125 0.46930170625 0.6527523000000001 0.493602353125 0.655686009375 0.5018203234375 0.6439511765625 0.48250251874999994 0.6380837609375 0.4695744015625 0.644929078125
2 0.618241565625 0.5803875046875 0.60383843125 0.573542184375 0.567142653125 0.5901665281249999 0.5881399968750001 0.6038571687500001 0.5925092750000001 0.61852570625 0.6023386140625 0.6165699015625 0.605765865625 0.6302605406249999 0.6274449421875 0.6243931234375 0.632031140625 0.6048350703125001 0.6176961796875 0.596033946875 0.618241565625 0.5803875046875
2 0.7235381750000001 0.555939934375 0.7159337640625 0.5500725203125 0.7028692999999999 0.5608294500000001 0.7005762015625 0.570608475 0.708849946875 0.5852770171875 0.7240711640625 0.568652671875 0.7235381750000001 0.555939934375
2 0.8147043406250001 0.5168238296875 0.7967933828125 0.52660285625 0.7792914609375 0.52464705 0.7700632890625 0.5373597859375 0.7793472375 0.5510504218750001 0.769177034375 0.5627852515625 0.8066660953125 0.5794096 0.812262496875 0.5588736421875 0.822296353125 0.5510504203125 0.818800928125 0.5393155890625 0.83004950625 0.52464705 0.8147043406250001 0.5168238296875
2 0.8494478859375001 0.50019948125 0.9026911546875 0.5129122171875 0.9127250078125 0.5050889953125 0.9596467625 0.5031331906250001 0.9677965609375001 0.4933541640625 0.9449151562500001 0.477707721875 0.9173112078125 0.4855309421875 0.8769278890625 0.46792869374999996 0.8494478859375001 0.50019948125
2 1 0.4248500375 0.9956298312499999 0.422945171875 0.9793302359375 0.442503225 0.9585250125 0.45130435 0.9863892578125 0.4640170828125 1 0.4640170828125 1 0.4248500375
2 1 0.1388642296875 0.9822927140625 0.1334859765625 0.943700475 0.17651369374999998 0.9064717124999999 0.1804253046875 0.8866085203124999 0.1902043328125 0.859481784375 0.1843369171875 0.7961116890625 0.2381215625 0.8087671125 0.23909946718750003 0.82297813125 0.2234530234375 0.8507184265625 0.2117181921875 0.8879471890625 0.20780658125 0.899933278125 0.199983359375 0.9366848328125 0.20976238593750002 0.9420767140624999 0.19509384375 0.9591138156250001 0.1823811109375 1 0.17314509218750002 1 0.1388642296875
2 0.768972553125 0.2606133265625 0.771129309375 0.254745909375 0.7635248984375 0.24887849375 0.6972171671875 0.2469226875 0.6715654468750001 0.254745909375 0.6622009265625 0.2713702578125 0.6729041203125 0.2723481578125 0.687772071875 0.2938620171875 0.709178453125 0.295817821875 0.7222429203125 0.2850608921875 0.711006740625 0.27137025625 0.712425984375 0.258657521875 0.743798053125 0.254745909375 0.768972553125 0.2606133265625
2 0.603881846875 0.3202653875 0.6085919953125 0.325154903125 0.64184811875 0.3231990984375 0.6460934515625001 0.31342007031249997 0.612973675 0.311464265625 0.603881846875 0.3202653875
2 0.492933059375 0.338845540625 0.44648851718750004 0.3271107078125 0.4311309546875 0.3476466625 0.45926789375 0.352536178125 0.465329109375 0.3466687625 0.4907763078125 0.34471295625 0.492933059375 0.338845540625
2 0.4311309546875 0.3476466625 0.45926789375 0.352536178125 0.4907763078125 0.34471295625 0.492933059375 0.338845540625 0.44648851718750004 0.3271107078125 0.4311309546875 0.3476466625
2 0.4202914171875 0.35058037343750004 0.396796453125 0.3525361765625 0.371894640625 0.338845540625 0.3544484984375 0.36329310625 0.3767287390625 0.3681826203125 0.4121416203125 0.3603594 0.4202914171875 0.35058037343750004
2 0.2589812265625 0.38578486875 0.2964145078125 0.3760058421875 0.3026802484375 0.364271009375 0.283226096875 0.3623152046875 0.27185356875 0.352536178125 0.251048346875 0.3613373046875 0.26040046875 0.3730721359375 0.2589812265625 0.38578486875
2 0.271692421875 0.41316614375 0.246517921875 0.40729872812499995 0.22759675625 0.41805565624999996 0.24381577812500002 0.42881258593749993 0.26326993125000003 0.4307683921875 0.2722935859375 0.423923075 0.271692421875 0.41316614375
2 0.7060362578125 0.5539841296875 0.69856819375 0.544205103125 0.6888070296875 0.544205103125 0.669749521875 0.5588736421875 0.6893957953125 0.5833212109375 0.699361475 0.5774537937499999 0.7128225859375 0.5833212109375 0.7240711640625 0.568652671875 0.7234700015625 0.557895740625 0.717886 0.5500725203125 0.7060362578125 0.5539841296875
2 0.39129708750000003 0 0.390487378125 0.0014691171875000002 0.40663822656250004 0.01418185 0.42695088124999997 0 0.39129708750000003 0
2 0.075892846875 0.0376515140625 0.052875098437500004 0.0259166828125 0.0379947453125 0.032762003125 0.06370223750000001 0.051342153125 0.075892846875 0.0376515140625
2 0.19602017031250002 0.42783468593749996 0.2184367578125 0.42881258750000006 0.2314330484375 0.420011465625 0.23069554218750002 0.41316614375 0.2016847453125 0.405342921875 0.19602017031250002 0.42783468593749996