2 0.9847710578125 0.02568184375 0.8374621671875 0.016989109375 0.8290989546875001 0.0302333734375 0.8117727890624999 0.0234620609375 0.7479684875 0.053348684375 0.7435085499999999 0.066797384375 0.752789596875 0.07901116875 0.768323175 0.081779365625 0.7848110312500001 0.061142184375 0.8044864546875001 0.058263473437500005 0.826590659375 0.043784292187500004 0.8540726328125 0.0413144578125 0.8661800765625 0.032175528125000005 0.9287915296874999 0.031545628125 0.93713651875 0.042733079687499995 0.9288528296875 0.0540268953125 0.9375159140625 0.05741254999999999 0.9847710578125 0.02568184375
2 0.476422475 0.189631465625 0.5016347156250001 0.19486120468749998 0.5156937984375001 0.18582449375 0.5469200015625 0.1874599921875 0.5726889046875 0.17903659375 0.596029034375 0.18221366562500002 0.59995053125 0.1579863921875 0.6131530765625001 0.14597289687499998 0.630876865625 0.14299196875 0.6384630640625 0.12482047656249999 0.6585361046875 0.112189521875 0.65042968125 0.0951507296875 0.6200600109375001 0.09649201406249999 0.64686271875 0.0627127875 0.624379121875 0.0625124953125 0.603706340625 0.04188360625 0.586759565625 0.0497917640625 0.5858052875 0.07319714375 0.5680019781250001 0.0781285234375 0.5978945109375 0.08848992812499999 0.60795256875 0.105630940625 0.6096656375 0.11158450625 0.592162203125 0.133145803125 0.5627285859375 0.13551341875 0.5689993390625 0.101636121875 0.5588617546875 0.08644555468750001 0.5434077 0.081726909375 0.5342674749999999 0.090043940625 0.5263631828124999 0.11601722968749999 0.4892025390625 0.11602552343750001 0.4692885453125 0.124755578125 0.44196561718750005 0.1233245171875 0.43196886250000005 0.12866476875 0.42523919218749995 0.14981304374999999 0.40673839687499996 0.14786674375 0.40805384843750003 0.1635725484375 0.39383572187500004 0.176510153125 0.38617 0.196632096875 0.359085640625 0.189349690625 0.34650105937500003 0.2101913109375 0.31527485624999996 0.2085558109375 0.2791480140625 0.1832082765625 0.27008731406250003 0.1895748609375 0.2704667078125 0.20425433437499999 0.2820787921875 0.231249809375 0.298707475 0.2311434421875 0.309463025 0.255162134375 0.3523990546875 0.25741094375 0.3555253171875 0.25268815 0.34086649375 0.2284650203125 0.34618296718749997 0.21799310312500003 0.390911584375 0.22424502968749999 0.40154453125 0.20330119062500002 0.441054425 0.193642875 0.46236339062500004 0.1986681765625 0.476422475 0.189631465625
2 0.2016640296875 0.2368110828125 0.2183540140625 0.259185984375 0.21357598437499997 0.280436475 0.206546446875 0.2849548328125 0.18758673125 0.2702795078125 0.1739252640625 0.26956397656250003 0.16970389531250002 0.2771613328125 0.17788984375 0.29224968125 0.173668475 0.2998470375 0.18201347031249998 0.3110344859375 0.1898200203125 0.311443359375 0.2398038078125 0.2847421015625 0.24605634062499998 0.275296515625 0.2627645421875 0.273239703125 0.2566892796875 0.254352678125 0.24115570000000003 0.25158447968750003 0.224386196875 0.2311600296875 0.20877309375 0.2303422796875 0.2016640296875 0.2368110828125
2 0.0129797765625 0.33150040468749997 0.012423115625 0.3451535421875 0.017562317187500003 0.3630142328125 0.0409819703125 0.3642408578125 0.051376346875 0.3491483640625 0.12000175625000001 0.34492422500000003 0.12898293593750002 0.34050808906249996 0.129301028125 0.3327062953125 0.117450375 0.311562165625 0.101598703125 0.31659576093749997 0.08036926093749999 0.30962001093749997 0.062645471875 0.3126009390625 0.044365028125 0.32923500625 0.0129797765625 0.33150040468749997
2 0.0496251328125 0.0802972984375 0.050102270312499995 0.068594609375 0.06001950625 0.06520480625 0.0403010015625 0.0211705375 0.029924848437500002 0.01183131875 0.025005990625000002 0.012550995312499999 0.0238744484375 0.0642889859375 0.02612595625 0.0810211265625 0.038612795312499996 0.0865616671875 0.0496251328125 0.0802972984375
2 0.8421872406249999 0.38079468125 0.8242861906250001 0.41210822187499996 0.7974221781249999 0.42340618281250003 0.7971040859375 0.43120797499999997 0.8419122328125 0.435509453125 0.849480215625 0.4417696734375 0.8818197421875 0.4160988953125 0.8911803125000001 0.4263622296875 0.9028901390625 0.4269755421875 0.9423387312499999 0.3948359625 0.9258690984375001 0.3910414296875 0.8920550671875 0.4049072984375 0.8783936062500001 0.40419176874999996 0.8718412046875 0.39700743125 0.8732543984375001 0.3863310765625 0.8421872406249999 0.38079468125
2 0.6274342078124999 0.46727748125 0.60269910625 0.45034505312500006 0.59043261875 0.463384878125 0.57677115 0.4626693484375 0.5705981484375 0.47016448593750004 0.5966669234374999 0.47837100781249997 0.58627255 0.4934635015625 0.5907937890625 0.5024960640625 0.6189119484375001 0.4844226421875 0.6701316703125 0.4753776375 0.6977909109375 0.44457519375 0.6773384796874999 0.44252667187499994 0.669850021875 0.4343160046875 0.64899996875 0.4420197265625 0.6523465828125 0.45587730000000004 0.639144034375 0.46789079375 0.6274342078124999 0.46727748125
2 0.5087272625 0.5245850421875 0.494447834375 0.515041384375 0.4805477984375 0.5201771984375 0.48030922968749995 0.5260285421875001 0.49365260468749994 0.5345458671875 0.5087272625 0.5245850421875
2 0.4002738640625 0.5462692921875 0.391928871875 0.535081840625 0.3703018078125 0.5378583328125 0.36381071249999997 0.5531552625 0.38308852031249996 0.5600287953125 0.4002738640625 0.5462692921875
2 0.0203904140625 0.6534224453124999 0.0075883375 0.6521401890625 0.0076849203125 0.6604404749999999 0.0203904140625 0.6534224453124999
2 0.20856108906249998 0.61929924375 0.2286341296875 0.6066682921875 0.2440881859375 0.6113869375000001 0.2613530515625 0.595676984375 0.252769490625 0.5903408812500001 0.2352047484375 0.5894209125 0.223176828125 0.59660939375 0.19210967031249998 0.5910729984375 0.1878883046875 0.5986703546875 0.20075454062500003 0.61889036875 0.20856108906249998 0.61929924375
2 0.12555850625 0.6403618875 0.136570840625 0.634097521875 0.143061940625 0.6188005921874999 0.119103846875 0.606795390625 0.10277503750000001 0.6235316765625 0.056094778125 0.6171775328125 0.053745520312499996 0.6268275546875001 0.0610749328125 0.63893911875 0.10058482656250001 0.629280803125 0.12555850625 0.6403618875
2 0.03656188125 0.9523479859374999 0.0873044625 0.9550056703124999 0.107059409375 0.9501765125 0.11948494375 0.9332357890624999 0.13892179843750002 0.936208425 0.1421275859375 0.92953518125 0.128007203125 0.9160906296875 0.10068427499999999 0.91465956875 0.086545675 0.925646728125 0.043212028125 0.9331501578125 0.030945540625 0.946189984375 0.03656188125 0.9523479859374999
2 0.26776633125 0.8940914296875 0.26916130312500003 0.9078467874999999 0.292740003125 0.9051725140625001 0.298894790625 0.9221090890625 0.31146115 0.9256991843750001 0.319903884375 0.9105044718749999 0.342705575 0.9029029703125 0.34911715 0.8895564859375 0.28963195937499997 0.8854635937499999 0.2783197484375 0.875098040625 0.248329478125 0.8911187953124999 0.26776633125 0.8940914296875
2 0.5669964453125 0.7983508953125 0.6075832250000001 0.8102497281250001 0.631021096875 0.7870446375 0.567473584375 0.7866482046875001 0.5669964453125 0.7983508953125
2 0.7920709734375 0.7945024546874999 0.8076045515624999 0.797270653125 0.8267415328125001 0.78361336875 0.8161268093749999 0.7801254921874999 0.7920709734375 0.7945024546874999
2 0.7469447328125 0.7980027703125 0.759272525 0.8074442109375 0.7548921109375 0.8189424624999999 0.761205940625 0.831978140625 0.775583115625 0.8151396375 0.7960968515625 0.8396694218749999 0.8070296671875001 0.8353555015625 0.807745375 0.8178014703125 0.7954175859375 0.8083600296875 0.77207745625 0.8051829578125 0.7613219078125 0.781164265625 0.7485169765624999 0.78342551875 0.7469447328125 0.7980027703125
2 1 0.37132236406249997 0.9913864625000001 0.36710836874999997 0.9660946984375001 0.363829078125 0.95585936875 0.37502067499999997 0.9631092578124999 0.3890826875 1 0.38875843906249996 1 0.37132236406249997