2 0.550748690625 0.94491218125 0.5433698671875 0.9633227171875 0.5234327078125001 0.976550740625 0.5733429171875 0.9747788328125001 0.5672148671875 0.95018568125 0.550748690625 0.94491218125
2 0.6411974859375 0.9274578890624999 0.6063680687499999 0.914910675 0.5931843421874999 0.9312300062500001 0.5947971421875 0.9430037796875 0.617068221875 0.9503684859374999 0.6369485296875 0.9390951734374999 0.6411974859375 0.9274578890624999
2 0.62480613125 0.8859994500000001 0.61776843125 0.89268170625 0.657454221875 0.90632001875 0.687160971875 0.893319475 0.6935344125 0.8758635484375 0.687900065625 0.8679082062499999 0.6722687140625 0.867544234375 0.6522747015625 0.882726975 0.62480613125 0.8859994500000001
2 0.794758184375 0.857682128125 0.8200843015625001 0.8944585203125 0.8309729906250001 0.8898219671875 0.8347282421875001 0.8615468749999999 0.8056468703125 0.8530455781249999 0.794758184375 0.857682128125
2 1 0.770349984375 0.9938844046875 0.767450946875 0.9635702359374999 0.76772310625 0.9670801000000001 0.7814970921875 0.9796384375 0.7866796 1 0.7885152625 1 0.770349984375
2 0.9003446234375 0.823954 0.8654583499999999 0.8133615000000001 0.8427324468749999 0.8216345 0.849315321875 0.8305899437500001 0.87448885625 0.83900025 0.892130975 0.8374550062499999 0.9003446234375 0.823954
2 0.9411495078125001 0.8327282765625 0.9783308125 0.8316379968750001 0.9887257953124999 0.8103636375000001 0.9811375328124999 0.8023628 0.9461944093750001 0.7937250125 0.9195606640625 0.8019070156250001 0.9192763984375001 0.8116805843750001 0.9411495078125001 0.8327282765625
2 0.267289978125 0.6742469671875 0.2380949046875 0.6696550953125 0.22703565781249999 0.680155784375 0.2552253453125 0.6857022671874999 0.267289978125 0.6742469671875
2 0.35016848437500003 0.614561615625 0.3320715359375 0.6317445609375001 0.3544563203125 0.635199840625 0.38031209375 0.620153590625 0.3927746984375 0.5950153015625 0.38340307500000004 0.581104828125 0.3658178078125 0.5806953609375001 0.34866939218750004 0.598878415625 0.35016848437500003 0.614561615625
2 0.46089555937500004 0.572151015625 0.47406131093750004 0.5900619109374999 0.46366633281249997 0.6113362671875 0.48409719687499997 0.6147460515625001 0.50811275625 0.5957448796875 0.5258685875 0.590290209375 0.528049915625 0.582516853125 0.4816675453125 0.563832521875 0.46603619375000005 0.5634685515625 0.46089555937500004 0.572151015625
2 0.5606202390624999 0.5382863999999999 0.5556501640625 0.5411047296875 0.5568649921875 0.566561490625 0.5446297999999999 0.58388093125 0.55333715625 0.5870177328125 0.5770684484374999 0.5777901265625001 0.5984478453125 0.5822000125 0.6259732671875 0.5769728234375 0.628154603125 0.56919946875 0.582056496875 0.5407415734375001 0.5606202390624999 0.5382863999999999
2 0.0549591265625 0.7142917484375 0.0293685171875 0.7207550296874999 0.030148875000000002 0.7399063890625001 0.04031519375 0.74720339375 0.0661709609375 0.7321571437500001 0.068466 0.7204743625 0.0549591265625 0.7142917484375
2 0.1576702484375 0.3088496921875 0.16971691093750002 0.3316246171875 0.2086247265625 0.338398684375 0.210806053125 0.3306253296875 0.1764314625 0.30244041093749996 0.1576702484375 0.3088496921875
2 0.0384063765625 0.34225934375 0.06191025625 0.3408505890625 0.083062246875 0.35307932656249996 0.0908779203125 0.3532613140625 0.09305924843749999 0.34548795781249997 0.081847415625 0.3276225640625 0.0470179984375 0.31507535 0.038140084375 0.3178026859375 0.0384063765625 0.34225934375
2 0.3136217203125 0.25771194999999997 0.32031830625 0.26275796875 0.347730021875 0.26144020625 0.36459416875 0.253030715625 0.3659975265625 0.23839311875 0.3558479328125 0.2176184015625 0.3451866625 0.214436103125 0.34182938281249997 0.229028203125 0.3136217203125 0.25771194999999997
2 0.533331396875 0.1992566328125 0.51005493125 0.1928465375 0.5018981359375 0.2043928296875 0.4784511109375 0.203846871875 0.42719439687499994 0.2183016671875 0.43751455000000006 0.2332122453125 0.4331518859375 0.24875895625000002 0.49656896718750004 0.253169659375 0.49015665 0.2383500765625 0.502050721875 0.23275891249999997 0.5052942953125 0.2220762390625 0.5228227078125001 0.22444041874999998 0.533331396875 0.1992566328125
2 0.6745043140625 0.118434225 0.6666886390625 0.11825224062499999 0.64758630625 0.13638979843750001 0.649142253125 0.15011828124999999 0.6431099359375 0.155845934375 0.6497496640625 0.162846665625 0.6692888531250001 0.16330163125 0.6821883109375 0.1567558625 0.6895102796875 0.140300040625 0.680802925 0.13716323749999998 0.6745043140625 0.118434225
2 0.8289776062499999 0.11811902031249999 0.8488010593749999 0.10880042031249999 0.8529931625 0.0991178484375 0.864773528125 0.0974361140625 0.8712038156249999 0.0780254734375 0.8283881624999999 0.0711604140625 0.8256951546875 0.096526184375 0.7968411953125 0.0802060359375 0.7877927234375 0.088797509375 0.784151178125 0.11316317499999999 0.7096179984375001 0.121207875 0.7025802984375 0.12789013124999998 0.7304288703124999 0.145164890625 0.7424366484375 0.13566430625 0.793636509375 0.1231642234375 0.8036903656250001 0.1136181390625 0.8289776062499999 0.11811902031249999
2 0.87108095 0.418373003125 0.8641000999999999 0.4231005484375 0.8711198296875 0.450648515625 0.8667003140625 0.4681499359375 0.8890282468749999 0.4735599296875 0.9165536703124999 0.468332740625 0.925165290625 0.4411487453125 0.9056261015624999 0.4406937796875 0.8905064312500001 0.42273739218750006 0.87108095 0.418373003125
2 0.76060219375 0.5194704828125001 0.79209230625 0.5123795734375001 0.8350785203125 0.5133804953125 0.8451323828125 0.5038344140625 0.8239235390624999 0.4935603875 0.7730647984375 0.4943321921875 0.7611707265625001 0.49992335312499997 0.7361677578125 0.48564890937499994 0.7202521421875 0.495058503125 0.692783571875 0.498330978125 0.68367824375 0.508877165625 0.696122878125 0.5179690984375 0.7215806703125 0.516605840625 0.7327925046875 0.5344712359375 0.74451601875 0.5347442140625 0.76060219375 0.5194704828125001