0 0.46176126562500003 0.31738559843749997 0.444184621875 0.30764505781249996 0.44032261562499997 0.313094009375 0.44703176562499997 0.348036096875 0.4385353546875 0.3600237828125 0.41856068593750007 0.3684693453125 0.40811980468750003 0.38566763125 0.3989587515625 0.3788561328125 0.3794106953125 0.379298434375 0.3720324734375 0.3971098046875 0.378849384375 0.412162915625 0.40481468125 0.42980474218750003 0.42095428124999995 0.4218358875 0.42947763125 0.4048759546875 0.4367480921875 0.40695355781250003 0.448356621875 0.45718710937499996 0.46161771093750004 0.48535210937500006 0.444705709375 0.49441075312500005 0.443506696875 0.50350380625 0.461083340625 0.513244346875 0.4671278515625 0.5293872453125 0.49543729062499997 0.538787459375 0.4902190609375 0.511610278125 0.5017781359375 0.5002356781249999 0.500287215625 0.4924707703125 0.48271057031250003 0.482730228125 0.5011134968750001 0.481436490625 0.5161618453125 0.462671709375 0.53800459375 0.392379640625 0.527460378125 0.357914259375 0.5106830718750001 0.3421116796875 0.4966765234375 0.310064234375 0.4817898140625 0.29899555 0.46176126562500003 0.31738559843749997
2 0.33646142968750004 0.242526696875 0.33869781250000003 0.25417405937500004 0.371453078125 0.291841240625 0.38274718281250003 0.25863643125 0.36863287499999997 0.2464779609375 0.3622425734375 0.22342158906249998 0.3461837890625 0.21647371093749998 0.33646142968750004 0.242526696875
2 0.26562933593750004 0.0883514828125 0.2619020296875 0.0689392125 0.23593673124999998 0.0512973828125 0.2205964703125 0.0532042046875 0.232712428125 0.0805177625 0.25066180312499997 0.092199528125 0.25971509843749996 0.1189000015625 0.2860800640625 0.133510815625 0.2903956203125 0.11508635781250001 0.26562933593750004 0.0883514828125
2 0.0923332515625 0.5252921453125 0.0819731890625 0.5275737 0.0713212140625 0.5129972953124999 0.059708259374999996 0.5343163875 0.045513128125 0.5370746484375 0.056937501562500006 0.5505612625 0.076858290625 0.552060190625 0.0909726 0.5642186625 0.10170539687499999 0.5638783359375 0.10144042499999999 0.542048134375 0.0923332515625 0.5252921453125
2 0.033855146875 0.4252329375 0.02331093125 0.3907675546875 0.00667520625 0.3824223109375 0.007939 0.45482503437500005 0.017926637500000002 0.4649764875 0.041682490625 0.465998709375 0.046851265625 0.4315677296875 0.033855146875 0.4252329375
2 0.1947216015625 0.726227596875 0.15951442968750001 0.716691003125 0.155652428125 0.7221399546875 0.1620966046875 0.735251834375 0.1953323625 0.75497126875 0.20214927187499998 0.7700243796875 0.193253190625 0.7850430890625 0.21394638124999998 0.785452225 0.2288330921875 0.7965209093750001 0.223349890625 0.7475135234375 0.1947216015625 0.726227596875
2 0.285559728125 0.795432359375 0.3005272609375 0.7915843140625001 0.29155478437500004 0.74996710625 0.2784778484375 0.758549046875 0.2648934796875 0.790050978125 0.27240197187500004 0.818931034375 0.26313315937500004 0.8320085140625 0.2707224703125 0.845971834375 0.29407865312500003 0.8500250703125 0.2850792390625 0.8133801109375 0.285559728125 0.795432359375
2 0.32928139375 0.9311143109375 0.3459014859375 0.9051977062500001 0.3322407265625 0.8800637265625 0.31799171875 0.892766475 0.3132495515625 0.9191941874999999 0.3154859359375 0.93084155 0.32928139375 0.9311143109375
2 0.5752687984375 0.7296076375 0.5789961031249999 0.7490199093750001 0.5866662328125 0.7480664984375001 0.6036590546875 0.7240911171875 0.59207746875 0.6688853234375001 0.5582265234375 0.6919748593749999 0.5592369546875 0.7176875140625001 0.5752687984375 0.7296076375
2 0.8814451734375 0.524594484375 0.8922587859375 0.509337421875 0.895029540625 0.4930925484375 0.8897304937499999 0.4808321015625 0.8559334249999999 0.4939771484375 0.8581159312500001 0.5155690015625 0.8814451734375 0.524594484375
2 0.8351638453125 0.43693210000000005 0.8403326218749999 0.40250112656250003 0.83010725625 0.379921459375 0.8090952171874999 0.36762660468749997 0.8009715359375 0.3815555203125 0.8237125296875 0.42841772968749997 0.8351638453125 0.43693210000000005
2 0.7694735859375 0.2532981546875 0.7547979687499999 0.2740041640625 0.75815254375 0.29147520312499997 0.764277871875 0.2927013765625 0.7762096781250001 0.2832679984375 0.7694735859375 0.2532981546875
2 0.7446039718749999 0.1748996078125 0.72992835 0.19560561406250002 0.739035525 0.2123616015625 0.7489959171875 0.21311106249999998 0.7556556171875 0.1864449984375 0.7446039718749999 0.1748996078125
2 0.6420495546875 0.075350265625 0.6555261625 0.0637373109375 0.652144646875 0.0512385109375 0.6425569875 0.052430273437499994 0.632515771875 0.06659754375 0.63171643125 0.072659575 0.6420495546875 0.075350265625