2 0.244140625 0.11816406406249999 0.2412109359375 0.0625 0.234375 0.06542968593750001 0.2275390640625 0.0859375 0.2197265640625 0.078125 0.212890625 0.08300781406249999 0.220703125 0.10839843593750001 0.2109375 0.1396484359375 0.220703125 0.1474609359375 0.2412109359375 0.130859375 0.2490234359375 0.13671875 0.25390625 0.1318359359375 0.244140625 0.11816406406249999
2 0.208984375 0.032226564062500004 0.224609375 0.0146484359375 0.2197265640625 0 0.173828125 0.0009765640625 0.208984375 0.032226564062500004
2 0.0576171859375 0.66796875 0.036132814062500004 0.689453125 0.01953125 0.6904296859375 0.04296875 0.7294921859375 0.048828125 0.7138671859375 0.068359375 0.6943359359375 0.068359375 0.6787109359375 0.0576171859375 0.66796875
2 0.005859375 0.5712890640625 0.015625 0.5537109359375 0.0009765640625 0.54296875 0 0.5712890640625 0.005859375 0.5712890640625
2 0.0859375 0.8291015640625 0.08203125 0.8525390640625 0.087890625 0.8544921859375 0.115234375 0.8232421859375 0.11328125 0.8115234359375 0.10449218593750001 0.8046875 0.0859375 0.8291015640625
2 0.140625 0.9404296859375 0.146484375 0.9599609359375 0.13671875 0.9833984359375 0.173828125 0.9873046859375 0.17578125 0.9423828140625 0.1611328140625 0.943359375 0.1474609359375 0.9296875 0.140625 0.9404296859375
2 0.43359375 0.6513671859375 0.435546875 0.6298828140625 0.4267578140625 0.625 0.408203125 0.6533203140625 0.40234375 0.6806640640625 0.4208984359375 0.68359375 0.423828125 0.7021484359375 0.43359375 0.7041015640625 0.4541015640625 0.701171875 0.458984375 0.6826171859375 0.45703125 0.6728515640625 0.43359375 0.6513671859375
2 0.38671875 0.4423828140625 0.3798828140625 0.4375 0.3681640640625 0.44921875 0.3544921859375 0.4453125 0.333984375 0.4677734359375 0.3359375 0.4794921859375 0.3525390640625 0.486328125 0.357421875 0.5009765640625 0.36328125 0.5009765640625 0.3662109359375 0.49609375 0.3857421859375 0.5 0.392578125 0.4912109359375 0.38671875 0.4423828140625
2 0.30078125 0.3564453140625 0.296875 0.3876953140625 0.3125 0.3935546859375 0.330078125 0.3779296859375 0.330078125 0.3544921859375 0.3232421859375 0.34765625 0.30078125 0.3564453140625
2 0.892578125 0.9677734359375 0.900390625 0.9873046859375 0.9072265640625 0.994140625 0.931640625 0.9951171859375 0.94140625 0.9775390640625 0.9150390640625 0.96875 0.8974609359375 0.955078125 0.892578125 0.9677734359375
2 0.82421875 0.5966796859375 0.8154296859375 0.580078125 0.802734375 0.5947265640625 0.787109375 0.6474609359375 0.7919921859375 0.66015625 0.802734375 0.6591796859375 0.8251953140625 0.640625 0.837890625 0.6416015640625 0.82421875 0.6240234359375 0.82421875 0.5966796859375
2 0.76953125 0.5263671859375 0.783203125 0.5322265640625 0.779296875 0.4931640640625 0.7626953140625 0.482421875 0.75390625 0.5029296859375 0.76953125 0.5263671859375
2 0.615234375 0.010742185937499999 0.603515625 0.018554685937500003 0.603515625 0.0283203140625 0.6240234359375 0.0390625 0.625 0.0517578140625 0.630859375 0.0537109359375 0.6328125 0.020507814062499997 0.623046875 0.0009765640625 0.6142578140625 0 0.615234375 0.010742185937499999