2 0.923331475 0.112043809375 0.9389049390625 0.113315059375 0.947645109375 0.1022705859375 0.9677475671875 0.0960729171875 0.981592803125 0.08250568593749999 0.9776596296875001 0.05866877031249999 0.9561467609375001 0.046134587500000004 0.9475059437500001 0.067965275 0.9525514625 0.07817540625 0.9273439375000001 0.08689583437500001 0.9203915453124999 0.10004589687500001 0.923331475 0.112043809375
2 0.77220543125 0.1389005890625 0.7957643375 0.1623798859375 0.8298709390625 0.140668303125 0.7746288296875 0.13321944531250002 0.77220543125 0.1389005890625
2 0.7935791375 0.1171294546875 0.8028358296875 0.1237640359375 0.8304072078125 0.1220953578125 0.846298484375 0.1194732421875 0.85382695625 0.1112693421875 0.7998561 0.08824702031250001 0.7935791375 0.1171294546875
2 0.53010180625 0.17596782500000002 0.510634975 0.1743787609375 0.51015825625 0.180218809375 0.5181436984375 0.20242685625 0.5286716499999999 0.193487971875 0.567029234375 0.1917199359375 0.5609309234375 0.18240369218750002 0.53010180625 0.17596782500000002
2 0.37253989375 0.23365372031249998 0.3954233734375 0.24140064687499999 0.40910970312500006 0.2297800953125 0.40301138906249995 0.22046385000000002 0.38549124375 0.2190336953125 0.3742283125 0.22497310312500002 0.37253989375 0.23365372031249998
2 0.2951098 0.29396141249999996 0.3013272125 0.2778118734375 0.2903422890625 0.2563388078125 0.27313995625 0.25101528281249996 0.24819069374999997 0.26857523906249997 0.21851372656249998 0.27203169374999997 0.203456790625 0.2884394953125 0.22065912187499997 0.2937630203125 0.2571295765625 0.2791031859375 0.2951098 0.29396141249999996
2 0.1011576921875 0.605391546875 0.092258615625 0.618382703125 0.119512178125 0.620607390625 0.1399324484375 0.61051635625 0.17513165 0.6114299859375001 0.1920161765625 0.6206468765625 0.2057025046875 0.6090263265625 0.1991870234375 0.5928172359375 0.21781951562500002 0.5806206140625 0.1972998890625 0.5799254375 0.17687962031249999 0.5900164718750001 0.1403693640625 0.5811572046875 0.1288879734375 0.6017761859374999 0.1011576921875 0.605391546875
0 0.4903159875 0.7713945953125 0.474524065625 0.7848029203125 0.49667256406250004 0.789550365625 0.48682004843750004 0.8142216234375 0.4953417625 0.8178567250000001 0.51961559375 0.7845644 0.5411880109375 0.7843656859375 0.5527687546875 0.7745329140625 0.51178905 0.7604096703125001 0.5069024421874999 0.748252853125 0.49669230468750003 0.7532983703125 0.4812777453125 0.7500804375000001 0.47796045625000005 0.7547087875 0.4903159875 0.7713945953125
2 0.6158374046875 0.8061365 0.6275770515625 0.794357046875 0.5784928046875 0.7834915421875001 0.55386135625 0.7971581296875 0.5490145531249999 0.8085204156250001 0.5891003640625 0.8215908640625 0.5982577046875 0.817439234375 0.59247720625 0.8042296234374999 0.6158374046875 0.8061365
2 0.79838838125 0.7544097515625 0.8198018984375001 0.7561577203125001 0.8363288015625001 0.7457488734375 0.85668951875 0.7483907296875 0.8489623375 0.7350222125 0.8301311312499999 0.7256464171875 0.7951306406249999 0.74630520625 0.7714526296875001 0.748291696875 0.7500789218749999 0.7700628296875001 0.7826958203125 0.7786042875 0.79838838125 0.7544097515625
2 0.8082399328125 0.441669203125 0.8444323828125 0.4544218390625 0.86648151875 0.4483830765625 0.87853898125 0.43271025312500005 0.8583371703125 0.42812171406250005 0.8147156093750001 0.4343591875 0.8082399328125 0.441669203125
2 0.9287355749999999 0.429948975 0.9541020031249999 0.4192818640625 0.94979146875 0.4120712078125 0.9194390718750001 0.399795290625 0.9074411609374999 0.40273521875 0.9136983765625001 0.4101047828125 0.913102559375 0.44141061875 0.9177309046875 0.44472790937499995 0.9287355749999999 0.429948975
2 0.767439203125 0.48537037656250004 0.7720277421875 0.465168565625 0.7390334859375 0.47325336562500003 0.7322001921875 0.4609376421875 0.7244134578125 0.46030201562500006 0.7060987812499999 0.468605275 0.7056220625 0.4744453234375 0.71471985 0.48302658750000005 0.7346634 0.478775603125 0.767439203125 0.48537037656250004
2 0.1079521453125 0.8822574609375 0.1272998734375 0.9093123109375 0.14019167500000002 0.9074251796875 0.14199919375 0.8732787703125 0.126107915625 0.8759008859374999 0.11295785625000002 0.868948490625 0.1079521453125 0.8822574609375