2 0.11816406406249999 0 0.10546875 0.022460935937500003 0.080078125 0.041992185937499996 0.10253906406249999 0.05078125 0.11621093593750001 0.06640625 0.12890625 0.06542968593750001 0.142578125 0.032226564062500004 0.140625 0.0068359359375 0.1357421859375 0 0.11816406406249999 0
2 0.21484375 0.2333984359375 0.2001953140625 0.236328125 0.1865234359375 0.21875 0.18359375 0.2548828140625 0.19140625 0.2607421859375 0.19140625 0.2822265640625 0.197265625 0.2841796859375 0.2119140640625 0.26953125 0.2255859359375 0.271484375 0.232421875 0.2646484359375 0.21484375 0.2333984359375
2 0.4853515640625 0.970703125 0.47265625 0.9833984359375 0.47265625 0.9912109359375 0.4833984359375 1 0.51953125 0.9990234359375 0.51953125 0.9873046859375 0.5087890640625 0.984375 0.4990234359375 0.970703125 0.4853515640625 0.970703125
2 0.4541015640625 0.845703125 0.435546875 0.9111328140625 0.4501953140625 0.9140625 0.4580078140625 0.9296875 0.486328125 0.9423828140625 0.484375 0.8916015640625 0.4677734359375 0.884765625 0.45703125 0.8701171859375 0.4541015640625 0.845703125
2 0.166015625 0.8955078140625 0.171875 0.8955078140625 0.18359375 0.8798828140625 0.1767578140625 0.86328125 0.162109375 0.8740234359375 0.166015625 0.8955078140625
2 0.259765625 0.4091796859375 0.2890625 0.4228515640625 0.29296875 0.4130859359375 0.2822265640625 0.37109375 0.267578125 0.3857421859375 0.259765625 0.4091796859375
2 0.3984375 0.7587890640625 0.416015625 0.7705078140625 0.4296875 0.7529296859375 0.4033203140625 0.7265625 0.396484375 0.7392578140625 0.3984375 0.7587890640625
0 0.671875 0.6318359359375 0.685546875 0.6787109359375 0.685546875 0.6396484359375 0.69140625 0.6259765640625 0.6787109359375 0.6171875 0.671875 0.6318359359375
0 0.7353515640625 0.279296875 0.73046875 0.2802734359375 0.73046875 0.2978515640625 0.716796875 0.3037109359375 0.720703125 0.3330078140625 0.701171875 0.3642578140625 0.705078125 0.4072265640625 0.728515625 0.4189453140625 0.736328125 0.3662109359375 0.75 0.3349609359375 0.75 0.2958984359375 0.7353515640625 0.279296875
2 0.71484375 0.045898435937499996 0.7255859359375 0.048828125 0.7353515640625 0.037109375 0.763671875 0.024414064062499997 0.76171875 0.0009765640625 0.6337890640625 0 0.62890625 0.038085935937499996 0.6435546859375 0.037109375 0.646484375 0.0517578140625 0.654296875 0.0556640640625 0.6708984359375 0.033203125 0.6962890640625 0.015625 0.70703125 0.022460935937500003 0.71484375 0.045898435937499996
2 0.9375 0.3134765640625 0.95703125 0.3017578140625 0.9521484359375 0.25 0.93359375 0.2744140640625 0.9375 0.3134765640625
2 0.970703125 0.3974609359375 0.978515625 0.3837890640625 0.9677734359375 0.37890625 0.9453125 0.3916015640625 0.9453125 0.4072265640625 0.9609375 0.4287109359375 0.962890625 0.4482421859375 0.97265625 0.4541015640625 0.990234375 0.4365234359375 0.990234375 0.4287109359375 0.9765625 0.4208984359375 0.970703125 0.3974609359375