0 0.482421875 0.4541015640625 0.5009765640625 0.455078125 0.51953125 0.4384765640625 0.5546875 0.3720703140625 0.55078125 0.3369140640625 0.537109375 0.3193359359375 0.529296875 0.2861328140625 0.5166015640625 0.2734375 0.4931640640625 0.2890625 0.4775390640625 0.27734375 0.47265625 0.2822265640625 0.47265625 0.3173828140625 0.4619140640625 0.328125 0.4404296859375 0.333984375 0.4267578140625 0.349609375 0.4189453140625 0.341796875 0.3994140640625 0.33984375 0.388671875 0.3564453140625 0.392578125 0.3720703140625 0.4150390640625 0.392578125 0.4326171859375 0.38671875 0.4443359359375 0.37109375 0.451171875 0.3740234359375 0.453125 0.4248046859375 0.4609375 0.4541015640625 0.4423828140625 0.4609375 0.439453125 0.4697265640625 0.455078125 0.4814453140625 0.4580078140625 0.498046875 0.484375 0.5107421859375 0.484375 0.4833984359375 0.498046875 0.4736328140625 0.498046875 0.4658203140625 0.482421875 0.4541015640625
2 0.3974609359375 0.17578125 0.3828125 0.2001953140625 0.3828125 0.2119140640625 0.408203125 0.2529296859375 0.42578125 0.2216796859375 0.4140625 0.2080078140625 0.412109375 0.1845703140625 0.3974609359375 0.17578125
2 0.3037109359375 0 0.310546875 0.0283203140625 0.326171875 0.041992185937499996 0.330078125 0.06933593593750001 0.353515625 0.08691406406249999 0.361328125 0.06933593593750001 0.341796875 0.040039064062500004 0.341796875 0.020507814062499997 0.3193359359375 0 0.3037109359375 0
2 0.06738281406249999 0.43359375 0.0517578140625 0.453125 0.037109375 0.4541015640625 0.045898435937499996 0.46875 0.06542968593750001 0.47265625 0.07714843593750001 0.486328125 0.087890625 0.4873046859375 0.091796875 0.4658203140625 0.0859375 0.4482421859375 0.07519531406249999 0.44921875 0.06738281406249999 0.43359375
2 0.024414064062499997 0.294921875 0 0.3193359359375 0.017578125 0.3447265640625 0.013671875 0.3662109359375 0.0234375 0.3798828140625 0.046875 0.3837890640625 0.05859375 0.3505859359375 0.046875 0.3427734359375 0.04296875 0.3076171859375 0.024414064062499997 0.294921875
2 0.111328125 0.6494140640625 0.115234375 0.6630859359375 0.14453125 0.6865234359375 0.1484375 0.7021484359375 0.13671875 0.7158203140625 0.1572265640625 0.71875 0.169921875 0.7314453140625 0.173828125 0.6826171859375 0.1494140640625 0.658203125 0.11621093593750001 0.64453125 0.111328125 0.6494140640625
2 0.2412109359375 0.693359375 0.2265625 0.7001953140625 0.20703125 0.7294921859375 0.208984375 0.7587890640625 0.197265625 0.7705078140625 0.2021484359375 0.78515625 0.224609375 0.7919921859375 0.22265625 0.7548828140625 0.2265625 0.7373046859375 0.2421875 0.7353515640625 0.2412109359375 0.693359375
2 0.23046875 0.8623046859375 0.23046875 0.8740234359375 0.244140625 0.8759765640625 0.265625 0.8525390640625 0.2568359359375 0.826171875 0.240234375 0.8369140640625 0.23046875 0.8623046859375
2 0.513671875 0.6943359359375 0.52734375 0.7080078140625 0.52734375 0.7275390640625 0.53515625 0.7275390640625 0.556640625 0.7060546859375 0.5556640640625 0.650390625 0.517578125 0.6689453140625 0.513671875 0.6943359359375
2 0.8515625 0.5107421859375 0.849609375 0.5322265640625 0.87109375 0.5439453140625 0.884765625 0.5302734359375 0.890625 0.5146484359375 0.8876953140625 0.501953125 0.8515625 0.5107421859375
2 0.818359375 0.3935546859375 0.83203125 0.4423828140625 0.841796875 0.4521484359375 0.853515625 0.4189453140625 0.84765625 0.3955078140625 0.8291015640625 0.380859375 0.818359375 0.3935546859375
2 0.79296875 0.2998046859375 0.798828125 0.3017578140625 0.8125 0.2939453140625 0.8115234359375 0.263671875 0.79296875 0.2822265640625 0.79296875 0.2998046859375
2 0.7890625 0.2197265640625 0.798828125 0.2216796859375 0.810546875 0.1962890640625 0.8017578140625 0.18359375 0.783203125 0.2021484359375 0.7890625 0.2197265640625
2 0.7109375 0.06347656406249999 0.708984375 0.06933593593750001 0.71875 0.07324218593750001 0.734375 0.06347656406249999 0.7333984359375 0.05078125 0.7236328140625 0.05078125 0.7109375 0.06347656406249999
2 0.951171875 0.7998046859375 0.962890625 0.7998046859375 0.97265625 0.7939453140625 0.970703125 0.7802734359375 0.9423828140625 0.7734375 0.951171875 0.7998046859375
2 0.9765625 0.9287109359375 0.9794921859375 0.9140625 0.9638671859375 0.9296875 0.94921875 0.9345703140625 0.94921875 0.9423828140625 0.9765625 0.9775390640625 1 0.9443359359375 0.9990234359375 0.927734375 0.9873046859375 0.93359375 0.9765625 0.9287109359375