2 0.6967959171875 0.0742171265625 0.666258084375 0.0844736109375 0.6591875703125 0.095820990625 0.682115709375 0.103697859375 0.6737161921875 0.1247135140625 0.7006808734375001 0.134724034375 0.7159993171875 0.16073425624999998 0.7283974796875 0.15644556874999999 0.7408714328125 0.1229702578125 0.8192590515625 0.11396510468750001 0.8166768359375001 0.10411502187499999 0.798199096875 0.0896339953125 0.805269609375 0.07828661406250001 0.8018975718749999 0.071318828125 0.6967959171875 0.0742171265625
2 0.33437846250000003 0.199428575 0.34777919218750003 0.2107545765625 0.3410846421875 0.2279574609375 0.3623078140625 0.2396470953125 0.38057280625 0.23563113593749999 0.37461855312500003 0.21881326093750003 0.4009566265625 0.21906460156250002 0.3824788890625 0.20458357968750002 0.39362383749999996 0.1807765359375 0.36050379062500004 0.1811829328125 0.342527334375 0.17450925 0.33441635625 0.18483525781250001 0.33437846250000003 0.199428575
2 0.4983757921875 0.1116976390625 0.47295286562500005 0.11051583125 0.4363849828125 0.1331410703125 0.4375128734375 0.1507075875 0.42091495312499994 0.1655041 0.42570342187500004 0.17934876875 0.41418250624999997 0.197300303125 0.42691873593749996 0.21346043906249998 0.44464455 0.2162304484375 0.4601145765625 0.183867415625 0.5027620328125 0.1800118875 0.51112365625 0.17358954843750002 0.5033391125 0.158632603125 0.5363338390625 0.15627437187499998 0.5407842406250001 0.1496702203125 0.519310425 0.1340769140625 0.507576765625 0.133531465625 0.50969559375 0.1209808953125 0.4983757921875 0.1116976390625
2 0.152165665625 0.3223139359375 0.136182715625 0.3011378484375 0.10713710624999999 0.289084584375 0.10509407343749999 0.2724485234375 0.0896998359375 0.27562493125 0.0598643984375 0.266453965625 0.058786039062499996 0.28002590625 0.08438381874999999 0.3142980109375 0.1337753515625 0.32437805937499997 0.152165665625 0.3223139359375
2 0.16148032968749998 0.30036781874999996 0.1952269796875 0.3097206015625 0.21557290624999997 0.30774738125 0.198800134375 0.2894535984375 0.215523375 0.27660891875 0.215022090625 0.268801575 0.20590854531249997 0.2635129015625 0.1692532359375 0.2695929875 0.1562663640625 0.24952918125 0.1350927234375 0.2689780109375 0.1367597953125 0.2797585625 0.16148032968749998 0.30036781874999996
2 0.3616489484375 0.5937902953124999 0.3848656265625 0.590977521875 0.4094608359375 0.6096349421875 0.44961350468749994 0.61247448125 0.42464233125 0.587961553125 0.44124025 0.5731650421875 0.43944785937499997 0.560432653125 0.40058630156249997 0.5625181609375 0.38052891718750004 0.5538017359375 0.35976913125 0.564512759375 0.34941400312500004 0.585437503125 0.3616489484375 0.5937902953124999
2 0.25909161406250003 0.6211319937499999 0.2816816875 0.6085600453125 0.245064275 0.6000468171875 0.2106152234375 0.6101214828125 0.1822341125 0.5932340828125 0.160521290625 0.619468884375 0.15111920625 0.62486985 0.12153441093749999 0.61960255625 0.11121718124999999 0.6259339828125 0.11105396249999999 0.6385754625 0.089416934375 0.6356236375 0.0845526703125 0.6509655984375 0.10785677499999999 0.6646979734375 0.109360628125 0.6881200015625 0.12850287031250002 0.6977668921875 0.154339659375 0.690210890625 0.1510055171875 0.6686497921875 0.1629023921875 0.6565537625 0.2004349484375 0.6641365265625 0.21715818750000002 0.65129185 0.2406255078125 0.6523827484375 0.2693330546875 0.64398719375 0.271953165625 0.6392439671875 0.25909161406250003 0.6211319937499999
2 0.5835626578124999 0.49707559218749997 0.5829855765625 0.5184548765625 0.5719164203125 0.5130752937499999 0.57469975 0.49569058593750004 0.5576384390625 0.48808644218749997 0.5380444437499999 0.501770671875 0.526899496875 0.525577715625 0.5336056765625 0.5541066078125 0.5489620203125 0.5655235140625 0.5596552124999999 0.5650475875 0.55944246875 0.5465506062500001 0.6253066015625001 0.53988230625 0.650980171875 0.544967784375 0.6555558953125 0.540315465625 0.6466055640625 0.5223853093749999 0.6490129312499999 0.49914509687499997 0.63573751875 0.48977093437499997 0.6089855843749999 0.49825739843749994 0.5835626578124999 0.49707559218749997
2 0.7726564812500001 0.43580941875 0.758340609375 0.4254138828125 0.733042996875 0.4261839125 0.7223119062500001 0.4412531484375 0.7062531671875 0.44926369062499993 0.70596463125 0.4599533328125 0.7276890859375 0.47945030624999996 0.7268613671875 0.49692592187500007 0.734144625 0.5040755234375001 0.7598182 0.509161003125 0.772128934375 0.488327165625 0.7954709328125 0.4874662296875 0.8093234218750001 0.47546110781250006 0.8017020953125 0.44786268281249997 0.8141002593750001 0.4435739984375 0.81817469375 0.4311143390625 0.797452809375 0.42723204687500005 0.7726564812500001 0.43580941875
2 1 0.38221470156250004 0.98193301875 0.38521150625 0.9734839718750001 0.3750886953125 0.95209758125 0.376040540625 0.9454788265625 0.364056803125 0.9357007734374999 0.3636022609375 0.9170219218750001 0.376356028125 0.8992961140625001 0.37358601875 0.8971772843749999 0.3861365875 0.8675545953125001 0.3954626078125 0.8645206234374999 0.408943640625 0.9499903906249999 0.43432288750000003 0.9486234890624999 0.4585844703125 0.9559067484374999 0.465734075 0.989152115625 0.4672795140625 1 0.45417241875 1 0.38221470156250004
2 0.7931712625 0.7705037875 0.820887871875 0.792225325 0.8389896421874999 0.800850840625 0.8594608875 0.8008294578124999 0.8446437281250001 0.7826265828125 0.860702465625 0.7746160390625 0.8620314734375001 0.7649477703125 0.8186320890625 0.75709228125 0.7959924859374999 0.7385257703125 0.789335834375 0.7411353468749999 0.78746765 0.7575895859374999 0.7931712625 0.7705037875
2 1 0.6816986734375 0.9970706187499999 0.6817087171875 0.98646485 0.6987297906250001 0.9629975296875 0.6976388906250001 0.9437794953124999 0.7171786328125 0.943365634375 0.7259164359375 0.976911175 0.7625040109375 1 0.769230615625 1 0.6816986734375
2 0.5365462265625001 0.8276577109375 0.52219245625 0.8318554875 0.5218281265625 0.8717317578125 0.5365199625 0.8879828015625 0.5560760625000001 0.8888918828125 0.5657666890625 0.8728012734374999 0.5581453625 0.8452028484375 0.5365462265625001 0.8276577109375
2 0.30069260781249996 0.9198323859374999 0.3404314140625 0.931409728125 0.36065201875 0.9274846765625 0.34782836562499997 0.894779390625 0.30991984375000003 0.88134111875 0.3014329046875 0.885811625 0.30069260781249996 0.9198323859374999
2 0.652679146875 0.8447323093750001 0.675895825 0.8419195359374999 0.6876673796875 0.8278716703125 0.666068246875 0.81032653125 0.6465121453125 0.80941745 0.6163123781250001 0.8401227515624999 0.614820159375 0.8624325031250001 0.621313590625 0.8724644046875 0.6290107093749999 0.870876203125 0.652679146875 0.8447323093750001
2 0.410495309375 0.9142336046875 0.4378359515625 0.9300996296875 0.44856704062499997 0.9150303937500001 0.46658139375 0.9071107609375 0.4636232140625 0.891405165625 0.48567410312500003 0.8856191875 0.4898738625 0.8751113640625 0.45812071562499995 0.851256175 0.4247500203125 0.8477588984375 0.4144327921875 0.8540903265625 0.40441572968750006 0.8954638921875 0.410495309375 0.9142336046875
2 0.14863005 0.9808739781250001 0.1529172328125 0.9869113 0.17783888125 0.9802857656249999 0.1827031390625 0.9649438046875 0.21790411875000001 0.9665801515625001 0.2115739015625 0.9439067718749999 0.2243859234375 0.9308802765624999 0.22288206875 0.9074582484375 0.21206355625 0.9059823375 0.156854715625 0.9267680265625 0.146499590625 0.9476927703125 0.0783968125 0.9604005765625001 0.0809230796875 0.99134863125 0.0908389984375 0.9918095812500001 0.08892128437499999 0.9771253609375 0.09557793906249999 0.9745157859375 0.14863005 0.9808739781250001