2 0.2925019484375 0.3610904890625 0.2897839203125 0.3414923453125 0.27100549375 0.3126298890625 0.262747475 0.2699078546875 0.246891928125 0.26562513593750003 0.22656959531249998 0.2922166734375 0.24724664999999998 0.3207508984375 0.23954820156249998 0.33813622187500003 0.24231819687499997 0.3496981671875 0.268024621875 0.3703391109375 0.281058209375 0.3710960828125 0.2925019484375 0.3610904890625
2 0.31593995937499997 0.5125658 0.32615158437499997 0.509797025 0.330257621875 0.498049759375 0.3491919484375 0.5028036265625 0.3476540640625 0.48400486249999997 0.36053476875 0.47174404687499993 0.3577647734375 0.4601821015625 0.323950203125 0.4469632953125 0.316560534375 0.45325781875000004 0.3216388578125 0.4744547234375 0.314506009375 0.4776946421875 0.315377375 0.48958482031250006 0.3062939296875 0.501189175 0.31593995937499997 0.5125658
2 0.5186104921875 0.7354025515625 0.5206130531250001 0.7190019249999999 0.5116335390625 0.7145338875 0.5034274875 0.66377565625 0.49414220625 0.633272034375 0.48634284218749996 0.6296033703125 0.48295226874999997 0.6773494015625 0.4646844609375 0.679504121875 0.4671976421875 0.6941206703125 0.48084577656249994 0.7098224203125 0.48356380625 0.7294205640625 0.49654542968750004 0.738213734375 0.5186104921875 0.7354025515625
2 0.5781254640625 0.843515059375 0.5821245578124999 0.8849665640625 0.5920793703125 0.8852523937500001 0.5945435953125 0.8707787546875 0.609322928125 0.8581897078124999 0.60542475 0.8377921859375 0.5817178703125 0.8378769984375 0.5781254640625 0.843515059375
2 0.6597574671875 0.9407801843750001 0.6446723703125 0.9273336531249999 0.6451829859375 0.9583508265624999 0.65652279375 0.9644176265625 0.6554435640625 0.9846722343750001 0.657290228125 0.9923801984375 0.6629861140625 0.9913955 0.6773037796875 0.9768794578125 0.6765883109375 0.9408806890625 0.6597574671875 0.9407801843750001
2 0.274449603125 1 0.2799307703125 0.9853727703124999 0.2632558234375 0.9611636765625 0.255866159375 0.9674582015625001 0.2564287453125 0.990439178125 0.2376473046875 0.9987031015625 0.23888881562500003 1 0.274449603125 1
2 0.2760740546875 1 0.2803924375 0.9872997640625 0.25786872031249997 0.9510575749999999 0.26187384062499997 0.9182563234375 0.24699359062499998 0.9097913859375 0.23816696406250001 0.9183411375 0.23082625 0.9537258421875 0.22317976874999998 0.9630749703125 0.23472442500000001 0.9741233640625 0.2529922328125 0.9719686484375 0.254325265625 0.985785815625 0.2376473046875 0.9987031015625 0.238685325 1 0.2760740546875 1
2 0.20517781406250002 0.8507959453125 0.173515675 0.8713206843749999 0.1865462484375 0.9092040375 0.19603939374999999 0.9075628734375 0.2143102140625 0.868281775 0.20517781406250002 0.8507959453125
2 0.1481760234375 0.757299990625 0.12442019062500001 0.7282946171875 0.1174921921875 0.7365161312499999 0.1290858015625 0.7766547109374999 0.11989842656250001 0.8043314531249999 0.1271841609375 0.8141093234375001 0.1335985296875 0.8119970140625 0.1597696328125 0.7974385640625 0.148020125 0.781408578125 0.1481760234375 0.757299990625
2 0.044426990625 0.6708822421875 0.05042864375 0.695933121875 0.07049115 0.709522565625 0.07690551718750001 0.7074102546875001 0.0661832734375 0.679161859375 0.0719830921875 0.6621047671875 0.0499180234375 0.6649159499999999 0.044426990625 0.6708822421875
2 0.9377977765625 0.6528999015625 0.9350797468750001 0.633301759375 0.9135283140625001 0.630003734375 0.9058818296875 0.6393528640625 0.8874611390625 0.6284897890625001 0.881970103125 0.6344560828125 0.8987459687499999 0.6797191671875 0.9249140578124999 0.7022870984375 0.93748598125 0.7011170812499999 0.9505225796874999 0.6647476703125 0.9377977765625 0.6528999015625
2 0.8348222015625 0.5201919625 0.856939234375 0.509344584375 0.8577616453125 0.492144578125 0.8120416703125001 0.48700437812499997 0.8055753343750001 0.497152884375 0.8111672890625 0.512240578125 0.8348222015625 0.5201919625
2 0.710301221875 0.3099332453125 0.7003953640625 0.3387376015625 0.709374878125 0.3432056453125 0.71496683125 0.3582933390625 0.7287189 0.357922696875 0.7340570515625 0.33893861875 0.71799665625 0.3296743015625 0.7176389203125 0.31167491406250003 0.710301221875 0.3099332453125
2 0.6320048093749999 0.210084659375 0.6460656578124999 0.1986232234375 0.6449374796875 0.1897876484375 0.6201024203125 0.181036884375 0.6064512703125 0.2024615078125 0.61517396875 0.2099841546875 0.6320048093749999 0.210084659375
2 0.521232884375 0.0365816828125 0.49496086093749997 0.03008614375 0.5006537359375 0.066227828125 0.51343050625 0.0700393984375 0.5249262109374999 0.05199761093750001 0.521232884375 0.0365816828125