2 0.344034778125 0.776914265625 0.34980005625 0.7620067734375 0.3611634453125 0.7643765499999999 0.349495409375 0.7750324625 0.3615637859375 0.7785561249999999 0.37045365937499997 0.7552384796875 0.36124702656249996 0.7482841671875 0.3403305625 0.760031959375 0.325179378125 0.75687225625 0.324390809375 0.771810753125 0.32958858125 0.7749084453124999 0.344034778125 0.776914265625
2 0.3146154609375 0.46368572031250005 0.3218325046875 0.4430398015625 0.318916859375 0.411219 0.2760203984375 0.41133492968749996 0.27849391093750003 0.4370223484375 0.298759290625 0.45937212968749996 0.3146154609375 0.46368572031250005
2 0.2537751203125 0 0.245871865625 0.010357203125 0.244378309375 0.024141812500000002 0.25116533125 0.0406601625 0.286802959375 0.0692363375 0.306876946875 0.0371755890625 0.316282021875 0 0.2537751203125 0
2 0.323788178125 0.979098909375 0.35787834375 0.986208240625 0.3584458484375 0.9682030546875 0.3766259375 0.9357473437499999 0.3662721828125 0.9215057609375 0.36587184375000004 0.9073261828125 0.382074453125 0.890567890625 0.3888075734375 0.8718347812499999 0.3838726578125 0.8637575890625 0.35171818125 0.8489970296875 0.3282028328125 0.8591959703125 0.32005973593750003 0.8756213109375001 0.33935726875 0.9017967015625 0.323788178125 0.979098909375
2 0.29103955 0.2573964265625 0.269197034375 0.264923640625 0.2695973765625 0.27910321250000003 0.28814813125 0.312170915625 0.30400430312500004 0.3164845046875 0.2836135546875 0.31827329375 0.2697051828125 0.34960612812499997 0.26988445781250003 0.360719009375 0.283846734375 0.3646376359375 0.3077624203125 0.368618265625 0.3232182546875 0.358752278125 0.34297548125 0.296419575 0.33566274375 0.2898602234375 0.3218797453125 0.29705448125 0.31883872812499997 0.2893722484375 0.3409319859375 0.23356788750000002 0.3398684453125 0.2101882390625 0.31657416562499996 0.2234538734375 0.304284725 0.21686351875 0.298340171875 0.22065812812500002 0.29103955 0.2573964265625
2 0.300181378125 0.5049775484375 0.298687821875 0.5187621578125 0.31278757968750004 0.54183985625 0.3064548015625 0.5747525421875 0.29456570000000004 0.582341759375 0.2914950046875 0.626003365625 0.2973141828125 0.646347328125 0.306562609375 0.64525545 0.3158946171875 0.62807119375 0.328626190625 0.6407949312500001 0.3296479375 0.6722207734375 0.3470933609375 0.6899550109375 0.35995030781250004 0.67854018125 0.37398405 0.6230687734375 0.352487975 0.6095241078125 0.3387467625 0.6086721734375 0.3244677296875 0.5744815937500001 0.32930695 0.5553535234375 0.3435738734375 0.5462464578125 0.3503069921875 0.5275133515625 0.3456767234375 0.5064104671874999 0.35245163281249997 0.47963116875 0.34324500156250004 0.472676853125 0.300181378125 0.5049775484375
2 0.6650944265625001 0.6072567609374999 0.6946796953125001 0.5691246359375 0.6933533 0.5507244859375 0.7053259828125 0.52704288125 0.7080502375 0.50445315625 0.6964239937500001 0.50706288125 0.66476555 0.533687159375 0.6496143640625001 0.53052745625 0.6412919953125 0.5358399125 0.645217278125 0.555788909375 0.6629255578125 0.568543653125 0.660380575 0.602246259375 0.6650944265625001 0.6072567609374999
2 0.63197634375 0.1392067765625 0.641887965625 0.147314971875 0.6506524671875 0.148135903125 0.659942684375 0.1389978328125 0.6620037453125 0.10720803125 0.6867915828125 0.0801577859375 0.69818465 0.031183726562500003 0.6705768578125 0.053618432812500005 0.6612327375 0.027505045312499997 0.648680440625 0.025894192187499998 0.6437158468749999 0.0691608359375 0.6284392890625 0.0901397046875 0.641129075 0.11090963125 0.63197634375 0.1392067765625
2 0.656688471875 0.6286616 0.6437600609375 0.6994664609375 0.6486531875 0.7155898484375001 0.6668453875 0.726431784375 0.6611219015625001 0.7332930875 0.66676180625 0.7425241671875 0.6567248125 0.7585545390624999 0.668972465625 0.773191084375 0.6720673859375 0.8161247734374999 0.6798222546875 0.8288175062500001 0.6874396359375 0.8223511671875 0.69118564375 0.8311872843750001 0.6969091281249999 0.82432598125 0.6985401687499999 0.8297004453125 0.6779404687499999 0.8717201890625 0.6745530125 0.8851098421874999 0.6814654078125 0.8774896156249999 0.6811607609375 0.89051530625 0.6951109234375 0.8511362828125 0.714796684375 0.8481936078125001 0.7284004093750001 0.8298864640625 0.691657453125 0.7859768296875 0.7013358953125 0.7477206890625 0.6871943453125 0.7326891796874999 0.6968727890624999 0.6944330390625 0.68087913125 0.6709603765625001 0.68910580625 0.6384426624999999 0.6817930718749999 0.631883309375 0.6647062 0.6363748359375 0.656688471875 0.6286616
2 0.688638240625 0.2265380734375 0.6710674437499999 0.2329424046875 0.6635754328125001 0.215270171875 0.651423471875 0.2278388921875 0.6431967968750001 0.260356609375 0.6487949109375 0.27763387968750003 0.6449235328125 0.2929363359375 0.6301726875 0.303956209375 0.6220295921875 0.32038154531249996 0.6278905609375001 0.33267931875 0.6427788921875 0.34081851875 0.6343850515625 0.40552100468749996 0.641835271875 0.43123942968750006 0.6569446671875 0.442445321875 0.6785661140625 0.431851415625 0.7039335703125 0.43009362656250005 0.71348664375 0.41597605781249997 0.711718115625 0.39144252343749997 0.7174833921875 0.37653502968749997 0.7130324 0.3665450296875 0.6905684765625 0.35682597656250004 0.6978691 0.320087678125 0.6879992671874999 0.3039332921875 0.6986455546875 0.2618515375 0.696434896875 0.231184615625 0.688638240625 0.2265380734375
2 0.69311588125 0.9614751890625 0.69488440625 0.9860087249999999 0.6913307046875 0.995740896875 0.709295725 0.9956363796875 0.7071738484375001 0.992599078125 0.7167687109374999 0.9704353203125 0.6991022203124999 0.9496343859374999 0.69311588125 0.9614751890625
2 0.9713856640625 0.5432606171875001 0.963063290625 0.54857306875 0.9582240703125 0.5677011390625 0.9676935609375 0.569675953125 0.9772884234375001 0.5475121953125 0.9713856640625 0.5432606171875001
2 0.9698085234375 0.573137609375 0.9500391828125 0.5921726703125 0.9485456265625001 0.6059572796875 0.9561212187500001 0.60753713125 0.9642225234374999 0.5991579875 0.9698085234375 0.573137609375
2 0.96274653125 0.518301115625 0.9783817640624999 0.5247316625 0.980212428125 0.4798039703125 0.96274653125 0.518301115625
2 0.965726984375 0.3094951125 0.988865778125 0.2674355328125 0.9900083796875 0.2393941140625 0.9855260031249999 0.2391162125 0.9364342484374999 0.29130390156249997 0.940401321875 0.3032067078125 0.965726984375 0.3094951125
2 0.935365259375 0.4058633796875 0.9404376593749999 0.43309965000000006 0.95034928125 0.4412078453125 0.9421226046875001 0.47372556875000005 0.9530020718750001 0.47800814999999997 0.9681950468749999 0.4731216609375 0.9748863765625 0.4624347453125 0.981460496875 0.4491741703125 0.9833490578124999 0.40282554531250003 0.970644334375 0.4122137890625 0.96689833125 0.40337767343750003 0.9555349421875 0.40100789687500005 0.935365259375 0.4058633796875
2 0.9388054078125 0.10854927656249999 0.9257812984375 0.1521488765625 0.9535804765625 0.184124696875 0.967142409375 0.17386374843750002 0.9898691859375001 0.17860330468750002 0.9925651562500001 0.1766463140625 0.9939484234375 0.1426985015625 0.9921931046875001 0.14183400468750001 0.9943968875 0.131692415625 0.9950379546875 0.11595949531250001 0.9744848234375001 0.12907926249999999 0.981080459375 0.0911870828125 0.9680860296875 0.0834428421875 0.9388054078125 0.10854927656249999
2 0 0.9107909015625 0.022658375 0.9162998109375 0.020447715624999998 0.8856328937500001 0.007453284374999999 0.8778886531250001 0.0001823390625 0.8632831109374999 0.0028648046875 0.8487395781249999 0 0.8481421375 0 0.9107909015625