2 0.310546875 0.2138671859375 0.2958984359375 0.20703125 0.26953125 0.2294921859375 0.283203125 0.2607421859375 0.271484375 0.2763671859375 0.271484375 0.2880859359375 0.2919921859375 0.3125 0.3046875 0.3154296859375 0.318359375 0.3076171859375 0.3203125 0.2880859359375 0.30859375 0.2568359359375 0.310546875 0.2138671859375
2 0.359375 0.4267578140625 0.359375 0.4150390640625 0.3291015640625 0.396484375 0.3203125 0.4013671859375 0.3203125 0.4228515640625 0.3125 0.4248046859375 0.310546875 0.4365234359375 0.298828125 0.4462890640625 0.3056640640625 0.458984375 0.31640625 0.4580078140625 0.3232421859375 0.447265625 0.3408203140625 0.455078125 0.34375 0.4365234359375 0.359375 0.4267578140625
2 0.453125 0.6064453140625 0.4462890640625 0.6015625 0.431640625 0.6474609359375 0.4130859359375 0.646484375 0.412109375 0.6611328140625 0.421875 0.6787109359375 0.419921875 0.6982421859375 0.4306640640625 0.708984375 0.453125 0.7099609359375 0.458984375 0.6943359359375 0.451171875 0.6884765640625 0.455078125 0.6376953140625 0.453125 0.6064453140625
2 0.4912109359375 0.8203125 0.486328125 0.8251953140625 0.48046875 0.8662109359375 0.490234375 0.8681640640625 0.49609375 0.8544921859375 0.513671875 0.8447265640625 0.5146484359375 0.82421875 0.4912109359375 0.8203125
2 0.5322265640625 0.91796875 0.525390625 0.9482421859375 0.53515625 0.9560546859375 0.529296875 0.9755859359375 0.529296875 0.9833984359375 0.53515625 0.9833984359375 0.552734375 0.9716796859375 0.560546875 0.9365234359375 0.5439453140625 0.93359375 0.5322265640625 0.91796875
2 0.1474609359375 0.88671875 0.138671875 0.8916015640625 0.1337890640625 0.9140625 0.11328125 0.9189453140625 0.123046875 0.9345703140625 0.12109375 0.9541015640625 0.134765625 0.9658203140625 0.1484375 0.9521484359375 0.146484375 0.9306640640625 0.158203125 0.9130859359375 0.1474609359375 0.88671875
2 0.1611328140625 0.974609375 0.150390625 0.9990234359375 0.2109375 0.9990234359375 0.2109375 0.9892578140625 0.1806640640625 0.96875 0.1708984359375 0.98046875 0.1611328140625 0.974609375
2 0.14453125 0.8759765640625 0.15625 0.8447265640625 0.1435546859375 0.833984375 0.1328125 0.8408203140625 0.1171875 0.8740234359375 0.107421875 0.8818359359375 0.11621093593750001 0.89453125 0.134765625 0.8955078140625 0.1328125 0.9091796859375 0.11328125 0.9189453140625 0.12109375 0.9345703140625 0.12109375 0.9560546859375 0.134765625 0.9658203140625 0.1484375 0.9521484359375 0.1484375 0.9306640640625 0.158203125 0.9150390640625 0.14453125 0.8759765640625
2 0.083984375 0.8232421859375 0.09375 0.8232421859375 0.12109375 0.7880859359375 0.11621093593750001 0.76953125 0.080078125 0.7841796859375 0.083984375 0.8232421859375
2 0.06542968593750001 0.63671875 0.056640625 0.6435546859375 0.05859375 0.6845703140625 0.04296875 0.7099609359375 0.047851564062500004 0.720703125 0.0546875 0.7197265640625 0.083984375 0.7099609359375 0.076171875 0.6923828140625 0.08203125 0.6689453140625 0.06542968593750001 0.63671875
2 0 0.5927734359375 0.016601564062499997 0.609375 0.0234375 0.6083984359375 0.01953125 0.5791015640625 0.029296875 0.5634765640625 0.0068359359375 0.5625 0 0.5673828140625 0 0.5927734359375
2 0.8681640640625 0.673828125 0.8583984359375 0.681640625 0.8427734359375 0.66796875 0.8359375 0.6728515640625 0.841796875 0.7197265640625 0.8623046859375 0.74609375 0.875 0.7470703140625 0.896484375 0.7138671859375 0.88671875 0.7001953140625 0.888671875 0.6806640640625 0.8681640640625 0.673828125
2 0.79296875 0.5263671859375 0.794921875 0.5419921859375 0.81640625 0.5537109359375 0.8408203140625 0.546875 0.845703125 0.5302734359375 0.8017578140625 0.517578125 0.79296875 0.5263671859375
2 0.7431640640625 0.328125 0.7265625 0.3544921859375 0.734375 0.3603515640625 0.736328125 0.3759765640625 0.75 0.3779296859375 0.759765625 0.3603515640625 0.74609375 0.3486328140625 0.75 0.3310546859375 0.7431640640625 0.328125
2 0.666015625 0.2060546859375 0.6728515640625 0.21484375 0.689453125 0.2177734359375 0.7060546859375 0.208984375 0.70703125 0.2001953140625 0.6845703140625 0.1875 0.666015625 0.2060546859375
2 0.59375 0.0556640640625 0.60546875 0.0615234359375 0.62109375 0.045898435937499996 0.62109375 0.0302734359375 0.5966796859375 0.01953125 0.59375 0.0556640640625