2 0.095173896875 0.15914391249999998 0.09590145781250001 0.1435783703125 0.08166599218750001 0.13354605625 0.0779640171875 0.14982910625 0.095173896875 0.15914391249999998
2 0.1357189953125 0.2564523640625 0.1401699234375 0.2451186609375 0.1350395984375 0.229042440625 0.11885150625 0.2188399 0.10509215624999999 0.219594009375 0.10547732812499999 0.23232612343749998 0.1357189953125 0.2564523640625
2 0.18062407656249999 0.3443728015625 0.18516595 0.33109340781249996 0.1716580453125 0.3054955515625 0.16654911249999999 0.3099342203125 0.1674104015625 0.33345275937499996 0.17374440156249998 0.34474985937499997 0.18062407656249999 0.3443728015625
2 0.1864765796875 0.428888725 0.1951056015625 0.41205839062500005 0.1929496953125 0.39526466562499996 0.1711069921875 0.40117494843749996 0.16172901875 0.41305593281249997 0.16611039218749998 0.4241828109375 0.1864765796875 0.428888725
2 0.2161030234375 0.487149696875 0.1904673984375 0.511288725 0.1879691 0.52279265625 0.19959392812500001 0.5257597015625 0.2196658875 0.51578780625 0.2161030234375 0.487149696875
2 0.22324476249999997 0.64894604375 0.23187378593750002 0.6321157171875 0.22460893906249998 0.61976065625 0.20042843906250002 0.612768596875 0.196817409375 0.6271059515624999 0.216365090625 0.6493231015625 0.22324476249999997 0.64894604375
2 0.2573916859375 0.6734127375 0.262206396875 0.6542962609375 0.2382077875 0.6434128171875 0.2400908625 0.666043621875 0.2573916859375 0.6734127375
2 0.25670152343749997 0.8140132953125001 0.25002513125000003 0.8310138484375 0.2525448171875 0.84002480625 0.2702094265625 0.8396111484375 0.2799939609375 0.8609771640625 0.28889581875000003 0.8383097546875 0.28383504843749996 0.79977295625 0.27734054218750004 0.8128821281249999 0.25670152343749997 0.8140132953125001
2 0.31699758125 0.95016239375 0.33370995468750003 0.9281758890624999 0.32941952812499997 0.915103321875 0.3062822046875 0.92773841875 0.31699758125 0.95016239375
2 0.7776685718749999 0.13365983125 0.7632939984375 0.1685486765625 0.7720567453125 0.1908024296875 0.7779146328125 0.1913131078125 0.78409351875 0.1430112390625 0.7776685718749999 0.13365983125
2 0.81717049375 0.2113411296875 0.8015708500000001 0.23049420625 0.8078352984375 0.264251890625 0.813602240625 0.266708259375 0.8210061953125001 0.23414216406250002 0.81717049375 0.2113411296875
2 0.82195304375 0.3397202515625 0.8323528031249999 0.326951528125 0.8289022718749999 0.31688261562500003 0.8065834546874999 0.312006475 0.8031543140625 0.3224524484375 0.8150733718750001 0.3400973046875 0.82195304375 0.3397202515625
2 0.9047658140625 0.581374234375 0.891734028125 0.5665628 0.8797026375 0.530348746875 0.859518340625 0.52175145 0.8520020515625 0.535748353125 0.8529542843750001 0.557321203125 0.8604919640625001 0.5638391828125 0.8669383046875 0.59370548125 0.8860098671875001 0.605136203125 0.9043110890625 0.5911026953125 0.9047658140625 0.581374234375
2 0.9388324171875 0.7963119843750001 0.9290906624999999 0.815975740625 0.9324502499999999 0.8279903484375 0.95115803125 0.847203846875 0.9512061968750001 0.8042283796874999 0.9388324171875 0.7963119843750001
2 0.6418669312499999 0.8788491390625 0.64845238125 0.8637942750000001 0.6362604890625 0.8519864937499999 0.6303330500000001 0.873936396875 0.6418669312499999 0.8788491390625
2 0.6112187046875001 0.8214758984375001 0.6182107140624999 0.839668034375 0.6260212296875001 0.8403489390625 0.6348803078125 0.7766517578125 0.630953659375 0.7557964171875 0.6179432625 0.761499871875 0.60913235 0.7822215906250001 0.6112187046875001 0.8214758984375001
2 0.685218765625 1 0.6857716171875 0.9881722 0.671172375 0.98592265625 0.6676522874999999 0.9983143218749999 0.66827515 1 0.685218765625 1
2 0.6072118765625001 0.6345557671875001 0.5994013625 0.6338748640625 0.587979815625 0.6475313171875 0.6051896953125 0.6568461234375 0.611593253125 0.6456826453125 0.6072118765625001 0.6345557671875001
2 0.541737328125 0.5253059125 0.5302248359374999 0.540908059375 0.529588221875 0.5545279062499999 0.5524740968749999 0.5682447749999999 0.5581073140624999 0.5316170671875 0.541737328125 0.5253059125
2 0.514202628125 0.42229400625 0.5194506734375001 0.372934178125 0.5125709984375 0.3733112328125 0.4997638828125 0.3956381890625 0.514202628125 0.42229400625
2 0.528320371875 0.49776236718750005 0.538447296875 0.4908307265625 0.5331136890625 0.45813100156250003 0.52300815625 0.48557753124999997 0.528320371875 0.49776236718750005
2 0.48123798906250004 0.37253331093750003 0.48480624062500005 0.31716617812500003 0.4666173546875 0.3497688796875 0.48123798906250004 0.37253331093750003
2 0.3528566015625 0.47660493906249995 0.3588535984375 0.43219446093749997 0.348887175 0.41471982812499997 0.34631931875 0.44868433750000003 0.3528566015625 0.47660493906249995
2 0.32852098750000003 0.4100139171875 0.336422446875 0.40874912500000005 0.33129212343750003 0.3926729046875 0.34496052499999996 0.3938644875 0.3448481875 0.37529529375 0.32216559375 0.37820192812500003 0.3170298859375 0.44613094531249997 0.321341703125 0.47971840468750004 0.325974521875 0.46449331406249994 0.3338759828125 0.46322852187499997 0.3284728234375 0.452989384375 0.333217975 0.4563334859375 0.34241406093750004 0.448343884375 0.325022290625 0.44292046406249996 0.3283604875 0.43442018750000005 0.34314162187499997 0.4327783421875 0.33160773906249996 0.42786559999999996 0.3320624640625 0.418137140625 0.343960128125 0.4152671109375 0.32852098750000003 0.4100139171875
2 0.4320800203125 0.040039465625 0.42342960625000003 0.0363549078125 0.4021539703125 0.051105921875 0.40097168437499997 0.07639993125 0.42944261250000004 0.09646455312499999 0.4281693796875 0.1237042515625 0.4396123171875 0.1305626890625 0.4501030234375 0.11584827812500001 0.454056446875 0.0732132625 0.4320800203125 0.040039465625