2 0.1324654234375 0.0523608125 0.151914540625 0.057456996875 0.16102206875 0.0871525765625 0.16677704375 0.090030890625 0.165371153125 0.0469858171875 0.178485940625 0.04229800625 0.18735593125 0.059304528125 0.197137465625 0.060888726562499995 0.199084121875 0.044660928125 0.19136319375 0.024921137500000003 0.1851524484375 0.029753990624999997 0.17663392656250002 0.0235087359375 0.1714683578125 0.0039909703125 0.16441391249999998 0.0038267765624999998 0.1639652609375 0.0039407453125 0.158105990625 0.019534864062499997 0.148718234375 0.0034614546874999997 0.14572609375 0.0033918125 0.1466056859375 0.0303228859375 0.1279638109375 0.0282768078125 0.12256030468750001 0.036159765625 0.1324654234375 0.0523608125
2 0.1235352 0.7213956828125 0.131816190625 0.714951878125 0.1305338875 0.686523653125 0.1051019125 0.682404740625 0.09394343125 0.6874093875 0.094988203125 0.7031485515625 0.08406725468750001 0.720842259375 0.0961565625 0.7335045671875 0.11272819375000001 0.7371615984375001 0.12066735937499999 0.7365011671875 0.1235352 0.7213956828125
2 0.06376266093750001 0.6299727734375 0.0598403984375 0.6127944515625 0.050648676562499995 0.620471884375 0.05778961406250001 0.70795198125 0.0581698609375 0.7078898703125 0.07001199375 0.691318475 0.0585966875 0.6505447875 0.06376266093750001 0.6299727734375
2 0.14006041875 0.8427929796875 0.134875153125 0.8302757171874999 0.1439537359375 0.8103373812499999 0.137040046875 0.7936477 0.14013577187499998 0.774686634375 0.11608074531250001 0.7639788703125 0.1059573859375 0.76817804375 0.11181665781250001 0.752583921875 0.105140503125 0.7485832984375 0.0647067984375 0.7926909859375 0.068946540625 0.8446299640625 0.09218789375 0.8340665171874999 0.11222601406249999 0.8626130296875001 0.1209724203125 0.8650027046875 0.14006041875 0.8427929796875
2 0.3564670234375 0.58979760625 0.3373500859375 0.5623734109375 0.3235516484375 0.578627965625 0.32115886875 0.6191115640625 0.3418806421875 0.6360913375 0.3570946171875 0.6794264921875001 0.3574557375 0.7067324 0.37415095625 0.72500628125 0.3640468953125 0.762294734375 0.3726793609375 0.7666121984375 0.38498690625 0.7588742828124999 0.3951199078125 0.7712197468750001 0.40400919843749994 0.821315553125 0.41736151406250005 0.8293167968749999 0.420020765625 0.8511561765625 0.42577574062499995 0.8540344828125 0.43244225312499995 0.8414904703125 0.4324229578125 0.8084011875 0.417570103125 0.792371940625 0.41456902656250005 0.7763159374999999 0.4013306515625 0.7663868968750001 0.40879475468750004 0.7403483484375 0.393600075 0.7301024703125 0.3904657609375 0.6828849765625 0.3795255171875 0.667489403125 0.378480746875 0.6517502390625001 0.35798685625000004 0.6309148921875 0.3564670234375 0.58979760625
2 0.252286625 0.31407425 0.26033973125 0.3114860265625 0.26125126718749997 0.2960637015625 0.2549169359375 0.28627970468749997 0.239494371875 0.2798894078125 0.2406627296875 0.31024541875 0.252286625 0.31407425
2 0.2117546125 0.2646923859375 0.219465896875 0.2678875328125 0.247176709375 0.23345063437500002 0.21298867968750002 0.21039741250000002 0.21688199687499998 0.1779418078125 0.2036339765625 0.1514681296875 0.1946789796875 0.18602331562500002 0.1778794671875 0.18622186875 0.172589903125 0.19217703749999998 0.1813459578125 0.21111134687500002 0.1745655046875 0.2255831546875 0.18447062187500002 0.24178420156249997 0.209560778125 0.2516864875 0.2117546125 0.2646923859375
2 0.6160745390625 0.4245681125 0.6069863078125 0.427961809375 0.5990567890625 0.445166884375 0.5804149109375001 0.4431208015625 0.5785918421875 0.47396545 0.5879176046875 0.4832608125 0.590804740625 0.501244609375 0.6041570562499999 0.5092458546875 0.5901403828125 0.545900628125 0.593939053125 0.5484621015625 0.6099120328125001 0.512124165625 0.62636971875 0.5177089875 0.639940271875 0.505310015625 0.640737865625 0.4918154796875 0.6535108265625 0.49291104218750004 0.6588003890625 0.4869558734375 0.6463499578125 0.44698766093750003 0.63058556875 0.4463807359375 0.6236911765625 0.46278033281250003 0.6172428984375 0.45492412812499994 0.6205665078125 0.43210748125 0.6160745390625 0.4245681125
2 0.3122406390625 0.519381846875 0.299011909375 0.52599744375 0.295688303125 0.5488140921875 0.301443278125 0.5516924046875 0.31789131875 0.5407325828125 0.3122406390625 0.519381846875
2 0.5332320328125 0.0384453 0.541513025 0.0320014953125 0.5396610140625 0.013212226562500002 0.5349634078125 0.0124514109375 0.5172726953125 0.01203965625 0.5122823750000001 0.0253211140625 0.51011748125 0.061949132812499995 0.5230140296875 0.077661546875 0.5332320328125 0.0384453
2 0.8830979234375 0.1505768703125 0.8905813218749999 0.1576276 0.8987483718749999 0.1531115875 0.90910925625 0.1616014703125 0.9226701625 0.1326578578125 0.923239871875 0.1230189078125 0.9088427828125001 0.09927849062500001 0.91516746875 0.09251784843750001 0.9015776203125 0.07182754218750001 0.8722330328125001 0.0670749484375 0.8683300671874999 0.08298591093749999 0.8498117781250001 0.0955566796875 0.8592514828125 0.10292424687499999 0.8628415640625 0.1424305765625 0.8691758953125 0.1522145734375 0.8830979234375 0.1505768703125
2 0.9615816984375 0.5603218062499999 0.9462730765625 0.5520037171875 0.9340794718750001 0.5578138421875 0.9059978890625 0.54840019375 0.9085335499999999 0.55562271875 0.9375363171875 0.566158684375 0.962977940625 0.5868222359375 0.9681439125000001 0.5662502218750001 0.9872415578125 0.5605851375 0.9615816984375 0.5603218062499999