2 0.009765625 0.2451171859375 0.009765625 0.2177734359375 0.0009765640625 0.2109375 0 0.2451171859375 0.009765625 0.2451171859375
2 0 0.2939453140625 0.009765625 0.3173828140625 0.005859375 0.3447265640625 0.017578125 0.3505859359375 0.034179685937499996 0.341796875 0.068359375 0.3447265640625 0.06640625 0.3115234359375 0.05078125 0.3056640640625 0.060546875 0.2919921859375 0.060546875 0.2802734359375 0.049804685937499996 0.26953125 0.03515625 0.2685546859375 0.0302734359375 0.24609375 0.0146484359375 0.24609375 0 0.2548828140625 0 0.2939453140625
2 0.1611328140625 0.5703125 0.15234375 0.5791015640625 0.1484375 0.6181640640625 0.140625 0.6279296859375 0.1591796859375 0.654296875 0.171875 0.6552734359375 0.1796875 0.6494140640625 0.1796875 0.6357421859375 0.1953125 0.6220703140625 0.1611328140625 0.5703125
2 0.2138671859375 0.720703125 0.1953125 0.7490234359375 0.1953125 0.7744140640625 0.2197265640625 0.7890625 0.2314453140625 0.767578125 0.240234375 0.7861328140625 0.251953125 0.7880859359375 0.255859375 0.7490234359375 0.2431640640625 0.74609375 0.2373046859375 0.732421875 0.2138671859375 0.720703125
2 0.56640625 0.7919921859375 0.5703125 0.7724609359375 0.5537109359375 0.76953125 0.54296875 0.8037109359375 0.56640625 0.8212890640625 0.5546875 0.8408203140625 0.5673828140625 0.853515625 0.57421875 0.8525390640625 0.603515625 0.8193359359375 0.5927734359375 0.8046875 0.5732421859375 0.806640625 0.56640625 0.7919921859375
2 0.591796875 0.9755859359375 0.6005859359375 1 0.630859375 0.9990234359375 0.6279296859375 0.970703125 0.6123046859375 0.978515625 0.6005859359375 0.966796875 0.591796875 0.9755859359375
2 0.3837890640625 0.337890625 0.3759765640625 0.330078125 0.361328125 0.3408203140625 0.365234375 0.3642578140625 0.35546875 0.3857421859375 0.3779296859375 0.39453125 0.3896484359375 0.380859375 0.396484375 0.3955078140625 0.404296875 0.3974609359375 0.41015625 0.3544921859375 0.3984375 0.3486328140625 0.3935546859375 0.330078125 0.3837890640625 0.337890625
2 0.337890625 0.2138671859375 0.349609375 0.2177734359375 0.357421875 0.2099609359375 0.3564453140625 0.197265625 0.33984375 0.2060546859375 0.337890625 0.2138671859375
2 0.359375 0.1279296859375 0.365234375 0.09472656406249999 0.3623046859375 0.087890625 0.3447265640625 0.09375 0.3310546859375 0.076171875 0.318359375 0.1318359359375 0.3046875 0.1435546859375 0.32421875 0.1669921859375 0.330078125 0.1845703140625 0.34375 0.1904296859375 0.345703125 0.1494140640625 0.3642578140625 0.15234375 0.3671875 0.1474609359375 0.359375 0.1279296859375
2 0.298828125 0.040039064062500004 0.287109375 0.032226564062500004 0.283203125 0.0048828140625 0.2724609359375 0 0.26953125 0.022460935937500003 0.2587890640625 0.025390625 0.255859375 0.034179685937499996 0.275390625 0.0576171859375 0.2734375 0.09277343593750001 0.283203125 0.09667968593750001 0.30078125 0.07910156406249999 0.302734375 0.06347656406249999 0.294921875 0.0537109359375 0.298828125 0.040039064062500004
2 0.6474609359375 0.01171875 0.634765625 0.0556640640625 0.6435546859375 0.06640625 0.658203125 0.06738281406249999 0.673828125 0.020507814062499997 0.6669921859375 0.017578125 0.6552734359375 0.025390625 0.6474609359375 0.01171875
2 0.7421875 0.2822265640625 0.734375 0.2353515640625 0.7197265640625 0.228515625 0.705078125 0.2685546859375 0.7421875 0.2822265640625
2 0.796875 0.4228515640625 0.80859375 0.4033203140625 0.8056640640625 0.375 0.794921875 0.3798828140625 0.7900390640625 0.392578125 0.783203125 0.3916015640625 0.78515625 0.4306640640625 0.7685546859375 0.42578125 0.76171875 0.4345703140625 0.763671875 0.4521484359375 0.77734375 0.4658203140625 0.7802734359375 0.451171875 0.7939453140625 0.45703125 0.802734375 0.4501953140625 0.796875 0.4228515640625
2 0.833984375 0.5478515640625 0.84375 0.5283203140625 0.833984375 0.5166015640625 0.8310546859375 0.49609375 0.818359375 0.5224609359375 0.8037109359375 0.5234375 0.802734375 0.5341796859375 0.791015625 0.5400390640625 0.794921875 0.5791015640625 0.80859375 0.5830078140625 0.8212890640625 0.5546875 0.8369140640625 0.57421875 0.841796875 0.5712890640625 0.833984375 0.5478515640625
2 0.859375 0.7724609359375 0.87109375 0.7939453140625 0.888671875 0.8017578140625 0.892578125 0.7939453140625 0.884765625 0.7724609359375 0.8642578140625 0.767578125 0.859375 0.7724609359375
2 0.91015625 0.8447265640625 0.9140625 0.8212890640625 0.8916015640625 0.814453125 0.888671875 0.8291015640625 0.91015625 0.8447265640625