2 0.223053365625 0.752384421875 0.2326582359375 0.7584055578125 0.21625761875 0.7720268546875 0.235653090625 0.7809985484374999 0.25131077031250004 0.7796595578125001 0.26272321875000004 0.766098271875 0.259864334375 0.7515580390625 0.23497325156249999 0.7407347453125 0.22361057031249998 0.7431726953125 0.223053365625 0.752384421875
2 0.31354691875 0.708722534375 0.3710534984375 0.69537381875 0.402332425 0.6623964 0.37074513124999997 0.6489688609375001 0.3150825671875 0.673034590625 0.3140179234375 0.6803347093750001 0.3284252265625 0.6893664125 0.31354691875 0.708722534375
2 0.48169880000000004 0.60697855 0.5195744046875 0.59885205 0.5345886765625 0.587548690625 0.5153789390625 0.5755064187500001 0.47685993125000004 0.573668546875 0.4826274703125 0.59162566875 0.4756957546875 0.60321534375 0.48169880000000004 0.60697855
2 0.7585888609375 0.458668396875 0.735084125 0.445527165625 0.7256152218749999 0.44755879218750005 0.7124947265625 0.45845582812499996 0.71105861875 0.47189709999999996 0.7573384843750001 0.4690390921875 0.7585888609375 0.458668396875
2 0.8151570015624999 0.347527578125 0.793396746875 0.36735003125 0.7994859875 0.390289340625 0.8198963375 0.40308425625 0.8296007375000001 0.3868587171875 0.857128534375 0.384993384375 0.8575000078125001 0.3788522328125 0.8295145390625001 0.3676826171875 0.8283636984375 0.3558066390625 0.8151570015624999 0.347527578125
2 0.9315226890625 0.7104932609375 0.926683821875 0.6771832578125 0.9148137046875 0.6777096 0.9040944296875001 0.69011191875 0.9007281046875001 0.67366008125 0.8895511562499999 0.6730274546875 0.8580002953125 0.6898993499999999 0.8598443093749999 0.7006163625 0.8500039390625 0.7087891421875 0.8734589046875 0.733053709375 0.8898595234375 0.7194324125 0.897162709375 0.701701590625 0.910419175 0.6988573140625001 0.9315226890625 0.7104932609375
2 0.8169174296874999 0.7613489828125 0.824628521875 0.7677764421875 0.8525277859375 0.759769959375 0.8583948640625 0.7554804078124999 0.8546570718750001 0.7451697203125 0.8226983062500001 0.7378833328125001 0.8014952531249999 0.748494059375 0.791605115625 0.7677901734375 0.8169174296874999 0.7613489828125
2 0.5942538265625 0.899034675 0.620617446875 0.9267161375 0.6342453796874999 0.9177307109375 0.65142536875 0.922126546875 0.6601149015625001 0.9020777890625 0.640162225 0.9023178218749999 0.610468709375 0.888483959375 0.600492375 0.8886039734375 0.5942538265625 0.899034675
2 0.27972819375 0.30986142031249997 0.300645975 0.32456794375000003 0.3149173125 0.325546884375 0.3291522140625 0.2962263921875 0.2794064890625 0.30487923437500003 0.27972819375 0.30986142031249997
2 0.43631832187499997 0.2550487328125 0.439462475 0.2442717140625 0.4097191953125 0.24156118750000002 0.427506159375 0.2256219578125 0.409868496875 0.20819117343750002 0.38802204218749997 0.20883753125 0.3857567921875 0.2153850078125 0.3670047234375 0.21637768125 0.39304664218749996 0.2390769578125 0.3830205390625 0.25032031250000003 0.358908828125 0.257514146875 0.3564578453125 0.2671322 0.3705434453125 0.27118171874999997 0.43631832187499997 0.2550487328125
2 0.7106711984375 0.0971805328125 0.694134609375 0.10274906875 0.68199255625 0.0871698875 0.6695652359375 0.0969079578125 0.6727458234375 0.116430375 0.68923264375 0.1219851734375 0.7106711984375 0.0971805328125
2 0.755800221875 0.08244655 0.7717796031249999 0.0860897421875 0.781619975 0.07791696406250001 0.79917143125 0.07617164843749999 0.799542903125 0.0700304953125 0.7830560859375 0.06447569375 0.77830341875 0.0503417875 0.7532630375 0.0728885 0.755800221875 0.08244655
2 0.8291502140624999 0.06468826093749999 0.8403271609375 0.0653208890625 0.8515538781249999 0.0548301765625 0.8688831703125001 0.025856003125 0.865652815625 0.017456921875 0.8570628203125 0.015259003125 0.8444497625 0.02806765 0.8271204687499999 0.057041825000000004 0.8291502140624999 0.06468826093749999
2 0.5570421062500001 0.5665672671875 0.584569903125 0.564701934375 0.586835153125 0.5581544578125001 0.55261114375 0.5574155453125 0.5457789609375 0.5467585421875001 0.5392187140625 0.5522070609374999 0.5177437265625 0.546712265625 0.5096976015625 0.5767253921875 0.47685993125000004 0.573668546875 0.4826274703125 0.59162566875 0.478096971875 0.6047206234375 0.5323234265625 0.5940961671875 0.5406414875000001 0.5801885625 0.5525116062500001 0.5796622218749999 0.5570421062500001 0.5665672671875
2 1 0.27343246250000003 0.9976664156249999 0.265938634375 0.9815013 0.265366015625 0.9736906765625 0.28118522968750004 0.9531807984375 0.2906369921875 0.9696178484375 0.30731513125 0.9664736921875001 0.31809215 0.9739990421875 0.3275901875 0.9886418499999999 0.322427978125 1 0.29748773125 1 0.27343246250000003
2 0.4986725703125 0.9650032453125 0.49617377500000004 0.9857284015625 0.551436134375 0.983798596875 0.5438380281249999 0.980568696875 0.54047170625 0.9641168546875001 0.518761215625 0.9728159734374999 0.4986725703125 0.9650032453125