2 0.5969657140625 0.030909284375000002 0.5697638890625 0.0452677640625 0.5475335125 0.034567973437499996 0.5314448453125 0.049299859375 0.532990953125 0.0817843546875 0.5804991625 0.05867013125 0.6149926109375 0.0704683671875 0.619198125 0.0465855640625 0.5969657140625 0.030909284375000002
2 0.3130745078125 0.1902256234375 0.31614841562499996 0.2104061984375 0.3387546390625 0.2031005359375 0.369416384375 0.21579963124999998 0.382825303125 0.2076701375 0.3713220609375 0.19046675156249998 0.3774495265625 0.1810629921875 0.36825019062500003 0.1752626671875 0.372073753125 0.1544558453125 0.33451046562500003 0.132430015625 0.3188057828125 0.14906240937499998 0.318045953125 0.1651673515625 0.32724529062499996 0.1709676765625 0.3130745078125 0.1902256234375
2 0.19776594218750002 0.280045246875 0.2119448609375 0.2806932640625 0.2192303859375 0.29192050625 0.23494320625 0.29519407656249996 0.23723490468750003 0.2767381921875 0.26597062656250003 0.26500526406249997 0.255235353125 0.25160289687500004 0.2613587515625 0.23224615937499998 0.2556091671875 0.2286209546875 0.22533954218750002 0.2377283328125 0.2127046921875 0.264588321875 0.1958460234375 0.27054269531249997 0.19776594218750002 0.280045246875
2 0 0.442954025 0.0112093015625 0.43937163906250004 0.0372673140625 0.43921759062500004 0.04989605625 0.39742813125 0.028433646875000003 0.39052936250000003 0.021914057812500002 0.3781266453125 0.06482666718749999 0.36206524375 0.04412815625 0.349014509375 0.041824253125 0.3376114484375 0.0314790671875 0.341039065625 0.0211399875 0.359396153125 0 0.3786637609375 0 0.39599581562499997 0.008131328125 0.4092380828125 0.002005896875 0.42361833281249994 0 0.42428293593750005 0 0.442954025
2 0.066151559375 0.79076848125 0.0788026875 0.80372041875 0.095661353125 0.7977660453125 0.10676840781250001 0.783209978125 0.15428068281250001 0.7700487375 0.15772636874999998 0.762270878125 0.14660914375 0.751944490625 0.11978316874999999 0.7482975187500001 0.0780225078125 0.7700604531249999 0.0485167859375 0.773015871875 0.047372971874999996 0.787220303125 0.066151559375 0.79076848125
2 0.22207697187500003 0.6933903531250001 0.173786553125 0.677868121875 0.16612518437499998 0.68464633125 0.170346975 0.700575453125 0.185297934375 0.7149774718749999 0.22207697187500003 0.6933903531250001
2 0.412506003125 0.6326929156250001 0.3918054578125 0.6146656968750001 0.3649774484375 0.6060422359375 0.359223790625 0.59246405 0.337387571875 0.6085472234375 0.33663181249999996 0.63460514375 0.328974515625 0.651336334375 0.3581003265625 0.6564333875 0.40139691875 0.6422724953125 0.412506003125 0.6326929156250001
2 0.346196825 0.597517565625 0.331264175 0.6279039609375 0.331274346875 0.6527864171875 0.3581003265625 0.6564333875 0.40331277187500003 0.641822065625 0.41097413749999995 0.635043859375 0.409438203125 0.6274418171875 0.39640512656250004 0.6175658578125 0.432038321875 0.60520668125 0.441227484375 0.5861245515625 0.40022868906250003 0.5967590375 0.3852899421875 0.6122159625 0.3668933 0.60559180625 0.359223790625 0.59246405 0.346196825 0.597517565625
2 0.48642161718750004 0.526724815625 0.45385216093749997 0.5343821109375 0.4550041125 0.5400836421874999 0.4691911703125 0.5606376234375 0.483745940625 0.5432801859375 0.5036724140625 0.5425769140625001 0.5075020796875 0.536699565625 0.48642161718750004 0.526724815625
2 0.7251146187499999 0.41685523125 0.7442812625 0.43225690156249996 0.7783866609375 0.43220164531250005 0.7787584359374999 0.40424321250000006 0.836617934375 0.3926308453125 0.84005955 0.37490000625 0.8262625781249999 0.37117600781250004 0.8032723718750001 0.37658115937500003 0.8013463468750001 0.3521491375 0.78026995625 0.352127365625 0.7592037406250001 0.37698805 0.738513365625 0.3838432828125 0.7251146187499999 0.41685523125
2 0.816675184375 0.3535221921875 0.834685809375 0.35326935000000004 0.843111075 0.3403391796875 0.8262463015625 0.33136408125 0.816675184375 0.3535221921875
2 0.9404171546875 0.2706783625 0.929308071875 0.2802579375 0.9331458749999999 0.2942865546875 0.9595899046874999 0.301009503125 0.9545981140625001 0.2763028703125 0.9404171546875 0.2706783625
2 0.6662659359374999 0.8208853218750001 0.6233492578125001 0.8269937453124999 0.603430921875 0.8476029781250001 0.584272415625 0.852107271875 0.582360634375 0.8625106812500001 0.6003794 0.8821638015625 0.6172380656249999 0.876209428125 0.6168439125 0.8494264656249999 0.6302528296875 0.8412969703125001 0.6398320843749999 0.8390448218750001 0.6724096796875 0.8512934890625001 0.690036321875 0.8491401359375 0.6957818359375 0.842812359375 0.6884942796875 0.8266086218750001 0.7156920343750001 0.8022971609375 0.688484109375 0.8017261687499999 0.6662659359374999 0.8208853218750001
2 0.5271890234375001 0.887426621875 0.5651240859375 0.88149401875 0.5482593109375 0.87251891875 0.5275689406249999 0.8793741515625 0.5271890234375001 0.887426621875