0 0.5514389640624999 0.77427743125 0.5445026484375 0.7858380921875 0.523602121875 0.7899041578125 0.5139310140625 0.80272623125 0.48468097656250003 0.80367570625 0.47932974687499996 0.8249569031249999 0.49038727499999996 0.838669628125 0.5083811218750001 0.8408216921875 0.5154893265625 0.8243043109375 0.534315865625 0.813530321875 0.5452015015625 0.83219976875 0.5441701484375 0.861940090625 0.558886753125 0.892081271875 0.5376424390625 0.9060607796875001 0.55863455625 0.9326106296875001 0.5873956812500001 0.9346737671875 0.5861543828125 0.9150397921875 0.6025631453125 0.9074713265625001 0.5852568703125 0.8854923828124999 0.5960241500000001 0.8854034546875 0.616516078125 0.8487773609374999 0.6301252265625 0.7999968375 0.6218292578125 0.7731651515625 0.58736183125 0.7361080921875 0.5658005 0.7481434921875 0.5494185078125 0.743854415625 0.54538888125 0.7491969453125 0.5514389640624999 0.77427743125
2 0.16280803593749998 0.9395962156250001 0.1713026640625 0.9496136328125001 0.1905913421875 0.9476845796875001 0.20470068125 0.9620800015625001 0.2135390984375 0.9621839812499999 0.21837464999999998 0.9557729421875001 0.215521503125 0.9382759843749999 0.1877649640625 0.9183300703124999 0.16280803593749998 0.9395962156250001
2 0.46165712187499996 0.6805142828124999 0.47058712343750003 0.7112341796874999 0.4795706625 0.718238984375 0.49151442031250003 0.6953105640625 0.454537634375 0.6308431046874999 0.4433997984375 0.6527030140625001 0.4459359296875 0.66825586875 0.46165712187499996 0.6805142828124999
2 0.343328296875 0.48982762187500006 0.3511353578125 0.5196719187500001 0.368151384375 0.5278492124999999 0.3900945515625 0.560231384375 0.40471956875000004 0.5597566484375001 0.406041171875 0.5438179828124999 0.3874400640625 0.5259201578125 0.3794611109375 0.501032578125 0.343328296875 0.48982762187500006
2 0.2670104796875 0.340383125 0.2533632828125 0.334832634375 0.25247705 0.3714737796875 0.26500130781250003 0.3761486703125 0.2708414484375 0.35185486093749996 0.2670104796875 0.340383125
2 0.1814724109375 0.146417075 0.1703613453125 0.156419440625 0.17865731406250002 0.18325112500000001 0.1665952 0.1874211703125 0.16319960312499998 0.196651915625 0.1689326703125 0.21978829218749998 0.190150215625 0.2176663328125 0.18861866875 0.184230703125 0.196677925 0.1735456453125 0.1814724109375 0.146417075
2 0.7112799234375 0.44413775156249996 0.72541603125 0.44667562812500006 0.7399226953125 0.4274425203125 0.73255100625 0.41830069999999997 0.7326045437500001 0.39458560625 0.717979528125 0.3950603453125 0.7053101453124999 0.3834846328125 0.7079265828125 0.3634648484375 0.7007267875000001 0.349366309375 0.688466009375 0.3703506203125 0.6724278046875 0.356148103125 0.6827709953125 0.4015452578125 0.7100386249999999 0.42450377968749997 0.7112799234375 0.44413775156249996
2 0.61471109375 0.224601428125 0.609638828125 0.1934957203125 0.602729284375 0.1931988375 0.6005749859375 0.2220635546875 0.61471109375 0.224601428125
2 0.5523307234375 0.094509075 0.5575100609375 0.0781846 0.5565857796875 0.060494729687500005 0.5509710671875 0.056116728125 0.5377860109375 0.059411171875 0.5327785625 0.0707789265625 0.5291843093749999 0.09682394062500001 0.5310864078125 0.10848858125000001 0.537190028125 0.10985396875 0.54188045625 0.0965421078125 0.5523307234375 0.094509075
2 0.9338492421875 0.08994233125 0.9460832515625001 0.0808155671875 0.94003316875 0.0557350859375 0.929292653125 0.0439664640625 0.9146141 0.0681562921875 0.9190791 0.0835162421875 0.9338492421875 0.08994233125
2 0.9047062796875001 0.0434616234375 0.910062234375 0.021181934375 0.8843559187500001 0.0205836125 0.8786799484375001 0.0401370703125 0.8831449484375 0.05549701875 0.8950351718749999 0.056283696875 0.9047062796875001 0.0434616234375
2 0.9611987296875 0.9308786515625 0.9731692578125 0.8960926828125 0.9643576109374999 0.884131159375 0.9336140828125 0.9059760203125 0.9377620671875 0.9193918578125 0.9546062015624999 0.9325258703125 0.9611987296875 0.9308786515625
2 0.858751709375 0.681305121875 0.8428318578124999 0.6858609796875 0.84663605625 0.7091902609375 0.8553025765625 0.7142509578125 0.86465666875 0.69948478125 0.858751709375 0.681305121875