2 0.5443787625 0.6776706515625001 0.5494327453125 0.66702943125 0.5403595640625001 0.6529898843749999 0.54704515 0.638160059375 0.539265453125 0.5799680375 0.52589428125 0.60962769375 0.5070314812500001 0.6207198296875001 0.494535921875 0.6131328828125 0.48826820312499997 0.6210568453125 0.49650564375000006 0.648908128125 0.5208600734375 0.65638351875 0.5317836812500001 0.6808388234375 0.5443787625 0.6776706515625001
2 0.4784789046875 0.550524440625 0.4979187453125 0.5344510640625 0.5219548281249999 0.5380772046875 0.5308490609375001 0.514077515625 0.5154485140625 0.49528218593749995 0.51222518125 0.48022455 0.4979388453125 0.47490159218750005 0.483592859375 0.4568988890625 0.4773251421875 0.46482284687500003 0.4774444421875 0.490182340625 0.45496021718749996 0.5292373140625 0.46013349843749995 0.5439555875 0.4784789046875 0.550524440625
2 0.5908186796875 0.8804397078124999 0.6052641890625 0.8876872875 0.630713053125 0.8725204453125001 0.6392889375 0.8446715109375 0.620983403125 0.8146677875 0.622814053125 0.7889689390625 0.609582275 0.7844386109375 0.5847104578125 0.794624209375 0.5780248734375 0.8094540374999999 0.562007409375 0.8190748156250001 0.568971465625 0.831529096875 0.5924305078125001 0.8401364843750001 0.600289953125 0.851458778125 0.5908186796875 0.8804397078124999
2 0.34562463125 0.2954393984375 0.3430976390625 0.300760003125 0.3610050796875 0.3737842046875 0.402311909375 0.44273603906250003 0.4132753921875 0.4437564796875 0.42624847031249996 0.4571173 0.446802521875 0.45451629687499995 0.44779743281249995 0.44262918281249997 0.4715550421875 0.418971209375 0.475813159375 0.39870686875 0.4580846703125 0.3637219046875 0.4371127453125 0.373228778125 0.41982189999999997 0.3674525546875 0.40629187812499995 0.2995235046875 0.3898964203125 0.29261528281250004 0.38050489375 0.2747264859375 0.371332190625 0.271442059375 0.3594334453125 0.294988478125 0.34562463125 0.2954393984375
2 0.30183068125 0.20837330468749998 0.32001691718749997 0.21301753437499998 0.3302043078125 0.2405294546875 0.34238152187500004 0.24426715312499997 0.347952896875 0.2159649484375 0.3371288125 0.18075452187500002 0.34250114374999996 0.173962559375 0.33577600625000004 0.1165631703125 0.3395566046875 0.0905249515625 0.33006555312499997 0.0833912765625 0.3087752890625 0.089048896875 0.3023882703125 0.07161337031250001 0.2941109546875 0.06719694375 0.2926586203125 0.0137607125 0.224410403125 0.025638428125 0.230439196875 0.0626595703125 0.2619168578125 0.08451387187500001 0.25164971875000003 0.1038716796875 0.2574596921875 0.1262884546875 0.3057704546875 0.1842597140625 0.30183068125 0.20837330468749998
2 0.1156687375 0.6839506109375 0.1264133953125 0.6703666828125 0.12677161406249998 0.6507810671875001 0.10136262656249999 0.6425130484375 0.096885684375 0.6481730171875 0.10380986875 0.6840621703124999 0.1156687375 0.6839506109375
2 0.2628291234375 0.9804732250000001 0.2688381453125 0.9813797578125 0.2920187109375 0.9627030296875001 0.3015496359375 0.9464018453125 0.29737126406250003 0.91979645625 0.2812941515625 0.9167374859375 0.27727495625 0.892056725 0.269733853125 0.884583684375 0.2560443359375 0.9103940906249999 0.2443446390625 0.9124302703125 0.2400268734375 0.920014865625 0.24340938125 0.9369971296875 0.2604415296875 0.9516038468750001 0.2628291234375 0.9804732250000001
2 0 0.46147371875000004 0.014351770312500001 0.4633996140625 0.034846175 0.448118865625 0.0424073734375 0.39604243437500003 0.032757151562499996 0.3869841328125 0.017157557812499998 0.38969903906250003 0.0022345265625 0.37667758125 0 0.3803417296875 0 0.46147371875000004
2 0.071775265625 0.607639640625 0.0774260671875 0.6281317859375 0.1086651265625 0.599267109375 0.1128438203125 0.53020841875 0.08653944218750001 0.523072390625 0.09620976249999999 0.4725812171875 0.06542844375 0.47110516249999995 0.035900734375 0.4489115 0.038507153125 0.4923852453125 0.0629808796875 0.5252201234375 0.0644134359375 0.54254175 0.0443965515625 0.5635963703125 0.045351590625 0.575144121875 0.071775265625 0.607639640625
2 0.15715484062500001 0.695277603125 0.1305120171875 0.743841796875 0.1342128703125 0.7646733140624999 0.155304090625 0.7805259312499999 0.17225649375000002 0.8420023750000001 0.19050237812499998 0.8593263515625 0.199356734375 0.8587615312500001 0.20482858906249998 0.84121444375 0.2262780265625 0.8374814484374999 0.2344956953125 0.8292181265625 0.24380779531250002 0.7983125671875 0.21276778125 0.805667009375 0.20954444843750003 0.790609371875 0.1967305421875 0.779173171875 0.205604996875 0.719058878125 0.2003321921875 0.7150957250000001 0.1792010984375 0.7226779703124999 0.16616836875000002 0.6966374078124999 0.15715484062500001 0.695277603125
2 0.9480973468749999 0.7518808765625 0.9515197265625 0.745428271875 0.9374920828125 0.731274821875 0.9281203359375001 0.74950063125 0.9480973468749999 0.7518808765625
2 0.870020596875 0.5253328890625 0.8574653890624999 0.5050662015625 0.8511976703125 0.5129901593749999 0.8462629859374999 0.5489908640625 0.8236594609375001 0.5626863515625 0.8309418656249999 0.5789898859375 0.85999205625 0.5954096765625 0.8850629234375 0.5637138390625 0.8741989671875 0.551938278125 0.870020596875 0.5253328890625
2 0.941133609375 0.643762509375 0.916878703125 0.6255319984375001 0.9082431718749999 0.6407011890625001 0.8940164828125001 0.6480579796875 0.8824360875 0.6754536453125 0.88581859375 0.6924359109375 0.9040048281249999 0.697080140625 0.9374126578125 0.68248046875 0.94240699375 0.659159509375 0.941133609375 0.643762509375
2 0.731575171875 0.26243544375 0.7516517031250001 0.2540605640625 0.75517360625 0.23685284218749997 0.7360323359375001 0.220660859375 0.7351171703125 0.185678246875 0.71824419375 0.17299615156249998 0.7139663015625 0.157145884375 0.7069821453125 0.20424107500000002 0.7178461 0.21601663124999998 0.7245712390625 0.2734160203125 0.7316944703125 0.2877949296875 0.731575171875 0.26243544375