2 0 0.5236845 0.0159001453125 0.5346831453124999 0.0185541078125 0.505379653125 0.030338253125 0.49312950468750005 0.0262793953125 0.4876374375 0 0.487850078125 0 0.5236845
2 0.0427216421875 0.7143018875 0.03945660625 0.7474777609375 0.0498089359375 0.7567863390625 0.060065401562499995 0.754217140625 0.08008107343750001 0.7272593734374999 0.080395584375 0.7065384234375001 0.0505427921875 0.70843745 0.0427216421875 0.7143018875
2 0.041876828125 0.56983236875 0.035155034375 0.6124285546875 0.01798505 0.6338383828125 0.0208217625 0.647075209375 0.0296553859375 0.647279978125 0.060119248437499995 0.6415085687500001 0.0626773484375 0.600327303125 0.04939244375 0.56590411875 0.041876828125 0.56983236875
2 0.0654932546875 0.8696438078125001 0.056039585937500004 0.89209618125 0.05979290625 0.8995244359375001 0.0724846875 0.900250475 0.08203421875 0.8896758796875 0.0831605015625 0.8700533406250001 0.09494464687500001 0.85780319375 0.0910085765625 0.8078346171874999 0.1065550171875 0.784227965625 0.09569645156249999 0.77188478125 0.0528283984375 0.81256348125 0.078403684375 0.837771115625 0.0765704671875 0.8493882578124999 0.057480379687500006 0.8517526906249999 0.0554464640625 0.8583990359375001 0.0654932546875 0.8696438078125001
2 0.136431875 0.9444848046875001 0.138265090625 0.9328676625 0.1251719140625 0.9222000359375 0.1011063609375 0.9248809734375 0.0926831078125 0.9158330296875 0.0785595109375 0.9366657171874999 0.136431875 0.9444848046875001
2 0.4630752109375 0.94709043125 0.4513869265625 0.9712183578125 0.461032321875 0.9725215374999999 0.47575801718750005 0.96660123125 0.4919155296875 0.9391221984375001 0.46613954843750005 0.9089437671875 0.453639490625 0.9319732796875 0.4630752109375 0.94709043125
2 0.46374910312499995 0.8117247203125 0.43755377187500005 0.8091742265624999 0.424032271875 0.8449192921875 0.42585651249999995 0.8520869140625 0.4327610578125 0.8520310484375001 0.4462735859375 0.8350707390625001 0.46150551406250007 0.8321850375000001 0.467502425 0.8191529750000001 0.46374910312499995 0.8117247203125
2 0.4304065140625 0.6796729515625 0.42360680625 0.6728218390625 0.4351213140625 0.5873688328125 0.426898765625 0.5832916828125 0.411648884375 0.6237469109375 0.4121461453125 0.6455662734375001 0.389808971875 0.643537053125 0.3858459765625 0.6499227624999999 0.3892847875 0.6780719703125 0.4001433484375 0.6904151546875 0.41831683125 0.6938592921875 0.4304065140625 0.6796729515625
2 0.324013475 0.4299792359375 0.3382329375 0.42102432343749996 0.35143095 0.42478496562499996 0.3570174875 0.4205960796875 0.35499254687500004 0.40845766718750004 0.37388193593749997 0.4011224453125 0.3757151515625 0.3895053046875 0.34871702187500003 0.367071634375 0.3364266421875 0.37628718125 0.33946405468749996 0.3944947984375 0.31427221875 0.4167982765625 0.31467361718750003 0.42673986093750005 0.324013475 0.4299792359375
2 0.33781644375000003 0.23014210624999998 0.3326313046875 0.2442725765625 0.31364605156250003 0.23973002499999999 0.3080595171875 0.24391890625 0.3340362 0.2790681328125 0.34845635937499997 0.27508401718750003 0.35445327031249996 0.26205195468750003 0.3447209890625 0.2300862359375 0.33781644375000003 0.23014210624999998
2 0.3179325328125 0.193838596875 0.3220872515625 0.21120844375 0.33640257500000004 0.2141313125 0.3520448796875 0.20240243125 0.35733485468750004 0.18136497812500002 0.3529704640625 0.17780910156250002 0.337232296875 0.1776602015625 0.3179325328125 0.193838596875
2 0.694096778125 0.0449372796875 0.672274815625 0.027157896874999997 0.6631177078125 0.066458840625 0.6721520296875 0.071634403125 0.690334484375 0.056293782812500005 0.694096778125 0.0449372796875
2 0.7325886109375 0.23799761562500002 0.7498544578125 0.22846556406250002 0.7513821375 0.218784615625 0.7328072578125 0.2053988875 0.709954875 0.21911982343749997 0.71664974375 0.23287792343749997 0.7325886109375 0.23799761562500002
2 0.7849315453125 0.55553256875 0.784721871875 0.5693465328125 0.8038029859375 0.5857668671875 0.8096950609375 0.579641790625 0.829291384375 0.5803119625 0.8383346796875 0.5667027640625 0.7930582328125 0.5477319375 0.7849315453125 0.55553256875
2 0.8506401531250001 0.73842785 0.8553190578125 0.7212627703125001 0.8402968015625 0.7103345078125 0.8255711031249999 0.7162548140625 0.8122772250000001 0.7006163921875 0.8041505375 0.7084170249999999 0.8035215171875001 0.7498589250000001 0.8228991921875 0.783127828125 0.8336618937500001 0.783593234375 0.8556066453125 0.756896103125 0.8506401531250001 0.73842785
2 0.7664464125 0.3542992265625 0.7525324859375 0.3613179484375 0.7478535828124999 0.3784830203125 0.759113546875 0.40076779062499995 0.76794716875 0.40097255781249996 0.778107771875 0.38652558125 0.7651194296875 0.36895096875 0.7711163390625 0.3559189140625 0.7664464125 0.3542992265625