2 0.35948311093749996 0.3285471859375 0.3360446703125 0.32573555625 0.334019359375 0.33167955625 0.360222509375 0.3489877046875 0.3483438859375 0.3612391890625 0.34921991406249997 0.3699734453125 0.3667873578125 0.373057690625 0.3893953171875 0.363232978125 0.3757874125 0.3560649046875 0.3788253828125 0.347148903125 0.395516803125 0.3414988875 0.3819316703125 0.33237977500000004 0.3859595265625 0.322442815625 0.3811239609375 0.3177923875 0.35948311093749996 0.3285471859375
2 0.19636906406250001 0.3946207921875 0.185503096875 0.4039002796875 0.18637912031249998 0.4126345359375 0.19904268593750002 0.4169214796875 0.1998048546875 0.43541095468749996 0.2155519328125 0.4268798125 0.21928375625 0.44230641249999997 0.2524388734375 0.4505168171875 0.2642036375 0.4480205453125 0.2761278046875 0.43186697343749997 0.292841996875 0.42426591562500005 0.2880747421875 0.413762359375 0.2511878015625 0.3901253546875 0.2158935078125 0.3976141671875 0.19636906406250001 0.3946207921875
2 0.8096397484375 0.136045878125 0.819288109375 0.1472977796875 0.8446835531250001 0.1500185375 0.8621371359375001 0.162857996875 0.8836413546875 0.16380945625 0.9150899656249999 0.1506492578125 0.9437283203125 0.12689463125 0.9370496109375 0.11257985625 0.870557196875 0.11176739531249999 0.848779725 0.13422845156250002 0.8273665937500001 0.1254728203125 0.8116878312500001 0.128150834375 0.8096397484375 0.136045878125
2 0.6757212781249999 0.21441371562499997 0.7088080796875 0.2284772484375 0.7262161265625 0.24521879375000002 0.75761919375 0.23596068125 0.8020957125000001 0.195870740625 0.7964068906249999 0.180535009375 0.8044626031250001 0.16066109374999998 0.750633753125 0.164135575 0.734886675 0.17266671875 0.713405228125 0.169764215625 0.68674664375 0.191476928125 0.6905695546875 0.19909935781250002 0.6757212781249999 0.21441371562499997
2 0.59783914375 0.26775473125000004 0.52660225 0.254487665625 0.5185465375 0.27436158125 0.485209240625 0.28175952187500003 0.4782572734375 0.2908572625 0.48003209843750005 0.30637473593750003 0.45546714218749995 0.3162903203125 0.4457049171875 0.314793634375 0.44093766562500003 0.304290075 0.4635456265625 0.2944653625 0.4665608234375 0.287500403125 0.45295292031249995 0.28033233125 0.44820844062500004 0.26787773125 0.43450944687500004 0.26851383125 0.42069659843749996 0.2789051453125 0.4031063796875 0.27777194375 0.3991012953125 0.2857578578125 0.4311299 0.30669547812500003 0.40141057187499996 0.33927523593750003 0.45319133593750005 0.34369579375 0.468961184375 0.333213609375 0.5021846234375 0.335570884375 0.50821501875 0.32164096875000003 0.5249292109375 0.3140399140625 0.519194846875 0.30260626875 0.5241898140625 0.29359939687500003 0.5455574015625 0.3062571125 0.578917465625 0.296908128125 0.59783914375 0.26775473125000004
2 0 0.57207165625 0.006379409375000001 0.5847914375000001 0.0436762421875 0.5733096671875 0.050582668750000004 0.5681140078125 0.05018485 0.5184078484375 0.0758080046875 0.501618178125 0.09728945 0.5045206796875 0.103319846875 0.49059076562500004 0.121001153125 0.48391979531249996 0.1337102578125 0.48430465468749995 0.1276343171875 0.502136653125 0.1363611125 0.5085563828125 0.143495253125 0.48385029843750005 0.135781115625 0.4744585640625 0.15049276250000002 0.47085046718749995 0.1535079640625 0.4638855109375 0.1560677296875 0.4959414125 0.162029809375 0.4878646265625 0.182635228125 0.482032871875 0.1768553171875 0.47450131406249996 0.1908275703125 0.4504526984375 0.10206877343750001 0.43019930312500004 0.082430471875 0.43696114531249997 0.0705518484375 0.44921263125 0.047045090625 0.45225412968749995 0.0381588953125 0.4594916984375 0.0418679453125 0.47686934531249997 0.0290222078125 0.48819074531249995 0 0.4810038 0 0.57207165625
2 0.22465651250000002 0.149559090625 0.24986978125 0.16788819531250002 0.2548192078125 0.16278341093749998 0.24807218281250001 0.154321765625 0.274503053125 0.1521194796875 0.234509825 0.14325160625 0.22465651250000002 0.149559090625
2 0.0438383859375 0.2242547125 0.0615424640625 0.21563269843750002 0.07915545 0.21481485781249998 0.09276335937499999 0.2219829296875 0.12317653906249999 0.21374577343749998 0.1156673484375 0.1867946546875 0.10401644218749999 0.1795357109375 0.11000129843749999 0.1695078859375 0.10143390781249999 0.14943085312499998 0.05787895625 0.19435296875000002 0.016554260937500002 0.2157716953125 0.0438383859375 0.2242547125
2 0.26933798124999997 0.0919097625 0.2541936703125 0.132587678125 0.289351334375 0.1368051234375 0.307078178125 0.1262320671875 0.330903740625 0.0958759671875 0.35035987031250004 0.1047224703125 0.36023595468749997 0.096463940625 0.3797831703125 0.0975062703125 0.3828211390625 0.08859026875 0.35479761718749997 0.059666739062499995 0.2960193375 0.06824600625 0.28643929375 0.051140975 0.263649159375 0.076574034375 0.26933798124999997 0.0919097625
2 0.148401878125 0.1472499421875 0.165787146875 0.16594253125 0.20497266718749999 0.16022301875 0.21003595156250002 0.14536302031249998 0.187769571875 0.1259220859375 0.1505410484375 0.131550728125 0.148401878125 0.1472499421875
2 0.5001565640625001 0.6769125375 0.52543815 0.6893885125 0.52415223125 0.7157730296875 0.5309220234375001 0.7222836296875 0.573975996875 0.7202844609375 0.576968425 0.7152705453125 0.5673200625 0.70401864375 0.5676388671875 0.676704040625 0.5198859546875 0.6623465234375 0.5065057703125 0.6356680203125 0.47278135312499997 0.6762336921875 0.5001565640625001 0.6769125375
2 0.1215677046875 0.7705413734375 0.1195423890625 0.7764853734375 0.1876274578125 0.8084236515625 0.21520761406250002 0.7915431093749999 0.3052067859375 0.7893140734374999 0.331774284375 0.775405534375 0.30172545156249997 0.7524259984375 0.26665887499999996 0.7404043812500001 0.24488139687500002 0.7628654390625 0.22328609687499998 0.769718153125 0.20580973593750002 0.7588297359375 0.18237129531250001 0.7560181046875 0.1684901328125 0.7722625484375001 0.1215677046875 0.7705413734375
2 0 0.86895889375 0.026538720312500003 0.8685532578125 0.040101078125 0.8796234171874999 0.049886075 0.8791690609374999 0.0853625421875 0.8560719046875 0.11860874531250001 0.8564781359375001 0.13237605624999998 0.8499889093749999 0.1356417421875 0.8215624765625 0.1211805859375 0.803709103125 0.08973197499999999 0.816869303125 0.0114520234375 0.8205041546875 0 0.8323156468749999 0 0.86895889375
2 0.40988413125 0.7025540890624999 0.3864456890625 0.699742459375 0.3548376765625 0.7265599593750001 0.384124346875 0.7310500171875 0.3947625921875 0.741280965625 0.380926971875 0.7536233218749999 0.3798004578125 0.7663505359375 0.41889488906250005 0.7684351953124999 0.43650787500000005 0.767617353125 0.4464295015625 0.7554567390625 0.47180216875000003 0.760128540625 0.51231915 0.724122428125 0.5114431234375 0.71538816875 0.47455618125 0.6917511640625 0.40988413125 0.7025540890624999
2 0.878062278125 0.6418149921875 0.8880522140625 0.6238012484375 0.9067234046875001 0.616109321875 0.9078271484375 0.6053331484375 0.9323465625 0.5993196515625 0.9286147390625 0.58389305 0.9345995953124999 0.57386521875 0.8925810484375001 0.57094134375 0.8897480249999999 0.562297959375 0.8996696484375001 0.5501373453125 0.8889858546875 0.543808484375 0.8694158671875 0.5447171984375 0.857560015625 0.555017640625 0.8125718187500001 0.5551566375 0.814392184375 0.5667720234375 0.8417446249999999 0.5694019124999999 0.86021086875 0.5792693734375 0.8276357437499999 0.605156784375 0.8159165234374999 0.6037509703125 0.813129040625 0.591205496875 0.8004882500000001 0.584967509375 0.7533608765625 0.600805721875 0.7397301984375 0.5955886921875 0.7064156781250001 0.601035590625 0.6968356265625 0.5839305609375 0.6870506375 0.5843849156250001 0.6406398859375 0.6226146859374999 0.63555383125 0.63942573125 0.606198846875 0.6407887999999999 0.5982342218750001 0.6528585421875001 0.6069610171875001 0.659278271875 0.6075865546875 0.689474003125 0.66213203125 0.7083910796875 0.6738512531249999 0.709796896875 0.69558318125 0.691237925 0.7601186015625 0.6921412578125 0.7681970859375 0.6703163 0.8093396 0.6645059171875001 0.8349172171875001 0.65161833125 0.83710193125 0.6320170296875001 0.8604492859375 0.6426328328124999 0.878062278125 0.6418149921875
2 0.850002540625 0.8673662640625001 0.8693220374999999 0.8879190250000001 0.8820539171874999 0.886352840625 0.8783904093749999 0.86507310625 0.8619039359375 0.8531637359375001 0.84919483125 0.8527788781250001 0.850002540625 0.8673662640625001
2 0.5981403921874999 0.99606036875 0.659797240625 0.9922224 0.6180064125 0.9697880968750001 0.5981403921874999 0.99606036875
2 0.91088515 0.92986375625 0.9293513953125 0.9397312187500001 0.9405621249999999 0.93333304375 0.94275816875 0.8990642421875 0.9358599968749999 0.8848293999999999 0.9172115812499999 0.8905702828125 0.9080748953125 0.919269328125 0.91088515 0.92986375625
2 0.731785603125 0.941105046875 0.713922128125 0.9633843593750001 0.7002003609375 0.965971503125 0.69812950625 0.9758175890624999 0.7087905250000001 0.9840974921875001 0.7057753265625 0.9910624484375001 0.9239920765624999 0.9799547765625001 0.888231646875 0.9435905578125 0.856919665625 0.9450444984375 0.8355976281249999 0.9284846953124999 0.8023286453124999 0.9300295078125 0.7924753390625 0.9363369921875 0.7613910765624999 0.918280503125 0.7505706515624999 0.9236579046875001 0.751264503125 0.9480005046875 0.731785603125 0.941105046875