2 0.7287823999999999 0.1918265859375 0.7187923281249999 0.20619305312499997 0.72027890625 0.21472161406249998 0.7347287109375 0.225940834375 0.761005625 0.2205327375 0.7580324703125 0.203475615625 0.7404862750000001 0.1898522765625 0.7287823999999999 0.1918265859375
2 0.7098343828125 0.2213608890625 0.6958390265625 0.2178688609375 0.6967671625 0.20015363125 0.687818840625 0.19873666875 0.6602633328125 0.23264940156249997 0.664959909375 0.2455138796875 0.6885948828124999 0.24542885625 0.7055826390625 0.2328084046875 0.7098343828125 0.2213608890625
2 0.3642724171875 0 0.36633378906249997 0.008121725 0.37355869375 0.013731334375000001 0.40269535312500004 0 0.3642724171875 0
2 0.2886199328125 0.0768335890625 0.32764246875 0.0536677546875 0.3222546 0.0457972953125 0.277389746875 0.053365479687499995 0.259038646875 0.0428043640625 0.24928542031249998 0.044449621875 0.2461794140625 0.05863030625 0.2537355328125 0.0866201125 0.26704921875 0.078521359375 0.2886199328125 0.0768335890625
2 0.1389882671875 0.11182954687499999 0.16983852187499998 0.1339389359375 0.19232775625 0.1311207421875 0.193483115625 0.11726910625 0.18328505781249999 0.0946023734375 0.1403708484375 0.10184150781250001 0.1389882671875 0.11182954687499999
2 0 0.1789537203125 0.015491037499999999 0.189240021875 0.0349974953125 0.1859495046875 0.051170723437499996 0.192976078125 0.09328964687499999 0.17221436406249999 0.1231173984375 0.176937575 0.1311568234375 0.16290016093749998 0.1196897921875 0.1521532625 0.085847140625 0.14615635625 0.0755258484375 0.1381426265625 0.0670319734375 0.1444528546875 0.0631210640625 0.1616957578125 0.0573827359375 0.164614709375 0.042705709375 0.1495318953125 0.029732857812500003 0.163426040625 0.0079349203125 0.161250215625 0 0.1694069171875 0 0.1789537203125
2 0.5076488890624999 0.2671730359375 0.5090218531249999 0.273769803125 0.5223259203125 0.2822558546875 0.519333525 0.2983683359375 0.5358572109375 0.294605496875 0.5485835953125 0.3100173640625 0.56304301875 0.30465178125 0.5751069703125 0.27530325625 0.569719103125 0.2674327984375 0.54848921875 0.274915959375 0.5400049640625 0.2646413828125 0.5302517375 0.266286640625 0.5199304421875001 0.2582729125 0.5076488890624999 0.2671730359375
2 0.2886355328125 0.44556285156250003 0.3743503390625 0.4291527859375 0.3766514390625 0.418034321875 0.315035678125 0.42550175156250003 0.3127538140625 0.4034506109375 0.3018548453125 0.4023626953125 0.27235831250000003 0.4200196765625 0.267074434375 0.430665821875 0.2692426875 0.450785165625 0.28518869062499996 0.45394814375000003 0.2886355328125 0.44556285156250003
2 0.1631972796875 0.5067175765624999 0.1580366359375 0.5027107109375 0.12637185312500002 0.5002483468750001 0.1185692703125 0.5015645531249999 0.115122428125 0.5099498453125 0.13439204062500001 0.519380540625 0.1401207484375 0.5330463890625 0.160659334375 0.5305572484375001 0.1631972796875 0.5067175765624999
2 0.035448303125000004 0.5955755640625 0.0509398578125 0.59101135625 0.05312735 0.57796109375 0.06816445625 0.565669696875 0.044993546875 0.55689710625 0.0281194109375 0.571449353125 0.014124049999999999 0.5679573234374999 0.002420175 0.5699316328124999 0.0027610109375 0.5757270250000001 0.013536753125 0.5914679421875 0.035448303125000004 0.5955755640625
2 0.3238378890625 0.8766401984375 0.3294722234375 0.8552046453125 0.321101578125 0.8468618671874999 0.333619978125 0.8252405328125001 0.3265086875 0.8215627171875 0.2781969875 0.8375161984374999 0.254542778125 0.8707708265624999 0.2890671 0.8883585187499999 0.302267175 0.8783279687500001 0.3238378890625 0.8766401984375
2 0.4464262203125 0.7837753453125 0.4485944703125 0.8038946906250001 0.4655726015625 0.8078590437500001 0.4784414578125 0.7754482968749999 0.47558191406250006 0.7603229687499999 0.45492971249999997 0.7608803156249999 0.4464262203125 0.7837753453125
2 0.642116578125 0.66102035625 0.6184719859375 0.67769018125 0.6201857875 0.690082340625 0.636131790625 0.6932453187500001 0.6471539921875 0.6796802265624999 0.663099996875 0.6828432062500001 0.6674653562499999 0.6733274875 0.642116578125 0.66102035625
2 0.7766167687500001 0.6032143953125 0.7892295421875 0.6166944640625001 0.8125332999999999 0.5942292421875 0.7907449765625 0.575468615625 0.78294239375 0.576784821875 0.77467574375 0.58695864375 0.7766167687500001 0.6032143953125
2 0.9256052453124999 0.4902884390625 0.9422329218750001 0.505042203125 0.954050409375 0.5049996906249999 0.9624306703125001 0.4967576703125 0.9671464859375 0.4764525421875 0.928938475 0.47997135 0.9256052453124999 0.4902884390625