2 0 0.8835301359375001 0.0011428640625 0.883264125 0.0092519234375 0.8777182437500001 0.0121548796875 0.8592730546875 0.0082871546875 0.830644575 0 0.8291733765625 0 0.8835301359375001
2 0.20141885468749998 0.789088609375 0.1611597234375 0.8248522046875 0.1986221375 0.8305048906250001 0.21658478125 0.8017602109374999 0.2109725359375 0.79078465 0.20141885468749998 0.789088609375
2 0.3441516671875 0.7984608468750001 0.32365967812499996 0.7828478734375001 0.2936002828125 0.7984678890625 0.31391233281250003 0.82901776875 0.3275873828125 0.8064973859375 0.3429332484375 0.8042320828125 0.3441516671875 0.7984608468750001
2 0.8262827703125 0.3551530703125 0.80903989375 0.324150134375 0.7968831609375 0.3160044390625 0.7857649078125 0.3170244125 0.7782282031250001 0.3386386734375 0.7557055171875 0.3326444296875 0.749913328125 0.3366057703125 0.7501395234375 0.34961893125 0.782502065625 0.3653434078125 0.7901450078125001 0.36670024218749997 0.798314053125 0.3561753921875 0.8173014453125 0.3695254109375 0.8262827703125 0.3551530703125
2 0.45942662343749996 0.41676224375000004 0.473434109375 0.43022611718750003 0.489592253125 0.424113325 0.4970089984375 0.41245699687500004 0.47448631093750004 0.4064627515625 0.45942662343749996 0.41676224375000004
2 0.213020525 0.4618335375 0.2295248265625 0.4587759671875 0.23114938437500002 0.45108098593749996 0.19687610312499998 0.4350173 0.167808934375 0.431852921875 0.145106303125 0.4407955796875 0.15228312500000002 0.4490551296875 0.213020525 0.4618335375
2 0 0.4717950109375 0.031020799999999998 0.46944049843749996 0.03727910625 0.4585764421875 0.023211640625 0.4500915390625 0 0.4506222109375 0 0.4717950109375
2 0.1234269125 0.07869243125 0.07746302187500001 0.0475803375 0.07212323125 0.0775679984375 0.1103379421875 0.0843521640625 0.1234269125 0.07869243125
2 0.3769635765625 0.0139306203125 0.362489971875 0.0073694625 0.3301137046875 0.0245740203125 0.337982846875 0.038944009375 0.351357990625 0.0413184671875 0.374060621875 0.032375809374999995 0.3769635765625 0.0139306203125
2 0.46387891718749996 0.0153895625 0.4398516359375 0.007132365625 0.4228812125 0.0170926515625 0.433067225 0.0298781046875 0.46387891718749996 0.0153895625
2 0.50706821875 0 0.5283178281249999 0.038804326562500005 0.5417529562500001 0.0361998140625 0.548477384375 0.0184330453125 0.5474988890625 0.004288409375 0.53754920625 0 0.50706821875 0
2 0.91987628125 0.3108951796875 0.9243300906249999 0.322663009375 0.9553079984374999 0.326166596875 0.95843715 0.32073456718750004 0.9371328796875 0.3089690859375 0.91987628125 0.3108951796875
2 0.8518436093749999 0.7129556703125 0.8211056250000001 0.6895362109375001 0.7904738765625 0.6890878484375 0.801758346875 0.70606 0.836031628125 0.7221236859375 0.8479021796874999 0.722235190625 0.8518436093749999 0.7129556703125
2 0.7429316874999999 0.6936207999999999 0.719596721875 0.6914740453125 0.7164075859375 0.701885040625 0.7339503625 0.7079931390625 0.7487101484375 0.7225884875 0.7667790265625001 0.7168149046875001 0.7735034546875 0.69904813125 0.7674850703125 0.689996315625 0.7541099203125 0.6876218578125 0.7429316874999999 0.6936207999999999
2 0.6414690359375 0.7235086984375 0.616449528125 0.734035896875 0.6059036296875 0.7511242499999999 0.614298871875 0.7536125609375001 0.6414690359375 0.7235086984375
2 0.5966361296875 0.7574624 0.6009837046875 0.746259134375 0.584839284375 0.719442896875 0.5771963421875 0.7180860625000001 0.5715103890625 0.7450185015625 0.49207177656249995 0.7269242625000001 0.47845670625 0.744465678125 0.46351698125 0.744807234375 0.48053365625 0.7627970140625 0.51752995 0.775352415625 0.5248867171875 0.7686750578125 0.5577753578125 0.772517853125 0.5763103578125001 0.759841553125 0.5966361296875 0.7574624