2 0.07128906406249999 0.0625 0.06347656406249999 0.0625 0.056640625 0.06738281406249999 0.05859375 0.07910156406249999 0.0703125 0.10644531406249999 0.08203125 0.11035156406249999 0.09375 0.10644531406249999 0.09375 0.09082031406249999 0.08203125 0.08300781406249999 0.07128906406249999 0.0625
2 0.125 0.2548828140625 0.130859375 0.2568359359375 0.150390625 0.2373046859375 0.1318359359375 0.197265625 0.125 0.2041015640625 0.125 0.2548828140625
2 0.109375 0.2353515640625 0.107421875 0.1865234359375 0.09667968593750001 0.177734375 0.080078125 0.2333984359375 0.109375 0.2353515640625
2 0.412109375 0.1591796859375 0.419921875 0.1943359359375 0.427734375 0.1982421859375 0.4375 0.1611328140625 0.4296875 0.1435546859375 0.4130859359375 0.130859375 0.412109375 0.1591796859375
2 0.376953125 0.09472656406249999 0.376953125 0.10253906406249999 0.3828125 0.10253906406249999 0.3974609359375 0.09375 0.421875 0.09277343593750001 0.3935546859375 0.056640625 0.376953125 0.09472656406249999
2 0.728515625 0.1513671859375 0.732421875 0.1337890640625 0.7275390640625 0.130859375 0.716796875 0.1357421859375 0.70703125 0.1552734359375 0.732421875 0.1943359359375 0.734375 0.2158203140625 0.7578125 0.2353515640625 0.763671875 0.2021484359375 0.73828125 0.1904296859375 0.73828125 0.1650390640625 0.728515625 0.1513671859375
2 0.7900390640625 0.35546875 0.787109375 0.4072265640625 0.802734375 0.4326171859375 0.810546875 0.4326171859375 0.8203125 0.3837890640625 0.8056640640625 0.392578125 0.8046875 0.3662109359375 0.7900390640625 0.35546875
0 0.791015625 0.4619140640625 0.7890625 0.4423828140625 0.7783203140625 0.431640625 0.767578125 0.4716796859375 0.7578125 0.4794921859375 0.759765625 0.5009765640625 0.7666015640625 0.50390625 0.7802734359375 0.4921875 0.79296875 0.5107421859375 0.7998046859375 0.486328125 0.8232421859375 0.490234375 0.82421875 0.4853515640625 0.791015625 0.4619140640625
2 0.65625 0.7978515640625 0.6396484359375 0.78515625 0.6259765640625 0.791015625 0.6142578140625 0.775390625 0.609375 0.7900390640625 0.62109375 0.8134765640625 0.619140625 0.8564453140625 0.638671875 0.8623046859375 0.6484375 0.8916015640625 0.658203125 0.8974609359375 0.662109375 0.8759765640625 0.6484375 0.8505859359375 0.6484375 0.8173828140625 0.65625 0.7978515640625
2 0.11328125 0.3603515640625 0.119140625 0.3623046859375 0.1328125 0.3486328140625 0.1279296859375 0.337890625 0.115234375 0.3427734359375 0.11328125 0.3603515640625
2 0.185546875 0.4951171859375 0.185546875 0.5107421859375 0.1953125 0.5107421859375 0.205078125 0.4853515640625 0.2001953140625 0.455078125 0.189453125 0.4599609359375 0.185546875 0.4951171859375
2 0.146484375 0.4189453140625 0.15234375 0.4189453140625 0.162109375 0.3916015640625 0.1474609359375 0.380859375 0.14453125 0.4072265640625 0.146484375 0.4189453140625
2 0.236328125 0.6240234359375 0.23828125 0.6416015640625 0.248046875 0.6474609359375 0.2578125 0.6337890640625 0.255859375 0.6162109359375 0.2490234359375 0.611328125 0.236328125 0.6240234359375
2 0.3134765640625 0.712890625 0.3037109359375 0.712890625 0.28125 0.7275390640625 0.279296875 0.7412109359375 0.296875 0.7626953140625 0.30078125 0.7939453140625 0.322265625 0.8115234359375 0.326171875 0.7900390640625 0.310546875 0.7568359359375 0.318359375 0.7216796859375 0.3134765640625 0.712890625
2 0.908203125 0.8662109359375 0.916015625 0.8681640640625 0.943359375 0.8466796859375 0.9443359359375 0.83203125 0.908203125 0.8330078140625 0.908203125 0.8662109359375
2 0.453125 0.2412109359375 0.462890625 0.2666015640625 0.451171875 0.2783203140625 0.466796875 0.2998046859375 0.474609375 0.2900390640625 0.47265625 0.2373046859375 0.4560546859375 0.234375 0.453125 0.2412109359375