2 0.34089771875 0.91851975 0.3316514609375 0.9129694546874999 0.3221280609375 0.9181824765625001 0.33177742499999996 0.9287178140625001 0.34089771875 0.91851975
2 0.2779374703125 0.9487790265625 0.2661969859375 0.9644157468750001 0.2342507703125 0.9666861640625 0.2303204765625 0.974844146875 0.244076496875 0.9841326328125 0.311974796875 0.9960194046874999 0.32520174062499996 0.9845744906249999 0.321649365625 0.9642947015625 0.29968004531250003 0.9574999078124999 0.2958253421875 0.914560628125 0.29408693750000003 0.9545549546875 0.2779374703125 0.9487790265625
2 0.4310424796875 0.9264379937499999 0.40068349999999997 0.9152257640625001 0.390253109375 0.9281431578125 0.4053948078125 0.9592979046875 0.43792048437500003 0.9689236640625 0.4561106828125 0.9573647578125 0.4739481609375 0.9319835859375001 0.46150224218749997 0.9199757703125 0.4421027265625 0.9165795515624999 0.4310424796875 0.9264379937499999
2 0.6649200171875 0.8907165515625 0.692532834375 0.891619075 0.69709298125 0.8865200421875 0.677794246875 0.8654493703125 0.6605614296875 0.860466678125 0.642194878125 0.8651144499999999 0.6278845828125 0.877352596875 0.6649200171875 0.8907165515625
2 0.8716130453125001 0.8168175859375 0.8798011484374999 0.85658393125 0.908043821875 0.8605454031249999 0.927871640625 0.8266666265625 0.9100593609375001 0.8097877609375 0.8716130453125001 0.8168175859375
2 0.7676870703125 0.84187089375 0.7554678921875 0.8279369843750001 0.7174750796875 0.831114628125 0.7056842 0.8555885734374999 0.7161397828125 0.8760939953125 0.7552663359375 0.863285890625 0.7669060453125 0.8653236234374999 0.7791252203125001 0.8792575312500001 0.79199944375 0.8539903499999999 0.7892532796875 0.84368064375 0.7676870703125 0.84187089375
2 0.1001422109375 0.6090241140625 0.0891323578125 0.610045328125 0.1107237640625 0.6452778921875 0.09669060625 0.6467527234375 0.099839878125 0.662047471875 0.08278341875 0.6639759140625 0.0973456515625 0.6832344859374999 0.12324526250000001 0.6818712953125 0.1382861890625 0.65501764375 0.11304163281249999 0.6171797453125001 0.1001422109375 0.6090241140625
2 0.2066631875 0.62079219375 0.211349303125 0.6314415171875 0.19401570937499998 0.6441332796875 0.2588907125 0.656473665625 0.27189090781249997 0.64695484375 0.2982440125 0.64173946875 0.29892425624999996 0.635961190625 0.2662726078125 0.610587071875 0.2125334328125 0.6129738312499999 0.2066631875 0.62079219375
2 0.7106726812499999 0.5861659875 0.6916006890624999 0.563169221875 0.668044134375 0.5698570765625 0.6716469015625 0.5812996390625 0.6920793749999999 0.59273985 0.7099924375 0.591944265625 0.7106726812499999 0.5861659875
2 0.51010184375 0.6080604609375 0.483622765625 0.5975274765624999 0.4791633953125 0.5849520546875 0.45268431875 0.5744190703125 0.43250378281249996 0.5944755796875001 0.402144803125 0.58326335 0.40096067343749997 0.6017310359375 0.3916136328125 0.613855196875 0.44484892656249997 0.624157846875 0.46926208281250004 0.6186028515625 0.476215675 0.6099912546875 0.5050882015625 0.617011678125 0.51010184375 0.6080604609375
2 0.9253774515625001 0.545122234375 0.8988983734374999 0.534589246875 0.89280138125 0.5443337015624999 0.9177436109375 0.5595121046875 0.9253774515625001 0.545122234375
2 0.77731128125 0.516252009375 0.7745903078125 0.5393651171875 0.7854993859375 0.5560183515625 0.7932591921875 0.5573768390625 0.8043194343750001 0.5475183953125 0.829085309375 0.5557856671875 0.83364545625 0.550686634375 0.8152033203125001 0.5307488203124999 0.8093078859375 0.505144365625 0.77731128125 0.516252009375
2 1 0.49403303593750003 0.9929986234375001 0.49208947031249994 0.98193838125 0.501947915625 0.954955415625 0.5041043421875 0.962841190625 0.521211190625 0.9590368671875 0.5451175312500001 0.9743297328124999 0.5497605984375 1 0.530964675 1 0.49403303593750003
2 0.77897413125 0.22462354062499998 0.7738345234375 0.2178263984375 0.7602044703125 0.22428626718750003 0.7547373328125 0.2370896734375 0.760506796875 0.2469457625 0.7760767984375 0.24082551406250002 0.77897413125 0.22462354062499998
2 0.8482329234374999 0.224953759375 0.8433956374999999 0.2408161109375 0.8327888890624999 0.2468223703125 0.8627447609375001 0.2530495546875 0.8929777765625 0.248513425 0.87967525 0.235372753125 0.8812624859374999 0.22189010625 0.872872828125 0.2174726703125 0.8482329234374999 0.224953759375
2 0.9101602015625 0.2623333390625 0.9204898109374999 0.2670904015625 0.9518565656250001 0.2529238109375 0.9750604015625 0.2324136890625 0.97488404375 0.22550255312499998 0.96369783125 0.21961263749999999 0.9470444812500001 0.226526121875 0.9177940375 0.24794346875 0.9101602015625 0.2623333390625
2 0.3113702234375 0.2695547484375 0.3239925015625 0.2884736953125 0.340771825 0.29730857187500004 0.3631190609375 0.27566559375 0.3129070703125 0.2649093265625 0.3113702234375 0.2695547484375
2 0.47939017812499995 0.28029455468750003 0.4863437765625 0.271682959375 0.46505469687499995 0.2591098890625 0.4858147 0.25094955625000004 0.47508198281249997 0.2412074546875 0.471705965625 0.2278388015625 0.45298669374999995 0.2186643046875 0.44454664375 0.2230840921875 0.42817042812499995 0.21923426093749998 0.43925586250000004 0.2427986265625 0.432075521875 0.2533363140625 0.40184250937500005 0.2578724484375 0.4090984296875 0.2719203453125 0.47939017812499995 0.28029455468750003