2 0.16919678437500002 0.489004075 0.1770328265625 0.498006671875 0.20428202187500002 0.4988035875 0.232972034375 0.486969915625 0.2316070453125 0.475232096875 0.20729004374999999 0.45794890937500005 0.1570382765625 0.4428317203125 0.1505672265625 0.4455669453125 0.152791653125 0.4563550765625 0.16955066875 0.475366878125 0.16919678437500002 0.489004075
2 0.50020625 0.4080258921875 0.5174960890625 0.40658189375 0.546135546875 0.38597331874999996 0.5971961921875 0.3913659125 0.6075094296875 0.37996962968750003 0.6250267734375 0.3804819328125 0.6347080703125 0.37199164375 0.5818274390625 0.35094862187500003 0.5746991703125001 0.3146716265625 0.542975846875 0.3254417609375 0.5132241703125 0.303125509375 0.5028603796875 0.3057468921875 0.5029614921875 0.3232966953125 0.49219325625000004 0.330780371875 0.48931162031250003 0.35604155 0.4808941953125 0.358719853125 0.4830175109375 0.351958175 0.46539905781249996 0.3338960625 0.4631240765625 0.3143330296875 0.4518502890625 0.30912919843750003 0.4354704421875 0.3183984125 0.4103951125 0.3196147203125 0.3917150125 0.34246421250000003 0.34477460781249997 0.339141765625 0.3329194359375 0.345618828125 0.3329699921875 0.354393734375 0.3154526546875 0.3538814296875 0.3036480390625 0.3691333984375 0.291337875 0.3716978546875 0.292576478125 0.399029178125 0.272935825 0.40527855468749996 0.266970325 0.420701290625 0.27457886875000004 0.42774758124999995 0.2745030390625 0.45211598750000004 0.315730715625 0.43967416249999997 0.359460871875 0.4487516734375 0.376068221875 0.44143876249999997 0.38787283125 0.4261867953125 0.44798284062500004 0.42599509218750004 0.4472750625 0.3782079703125 0.45604637031250006 0.3618924640625 0.4785433875 0.363525228125 0.47932699218749997 0.38694394375 0.50020625 0.4080258921875
2 0.8279548906249999 0.17390481875 0.8293704359375 0.19441754375 0.81774276875 0.202850909375 0.798734053125 0.206194290625 0.7607418984375001 0.179737740625 0.726971090625 0.172901146875 0.7248477796875 0.179662825 0.736854615625 0.19951047187499998 0.7376382234375 0.2229291875 0.7056368484375 0.222968115625 0.707507390625 0.24739344375 0.6935794671875 0.269407090625 0.6284392249999999 0.25970343125 0.620021803125 0.26238173593749997 0.6202998578125001 0.273112940625 0.6468412859375 0.301184259375 0.668251365625 0.3018104078125 0.6737365953125 0.315618375 0.6994944171874999 0.3202709765625 0.704297153125 0.32821003437499996 0.7140290046875 0.3284946484375 0.73900321875 0.3097285328125 0.7833147625 0.3071251453125 0.7873844437499999 0.3004203875 0.7795484015625 0.2914177953125 0.7479009140625 0.277819525 0.7827839234375 0.25251942031249996 0.802525690625 0.2638198546875 0.8267163046875 0.2966965453125 0.83839453125 0.29703808125000003 0.8538643921875 0.2799436546875 0.8988584218750001 0.283209178125 0.89509206875 0.26750182968749997 0.8576054624999999 0.2537327921875 0.8642029015625001 0.23540406093750002 0.9089694359375 0.2367132796875 0.9458493734375001 0.220245003125 0.9805301734375 0.23490680937500003 0.9923853406250001 0.22842974374999997 0.9864451140625 0.210709171875 0.9642514265625 0.18666430625 0.9950647531250001 0.1680689578125 0.985737328125 0.0878605203125 0.912963271875 0.10425388124999999 0.911522453125 0.11688446718750001 0.8951931640625 0.13492858593749998 0.8537379875 0.1454141078125 0.8553810296875 0.1678831375 0.8279548906249999 0.17390481875
2 0.1307243125 0.11647060625000001 0.1323926296875 0.1057963203125 0.11527973124999999 0.10042172187500001 0.11252448125 0.1100893921875 0.11709971718750001 0.116072146875 0.1307243125 0.11647060625000001
2 0.309664059375 0.062239467187499994 0.2964439046875 0.056978709375000006 0.2846392875 0.072230678125 0.272506065625 0.0679765359375 0.2526884734375 0.08104451093750001 0.2616114484375 0.09105371718750001 0.3043052234375 0.10789951874999999 0.3120401546875 0.099352303125 0.309664059375 0.062239467187499994
2 0.0950829796875 0.1602702078125 0.11191782187499999 0.1549136015625 0.120916628125 0.1405543984375 0.095462134375 0.1134896953125 0.07920867031249999 0.1071654046875 0.0485217296875 0.11016725000000001 0.03408825 0.1194933859375 0.062121054687499996 0.14370901875 0.0893702515625 0.1445059359375 0.0950829796875 0.1602702078125
2 0.4386553796875 0.04554055625 0.46979731874999997 0.0464513171875 0.46906426718749994 0.03180750625 0.436835396875 0.0298901296875 0.4386553796875 0.04554055625
2 0.6696669578125001 0.6976307562499999 0.693250909375 0.70027013125 0.709377984375 0.7221879265625 0.7177954078125001 0.719509621875 0.722218975 0.6991676671875 0.7498726125 0.6951022890624999 0.7442104406250001 0.6881129203125 0.7203989890625 0.683517240625 0.7030080359374999 0.6674114343750001 0.6662544859375 0.6682862078125 0.657887615625 0.6797394140625 0.6696669578125001 0.6976307562499999
2 0.5423945109375 0.7124302859375 0.5588754734375 0.7207108796874999 0.5351145765624999 0.7248901046875 0.5338507046875 0.7307020921875 0.5518230359375 0.7351270015625 0.5709328671875 0.749333428125 0.5892590875 0.7401211375 0.631497865625 0.7530543328125 0.6369578140625001 0.724944084375 0.6522001734375 0.7058933546875 0.6331409015625 0.7004618328125 0.6218165609375 0.6864830984375 0.5729297828125001 0.6831037281250001 0.566736784375 0.6965701625 0.54148451875 0.7046050734375 0.5423945109375 0.7124302859375
2 0.880961959375 0.6297234859375 0.8573274546875 0.61830920625 0.86008270625 0.6086415390625 0.8507552890625 0.6034946265625 0.821559725 0.6026407890625001 0.7987846515625 0.5902768203125001 0.76592384375 0.5912654390625 0.7573294749999999 0.6007623421875 0.789204465625 0.616316915625 0.77545348125 0.6315119625000001 0.7984560515625 0.6458322359374999 0.7790428953124999 0.6540379125 0.7754282078125 0.6646552765625 0.7977988375 0.6818815390624999 0.807530696875 0.6821661515625 0.827120790625 0.667141875 0.8550524796875001 0.6738077 0.8391023453124999 0.6450713046875001 0.8868516312500001 0.6386691578125 0.880961959375 0.6297234859375
2 1 0.535715415625 0.99827504375 0.53762151875 0.9854593265625 0.527498465625 0.974918590625 0.536938446875 0.9326798109375 0.524005253125 0.9255768203124999 0.529646471875 0.9311126046875 0.55222934375 0.9478210656250001 0.5624662390624999 0.9386453171875001 0.5836440421875 0.95340740625 0.5938240140625 0.9578057015624999 0.606625371875 0.9716577953125001 0.6089801328125 0.9819710328125 0.59758385 1 0.5927730390625 1 0.535715415625
2 0.407538803125 0.7621017359375 0.3435360578125 0.7621795921875 0.33757055937499997 0.7776023296875 0.3503862765625 0.78772538125 0.36401087187500003 0.7881238390624999 0.4056935453125 0.7795946203125 0.41297347812499996 0.767134803125 0.407538803125 0.7621017359375
2 0.9816637984375 1 0.9810358125 0.9982095734374999 0.9889476828125 0.9828437609374999 0.9704697921875001 0.9657313390625 0.940111465625 0.9882392937500001 0.9356373375 0.999806346875 0.93584644375 1 0.9816637984375 1