1 0.7841870296875 0.845275284375 0.775282784375 0.8262831500000001 0.7342793125 0.8319392140625 0.6961339828125 0.82506878125 0.72165896875 0.8459052796875 0.7374786265625 0.8779350812500001 0.7522128875 0.891381684375 0.7658162749999999 0.87844210625 0.7912161640625001 0.87782040625 0.770583646875 0.858214865625 0.7841870296875 0.845275284375
2 1 0.9704501796875 0.9998763796875 0.9716150328125 0.9764766890625 0.980141946875 0.9970978359375 0.99779674375 1 0.9983935781250001 1 0.9704501796875
2 0.99007480625 1 0.9696636265624999 0.9846609921875 0.9089310656249999 0.9580827859375001 0.8718711328125 0.9697955531250001 0.8522557734375 0.9570687375 0.8287764765625001 0.9519404375 0.8200655609374999 0.966110975 0.8241114515625 0.9897243874999999 0.837597021875 1 0.99007480625 1
2 0.2949124796875 0.8850155828125 0.3106184140625 0.897537928125 0.33795027499999997 0.893116971875 0.324062590625 0.857287915625 0.28696853437500003 0.8631484468749999 0.2684954296875 0.878758559375 0.26950121875 0.8836865375 0.2949124796875 0.8850155828125
2 0.21917906562499997 0.9668612453125001 0.23869207499999998 0.9620313515625 0.240589925 0.9523798593749999 0.2034276421875 0.9465359171875001 0.19550644374999998 0.9285702703125001 0.174015971875 0.9293964406249999 0.1592362203125 0.908146859375 0.15914524375 0.8925408953125 0.1503206046875 0.887203975 0.11722695937500001 0.9088749390625 0.09762297187499999 0.8980988703125 0.0722117046875 0.8967698234375 0.0693308109375 0.9053948265624999 0.0772520125 0.923360475 0.0616825453125 0.9342470734375 0.053977415625000004 0.9533455906249999 0.0716153171875 0.9620686812500001 0.06881402812500001 0.9843488984375 0.0903158703125 0.9854734765625001 0.13503544218750002 0.9468592109375 0.141047421875 0.972525603125 0.1527643234375 0.9711882640624999 0.170254384375 0.9545516624999999 0.2075303953125 0.979903059375 0.21917906562499997 0.9668612453125001
2 0.4255825515625 0.8411458953125001 0.4451296796875 0.8421682374999999 0.45298264687499995 0.8484294109375 0.47251839999999995 0.8475010078125 0.49017904375 0.8601255875 0.49596357968750004 0.8467770734375 0.532085959375 0.8418407984374999 0.5241420140625 0.819973659375 0.54462669375 0.8142195109375001 0.5484565140625 0.8007687625000001 0.537654421875 0.7914281203125 0.541484240625 0.77797736875 0.518953871875 0.7680233203125 0.5004580187500001 0.7797319390624999 0.4937700484375 0.8057091843749999 0.38415830156249997 0.774624378125 0.3793681859375 0.7909501296875 0.3549854546875 0.7984505546875 0.3520931859375 0.8051248125000001 0.39422754375 0.8258549296875 0.409990340625 0.848131003125 0.4255825515625 0.8411458953125001
2 0.5768623953125 0.812980259375 0.569236871875 0.8457339906250001 0.5760840515625001 0.8470671859375001 0.6013588515625 0.8249872859374999 0.6316284671875 0.8216950515624999 0.6286452234375 0.812763346875 0.6051545546875 0.8056843 0.596307171875 0.796445890625 0.601165525 0.7918246124999999 0.63247504375 0.7993125984375 0.6559315953125 0.8005394078125001 0.6715238078125 0.7935543 0.7008558671875 0.797038559375 0.7037026453124999 0.78256131875 0.7425580828125 0.743640353125 0.741540925 0.736761625 0.7044241265625 0.738720665625 0.6867407375 0.7221945937500001 0.681961990625 0.7404710921875 0.663432025 0.7463274734375 0.6319632953125 0.7115290546875 0.6085522328125 0.718105225 0.5989378765625 0.7449044890625001 0.5589288156250001 0.7535377890625 0.5825104609375 0.7762227968750001 0.582567321875 0.7859765249999999 0.5669864812500001 0.7949123765625 0.5768623953125 0.812980259375
2 1 0.6686200437500001 0.965866615625 0.6685380000000001 0.9608718015625 0.6497503359375 0.9540246187499999 0.648417140625 0.9444216421875 0.67716715 0.9034067890624999 0.6808724671874999 0.8964913765625001 0.6678348015625 0.9062194515625001 0.660542990625 0.8964231437500001 0.6561303281249999 0.8944115703125 0.6462743703125 0.8659488312500001 0.6243091453125 0.8522658390625001 0.62359350625 0.8474188609375 0.6301655265624999 0.8612383171875001 0.6542901125 0.8211837640624999 0.6551204312500001 0.806597340625 0.6670335171875 0.8212974859375001 0.674627884375 0.8681764718749999 0.6712292703125 0.8682333328125 0.680982996875 0.8438733453125 0.6923849125 0.87225648125 0.7006949203125 0.8773195328125001 0.7311870609375 0.8979065640625 0.74298961875 0.9144590718750001 0.7331295109375 0.91719213125 0.6991448171875 0.9621391453125 0.699545459375 0.971946828125 0.705908865625 0.977674496875 0.6828066234375 1 0.6849864390625 1 0.6686200437500001
2 1 0.264517828125 0.9791047859375 0.257748590625 0.9821562640625 0.2783847671875 0.9655355234374999 0.27654040625 0.9597509859375 0.2898889203125 0.9431643624999999 0.2938967953125 0.9432553390624999 0.3095027578125 0.9257311578125 0.3202871234375 0.95997843125 0.32890382812499996 0.9678541421875 0.3390664921875 0.9814575296875001 0.3261269140625 1 0.3270967125 1 0.264517828125
2 0.5737868703125 0.4530166109375 0.608000028125 0.455781084375 0.594214690625 0.437508734375 0.610676225 0.4120426640625 0.5969704890624999 0.4074255328125 0.5919870453125 0.3905886078125 0.5772868953125 0.38299424531250004 0.5636948890625 0.3978845671875 0.5324308578125 0.39819956562500003 0.5296068234375 0.41657829687500003 0.512048525 0.42151042343749995 0.516986484375 0.43054436406249996 0.5502962015625 0.44593756406249996 0.55135885 0.4606192734375 0.5621268265625 0.464107678125 0.5737868703125 0.4530166109375
2 0.62252959375 0.43411426875 0.638190040625 0.4388336328125 0.6547539203125 0.4309242703125 0.6634307171875 0.41090149531250003 0.675147621875 0.40956415625 0.6967631859375001 0.4301961875 0.7143442249999999 0.4291655484375 0.7378576375 0.44014608749999995 0.74059069375 0.40616139375 0.7865435015625 0.4114900171875 0.769786290625 0.386236709375 0.800033159375 0.379042984375 0.803897096875 0.3714444703125 0.7970385453125 0.36816053437499996 0.7998966921874999 0.3556340390625 0.7744626875 0.350403503125 0.733629790625 0.38532074843749997 0.7198444562499999 0.36704839843750003 0.706127346875 0.36048052343750003 0.6729086078125001 0.3606932859375 0.66322601875 0.375788078125 0.6436561484375 0.3708642453125 0.6309903203125 0.37702733125 0.6175916375 0.42508032812499996 0.62252959375 0.43411426875
2 0.42725165781249996 0.4570535171875 0.41948966875 0.46639830625 0.40187450625 0.46157670624999997 0.36969566875000004 0.4725696859375 0.3883507328125 0.48817150312499996 0.4000790078125 0.4887849078125 0.41564847499999996 0.477898309375 0.4313202921875 0.48456842031249997 0.44104836562500005 0.47727660937499994 0.460595490625 0.4782989515625 0.462516090625 0.47254895 0.42725165781249996 0.4570535171875
2 0.14269378125 0.5845317328124999 0.1523991078125 0.5733384312500001 0.10141736875 0.5433699062499999 0.07206256562499999 0.53598415625 0.05743065000000001 0.5400942640624999 0.052640532812499995 0.5564200140625 0.0229600109375 0.5634790390625 0.0229909109375 0.5642373828125 0.027308871875 0.5687461859375 0.07813139999999999 0.5714042765625 0.093860078125 0.5878281140625 0.14269378125 0.5845317328124999
2 0.18315139062500002 0.48523989062500006 0.14597773593750002 0.4774452046875 0.1489723515625 0.488327653125 0.1441139984375 0.4929489328125 0.11284996875 0.4932639296875 0.10411630937500001 0.503532978125 0.115901446875 0.51390010625 0.11502075468749999 0.530430328125 0.15992228125000002 0.5230279890625 0.18157196250000002 0.54951225625 0.1990961390625 0.5387278906249999 0.2265076046875 0.5479621515625 0.23229214062499998 0.5346136375 0.260595671875 0.529268421875 0.23504794062499998 0.5045304328125 0.239894921875 0.4979584109375 0.2692156078125 0.4994919234375 0.292603925 0.4890142625 0.277858290625 0.4736169171875 0.2875522484375 0.46047286718749997 0.2629989359375 0.4387121140625 0.2513275203125 0.447852434375 0.2395765 0.44333753906249995 0.23276343437499997 0.44785658437500003 0.24263934687500002 0.46592446093750006 0.2378606 0.484200959375 0.23004175 0.4837920203125 0.226086834375 0.4757845703125 0.20653970937500002 0.4747622296875 0.18315139062500002 0.48523989062500006
2 0.5774902953125001 0.082681684375 0.606833725 0.0881166875 0.6156015046875 0.083699878125 0.6145502281249999 0.07096891718750001 0.6340859812499999 0.0700405140625 0.6399046328125 0.062544234375 0.6251589953125001 0.047146890625 0.6290115593750001 0.037597628125 0.6083562984374999 0.014090598437499999 0.59076388125 0.013170489062499999 0.584041796875 0.0332954984375 0.56064210625 0.0418224109375 0.5744729328125 0.06789774374999999 0.5364413265625 0.080534765625 0.5335490625 0.087209021875 0.5774902953125001 0.082681684375
2 0.3077740671875 0.07442559531250001 0.2705776625 0.06272941875 0.2676740265625 0.0674529328125 0.2873121296875 0.08408123749999999 0.240467259375 0.0933320890625 0.2424788328125 0.1031880484375 0.26309997812499997 0.12084284375000001 0.18502519374999998 0.1362609296875 0.1763142796875 0.15043146406250002 0.1890483421875 0.155972853125 0.224199053125 0.1519608328125 0.23110309375 0.163047753125 0.20779438125 0.187180628125 0.2537358171875 0.19055850937500002 0.27146469375 0.2148875609375 0.27928354375 0.2152964984375 0.2869773 0.19424723593749998 0.31042247968750003 0.1935233015625 0.3191675140625 0.185205 0.3151898546875 0.17329605937499998 0.3034274625 0.1668304203125 0.3014045171875 0.1550237125 0.34732320781250003 0.1545000984375 0.35012449375 0.13221987500000001 0.38029175937500004 0.11137093437500001 0.394145334375 0.14134775625 0.425295640625 0.1215253046875 0.4722087453125 0.12397892656250001 0.47998210781250006 0.11658488125 0.5190536156250001 0.114728075 0.5228720625000001 0.09932658125 0.48370957812500004 0.0855774234375 0.4505590640625 0.097494659375 0.41731757968750005 0.09380593125 0.4124023671875 0.08867348124999999 0.4279263453125 0.0699839 0.40637901875000004 0.0610563421875 0.39741791718749997 0.03231048125 0.378143721875 0.0781060296875 0.36837015625 0.0775948578125 0.3526414765625 0.061171021874999995 0.3331057234375 0.0620994234375 0.3077740671875 0.07442559531250001
1 0.765438384375 0.14321555156250002 0.755505609375 0.1153939453125 0.7343676828125 0.176693221875 0.766489659375 0.155946515625 0.765438384375 0.14321555156250002
2 0.03885335625 0.9535296546875 0.0396384140625 0.9727963671875001 0.0413911890625 0.97316389375 0.049153178125 0.9638191031250001 0.0451868921875 0.9538609078125001 0.03885335625 0.9535296546875