2 0.08886718593750001 0.84765625 0.083984375 0.8974609359375 0.08984375 0.9013671859375 0.099609375 0.8955078140625 0.1015625 0.8857421859375 0.09765625 0.8603515640625 0.08886718593750001 0.84765625
2 0.080078125 0.9638671859375 0.080078125 0.9736328140625 0.08984375 0.9755859359375 0.111328125 0.9599609359375 0.11230468593750001 0.927734375 0.099609375 0.9326171859375 0.080078125 0.9638671859375
2 0.263671875 0.3916015640625 0.265625 0.4365234359375 0.271484375 0.4365234359375 0.2890625 0.4150390640625 0.2705078140625 0.365234375 0.263671875 0.3740234359375 0.263671875 0.3916015640625
2 0.2275390640625 0.306640625 0.22265625 0.3134765640625 0.2265625 0.3642578140625 0.2421875 0.3818359359375 0.255859375 0.3525390640625 0.25 0.3369140640625 0.23828125 0.3330078140625 0.2275390640625 0.306640625
2 0.158203125 0.1865234359375 0.15625 0.2060546859375 0.1806640640625 0.228515625 0.189453125 0.2294921859375 0.205078125 0.1884765640625 0.1806640640625 0.171875 0.1689453140625 0.171875 0.158203125 0.1865234359375
2 0.17578125 0.08496093593750001 0.1513671859375 0.05859375 0.10644531406249999 0.04296875 0.103515625 0.0576171859375 0.111328125 0.06542968593750001 0.111328125 0.08105468593750001 0.134765625 0.10058593593750001 0.1416015640625 0.091796875 0.1533203140625 0.099609375 0.1689453140625 0.099609375 0.17578125 0.08496093593750001
2 0.3564453140625 0.560546875 0.341796875 0.5615234359375 0.337890625 0.5810546859375 0.32421875 0.5986328140625 0.32421875 0.6142578140625 0.3359375 0.6142578140625 0.345703125 0.6044921859375 0.34765625 0.5869140640625 0.357421875 0.5791015640625 0.3564453140625 0.560546875
2 0.3671875 0.6416015640625 0.365234375 0.6611328140625 0.349609375 0.6806640640625 0.3525390640625 0.689453125 0.361328125 0.6884765640625 0.384765625 0.6708984359375 0.388671875 0.6435546859375 0.3798828140625 0.63671875 0.3671875 0.6416015640625
2 0.435546875 0.8740234359375 0.4638671859375 0.890625 0.474609375 0.8896484359375 0.47265625 0.8662109359375 0.4521484359375 0.8359375 0.431640625 0.8564453140625 0.435546875 0.8740234359375
2 0.373046875 0.7958984359375 0.375 0.8134765640625 0.388671875 0.8193359359375 0.421875 0.8154296859375 0.4189453140625 0.759765625 0.3994140640625 0.763671875 0.373046875 0.7958984359375
2 0.658203125 0.3564453140625 0.658203125 0.3818359359375 0.66796875 0.3857421859375 0.68359375 0.3544921859375 0.6806640640625 0.345703125 0.6630859359375 0.34765625 0.658203125 0.3564453140625
2 0.681640625 0.5185546859375 0.6875 0.5400390640625 0.7001953140625 0.556640625 0.70703125 0.5556640640625 0.708984375 0.5244140640625 0.6962890640625 0.505859375 0.6884765640625 0.505859375 0.681640625 0.5185546859375
2 0.6826171859375 0.427734375 0.6640625 0.4384765640625 0.65625 0.4697265640625 0.66796875 0.4736328140625 0.703125 0.4541015640625 0.705078125 0.4384765640625 0.6982421859375 0.4296875 0.6826171859375 0.427734375
2 0.609375 0.2060546859375 0.6005859359375 0.181640625 0.595703125 0.1826171859375 0.580078125 0.2392578140625 0.587890625 0.2626953140625 0.59765625 0.2666015640625 0.609375 0.2626953140625 0.626953125 0.2216796859375 0.6220703140625 0.208984375 0.609375 0.2060546859375
2 0.5634765640625 0.0625 0.5400390640625 0.06640625 0.52734375 0.07910156406249999 0.52734375 0.09863281406249999 0.5380859359375 0.115234375 0.5517578140625 0.1171875 0.564453125 0.1298828140625 0.568359375 0.11816406406249999 0.58203125 0.10839843593750001 0.58203125 0.08691406406249999 0.5634765640625 0.0625
2 0.767578125 0.7998046859375 0.7763671859375 0.8125 0.80078125 0.8115234359375 0.8046875 0.8017578140625 0.7841796859375 0.7890625 0.7763671859375 0.7890625 0.767578125 0.7998046859375
2 0.736328125 0.6494140640625 0.736328125 0.6650390640625 0.751953125 0.6728515640625 0.759765625 0.6513671859375 0.755859375 0.6396484359375 0.7470703140625 0.63671875 0.736328125 0.6494140640625