2 0.00390625 0.6923828140625 0.01953125 0.7216796859375 0.009765625 0.7314453140625 0.0078125 0.7490234359375 0.016601564062499997 0.759765625 0.033203125 0.7626953140625 0.04296875 0.7373046859375 0.021484375 0.6787109359375 0.0126953140625 0.677734375 0.00390625 0.6923828140625
2 0.0703125 0.8251953140625 0.072265625 0.8134765640625 0.0595703140625 0.806640625 0.048828125 0.8232421859375 0.06347656406249999 0.826171875 0.068359375 0.8369140640625 0.060546875 0.8662109359375 0.064453125 0.8876953140625 0.0703125 0.8857421859375 0.072265625 0.9130859359375 0.08886718593750001 0.927734375 0.09765625 0.9267578140625 0.10546875 0.9130859359375 0.103515625 0.8876953140625 0.087890625 0.8798828140625 0.0703125 0.8251953140625
2 0.369140625 0.6298828140625 0.37109375 0.6064453140625 0.3466796859375 0.587890625 0.33984375 0.6201171859375 0.369140625 0.6298828140625
2 0.203125 0.2021484359375 0.2236328140625 0.22265625 0.234375 0.2236328140625 0.23828125 0.2041015640625 0.23046875 0.1865234359375 0.2060546859375 0.185546875 0.203125 0.2021484359375
2 0.17578125 0.09863281406249999 0.181640625 0.1318359359375 0.19140625 0.1357421859375 0.20703125 0.12402343593750001 0.203125 0.10058593593750001 0.1806640640625 0.083984375 0.17578125 0.09863281406249999
2 0.283203125 0.4306640640625 0.291015625 0.4345703140625 0.298828125 0.4189453140625 0.2919921859375 0.408203125 0.2802734359375 0.40625 0.283203125 0.4306640640625
2 0.26171875 0.3720703140625 0.28125 0.3916015640625 0.28515625 0.3681640640625 0.2705078140625 0.359375 0.26171875 0.3642578140625 0.26171875 0.3720703140625
2 0.37890625 0.6708984359375 0.39453125 0.6826171859375 0.3984375 0.6552734359375 0.3896484359375 0.650390625 0.37890625 0.6572265640625 0.37890625 0.6708984359375
2 0.423828125 0.8076171859375 0.431640625 0.7822265640625 0.4169921859375 0.77734375 0.4140625 0.8017578140625 0.423828125 0.8076171859375
2 0.5517578140625 0.234375 0.564453125 0.2333984359375 0.56640625 0.1962890640625 0.5556640640625 0.181640625 0.544921875 0.2236328140625 0.5517578140625 0.234375
2 0.5078125 0.11816406406249999 0.5234375 0.1357421859375 0.529296875 0.1728515640625 0.53515625 0.1748046859375 0.541015625 0.10253906406249999 0.529296875 0.08300781406249999 0.5185546859375 0.080078125 0.5078125 0.11816406406249999
2 0.849609375 0.08496093593750001 0.8515625 0.09667968593750001 0.861328125 0.09863281406249999 0.876953125 0.08300781406249999 0.8759765640625 0.05859375 0.8681640640625 0.05859375 0.849609375 0.08496093593750001
2 0.880859375 0.1708984359375 0.87109375 0.2021484359375 0.875 0.2177734359375 0.892578125 0.2275390640625 0.900390625 0.2099609359375 0.900390625 0.1650390640625 0.8955078140625 0.158203125 0.880859375 0.1708984359375
2 0.9091796859375 0.275390625 0.90234375 0.2841796859375 0.9072265640625 0.30078125 0.921875 0.2998046859375 0.935546875 0.2861328140625 0.9326171859375 0.259765625 0.9208984359375 0.27734375 0.9091796859375 0.275390625
2 0.671875 0.6025390640625 0.681640625 0.6044921859375 0.6904296859375 0.603515625 0.693359375 0.5927734359375 0.6787109359375 0.578125 0.671875 0.6025390640625