2 0.142578125 0.6025390640625 0.1455078140625 0.615234375 0.169921875 0.6162109359375 0.177734375 0.6103515640625 0.177734375 0.5986328140625 0.1689453140625 0.587890625 0.142578125 0.6025390640625
2 0.11230468593750001 0.4375 0.099609375 0.4619140640625 0.10644531406249999 0.474609375 0.12109375 0.4775390640625 0.123046875 0.4521484359375 0.1328125 0.4404296859375 0.1279296859375 0.435546875 0.11230468593750001 0.4375
2 0.146484375 0.4853515640625 0.130859375 0.4990234359375 0.1376953140625 0.515625 0.1484375 0.5146484359375 0.17578125 0.4892578140625 0.1669921859375 0.466796875 0.1533203140625 0.46875 0.146484375 0.4853515640625
2 0.034179685937499996 0.22265625 0.0302734359375 0.201171875 0.0009765640625 0.197265625 0 0.2333984359375 0.044921875 0.2529296859375 0.06347656406249999 0.248046875 0.06640625 0.2314453140625 0.049804685937499996 0.220703125 0.034179685937499996 0.22265625
2 0.19140625 0.7080078140625 0.203125 0.7119140640625 0.224609375 0.6611328140625 0.1884765640625 0.625 0.1796875 0.6728515640625 0.19140625 0.7080078140625
2 0.2978515640625 0.90234375 0.2861328140625 0.890625 0.275390625 0.9384765640625 0.2890625 0.9658203140625 0.302734375 0.9697265640625 0.3125 0.9482421859375 0.330078125 0.9326171859375 0.333984375 0.9150390640625 0.2978515640625 0.90234375
2 0.2587890640625 0.744140625 0.2373046859375 0.740234375 0.2255859359375 0.75 0.2060546859375 0.75390625 0.193359375 0.7666015640625 0.1953125 0.7802734359375 0.2236328140625 0.810546875 0.2578125 0.8134765640625 0.263671875 0.8095703140625 0.25390625 0.7822265640625 0.263671875 0.7587890640625 0.2587890640625 0.744140625
2 0.529296875 0.5576171859375 0.529296875 0.5751953140625 0.544921875 0.5810546859375 0.572265625 0.5419921859375 0.5693359359375 0.525390625 0.5458984359375 0.53125 0.529296875 0.5576171859375
2 0.552734375 0.6689453140625 0.5615234359375 0.677734375 0.5927734359375 0.6875 0.61328125 0.6865234359375 0.615234375 0.6611328140625 0.5869140640625 0.640625 0.552734375 0.6591796859375 0.552734375 0.6689453140625
2 0.6220703140625 0.69921875 0.615234375 0.7060546859375 0.611328125 0.7314453140625 0.59765625 0.7451171859375 0.611328125 0.7958984359375 0.625 0.7998046859375 0.630859375 0.7900390640625 0.626953125 0.7431640640625 0.63671875 0.7119140640625 0.6220703140625 0.69921875
2 0.392578125 0.07714843593750001 0.3740234359375 0.0390625 0.35546875 0.06738281406249999 0.375 0.10253906406249999 0.37109375 0.12207031406249999 0.384765625 0.1552734359375 0.3955078140625 0.171875 0.404296875 0.1708984359375 0.40625 0.1376953140625 0.380859375 0.11035156406249999 0.392578125 0.09082031406249999 0.392578125 0.07714843593750001
2 0.6826171859375 0.880859375 0.658203125 0.8720703140625 0.666015625 0.8154296859375 0.6572265640625 0.810546875 0.638671875 0.8212890640625 0.63671875 0.8388671859375 0.64453125 0.8623046859375 0.65625 0.8720703140625 0.6484375 0.9248046859375 0.6640625 0.9267578140625 0.6865234359375 0.92578125 0.6953125 0.9150390640625 0.6953125 0.9013671859375 0.6826171859375 0.880859375
2 0.53125 0.4248046859375 0.5126953140625 0.416015625 0.5029296859375 0.400390625 0.4912109359375 0.3984375 0.482421875 0.4072265640625 0.484375 0.4267578140625 0.513671875 0.4580078140625 0.501953125 0.4931640640625 0.5146484359375 0.50390625 0.52734375 0.5029296859375 0.546875 0.4912109359375 0.548828125 0.4716796859375 0.53125 0.4560546859375 0.53125 0.4248046859375
2 0.453125 0.1962890640625 0.45703125 0.1572265640625 0.4521484359375 0.15234375 0.4375 0.1611328140625 0.4306640640625 0.1875 0.4130859359375 0.189453125 0.3994140640625 0.1796875 0.392578125 0.1845703140625 0.40625 0.2177734359375 0.4208984359375 0.22265625 0.4384765640625 0.2421875 0.447265625 0.2412109359375 0.4677734359375 0.234375 0.474609375 0.2216796859375 0.47265625 0.2060546859375 0.453125 0.1962890640625
2 0.818359375 0.1708984359375 0.822265625 0.1962890640625 0.828125 0.2001953140625 0.837890625 0.1728515640625 0.837890625 0.1572265640625 0.8291015640625 0.150390625 0.818359375 0.1708984359375
2 0.8271484359375 0.02734375 0.8056640640625 0.015625 0.794921875 0.0302734359375 0.796875 0.0576171859375 0.80859375 0.07714843593750001 0.8046875 0.1279296859375 0.8154296859375 0.14453125 0.830078125 0.1474609359375 0.833984375 0.11230468593750001 0.84375 0.09472656406249999 0.837890625 0.045898435937499996 0.8271484359375 0.02734375
2 0.8955078140625 0.357421875 0.888671875 0.3505859359375 0.88671875 0.3291015640625 0.900390625 0.2861328140625 0.8857421859375 0.283203125 0.859375 0.3017578140625 0.84375 0.3349609359375 0.8662109359375 0.35546875 0.890625 0.3564453140625 0.87890625 0.3720703140625 0.876953125 0.3916015640625 0.8818359359375 0.3984375 0.90625 0.4013671859375 0.93359375 0.3740234359375 0.9375 0.3564453140625 0.9248046859375 0.3515625 0.8955078140625 0.357421875
2 0.001953125 0.1748046859375 0.009765625 0.1748046859375 0.01953125 0.1689453140625 0.0126953140625 0.154296875 0 0.1611328140625 0.001953125 0.1748046859375