2 0.840997115625 0.3262131375 0.8283140578125 0.319163825 0.8091569156249999 0.31952561562500004 0.8333773875 0.33434481250000003 0.840997115625 0.3262131375
2 0.68608668125 0.30677295625 0.70985339375 0.30852074375 0.72274764375 0.28371483125 0.721121278125 0.26637214375 0.7145932968750001 0.2637995578125 0.6951171609375 0.2760491828125 0.6803045 0.300392090625 0.68608668125 0.30677295625
2 0.8679851796875001 0.28586444218749996 0.8580741359375 0.29543725 0.894923765625 0.3073220625 0.9071800234375 0.30629181875 0.910590034375 0.29913827187500003 0.8970533640625 0.2759298421875 0.880533478125 0.26795451875 0.8686770765625 0.2720724734375 0.8679851796875001 0.28586444218749996
2 0.930277359375 0.2550334203125 0.9263102078125 0.3009381765625 0.9769346499999999 0.30916804062500003 0.983008875 0.298669221875 0.9490616 0.25657576249999997 0.930277359375 0.2550334203125
2 0.25074697343749996 0.2984199828125 0.2101952875 0.31056839687500004 0.2194413828125 0.3197794109375 0.24054388750000003 0.324872471875 0.261219584375 0.32188597343750003 0.29537804843750004 0.3321242078125 0.300706471875 0.325433665625 0.272887321875 0.28282508281249996 0.2575400484375 0.27912103906249996 0.25074697343749996 0.2984199828125
2 0.517428378125 0.29597956875000003 0.5089550390625 0.28795212812500004 0.493634715625 0.289239934375 0.4754120421875 0.3207363875 0.50117801875 0.3379227234375 0.5066681562500001 0.3611832703125 0.5181786125000001 0.3639613015625 0.52848950625 0.35747620625 0.53490968125 0.3400814015625 0.526036484375 0.3289662515625 0.517428378125 0.29597956875000003
2 0.169459365625 0.35956388906250003 0.19972710625 0.358892415625 0.20580133125 0.3483935984375 0.1849100171875 0.3114453140625 0.161089403125 0.29971383125 0.1386839609375 0.3371802578125 0.15794891093750002 0.35678585625000003 0.169459365625 0.35956388906250003
2 0.3765892296875 0.327794765625 0.393854909375 0.3319618125 0.41682191875 0.3275341828125 0.4483161703125 0.3411176890625 0.4555090984375 0.32490645625000003 0.44079981874999996 0.2974267453125 0.40163192968750006 0.2819912171875 0.3635063125 0.31765774375 0.3765892296875 0.327794765625
2 0.6173429421875001 0.278216928125 0.6019956671875 0.274512884375 0.5902201203125 0.29360638125 0.5745538531250001 0.30179017343750003 0.5469772734375 0.3041082203125 0.5463392796875 0.32788388749999997 0.58366961875 0.3578319546875 0.6113765250000001 0.3086831375 0.6513441234374999 0.330294084375 0.663200528125 0.32617613125 0.667329390625 0.3102224578125 0.6173429421875001 0.278216928125
2 0.11782402968750001 0.37701383125 0.128134925 0.37052873124999997 0.129226678125 0.35982447031250003 0.12914581875 0.3448489296875 0.116754803125 0.3209199328125 0.090323875 0.3225174125 0.038526828125 0.31001626875 0.025605625 0.3298303296875 0.0083938453125 0.33564698125 0.0054106375 0.3508800859375 0.029685012500000003 0.37568297500000003 0.0392770578125 0.3779980015625 0.072474103125 0.3521097296875 0.084357459375 0.3529836234375 0.0986399375 0.372383778125 0.11782402968750001 0.37701383125
2 0.6761847921874999 1 0.6713677859375 0.9872096406249999 0.65985733125 0.9844316093750001 0.6491735359375 0.9928208453125 0.64881338125 1 0.6761847921874999 1
2 0.6840331359375 0.7070989171875001 0.702017665625 0.70246584375 0.7118478515625 0.677917490625 0.676835775 0.651520140625 0.640412953125 0.6477148875000001 0.649340053125 0.6688137328125 0.6792887984375 0.6800300953125 0.6840331359375 0.7070989171875001
2 0.070204940625 0.7125009078125 0.0706586984375 0.725572315625 0.0849142203125 0.7399806203125 0.12429330000000001 0.723560921875 0.1277033140625 0.7164073734375 0.0804349828125 0.6910402671875 0.050140285937499994 0.6867198890624999 0.0498212890625 0.6986077234375 0.070204940625 0.7125009078125
2 0.5569913171875001 0.6684610046875 0.5900310796875 0.684411653125 0.5993580359374999 0.7085982125 0.6131328468749999 0.7049432640625 0.6341005875 0.6850770828125 0.6301559609375 0.6641836796875 0.5596016234375 0.6551320375 0.5515820390624999 0.6601760015625 0.5569913171875001 0.6684610046875
2 0.1918600015625 0.676055659375 0.1395058125 0.7023057265625 0.1546149453125 0.73287314375 0.16958931875 0.7384813265625 0.1902380640625 0.73050298125 0.197058090625 0.7161958875 0.19242156562499999 0.709094453125 0.20851464218750002 0.7089902203125 0.21530771406250002 0.6896912796875 0.2018249453125 0.676466546875 0.1918600015625 0.676055659375
2 0 0.729457378125 0.0331710765625 0.7374631703125 0.0427361703125 0.7347863515624999 0.0461192328125 0.7226409546875 0.030718051562499998 0.708953215625 0 0.6942444421875 0 0.729457378125
2 0.3409882578125 0.6891149750000001 0.344744221875 0.67506544375 0.3347253703125 0.6646708593749999 0.3117583609375 0.6690984906249999 0.28873745 0.6635424265625 0.278480459375 0.6800112203124999 0.25402185 0.6920554015625 0.2602308328125 0.7065158234375 0.28287884375 0.7139760265625 0.2860237671875 0.7286940093750001 0.2994526296875 0.7319350484375 0.31663745625 0.7211265546875001 0.3226577765625 0.7006440375 0.3409882578125 0.6891149750000001
2 0.9287809484375 0.61660816875 0.8972866984375001 0.6030246640625 0.8750924437500001 0.60863586875 0.8732818437500001 0.6281402546875 0.8569236765625 0.6501160140625 0.8684610812500001 0.6578858953125 0.893346496875 0.6539212703125 0.9056566625 0.662874721875 0.9405609296874999 0.6693046812500001 0.9497531203125 0.668531996875 0.9508448734374999 0.6578277359375 0.9287809484375 0.61660816875
2 0.7667898203125 0.7051366203125 0.7766739140625 0.6905719625 0.793485840625 0.6816676078125 0.8134157343749999 0.682489384375 0.8244454812500001 0.6672041640625 0.8167179359375 0.6553684453125 0.7990793546875 0.6531055359375 0.7871420921875 0.6422479453125 0.7445641875 0.6339659656250001 0.7349990953125001 0.636642784375 0.7365985078125 0.6489936234375 0.7209052828125 0.6521855671875 0.711766996875 0.662941946875 0.7145120656249999 0.674572221875 0.7356145640625 0.6796652796875 0.7545335625 0.7061668625 0.7667898203125 0.7051366203125
2 0.5004543671875 0.700681046875 0.5002656984375 0.6657381109375 0.49522932031250005 0.6555489703124999 0.484091765625 0.6508668 0.4653883828125 0.6643 0.40149678906249997 0.6827801859375 0.364435975 0.702750596875 0.405868225 0.7117531453125 0.4197238953125 0.7230737421875 0.43613596406250005 0.711081675 0.4587300734375 0.70855818125 0.489424621875 0.7159662671875 0.5004543671875 0.700681046875