2 0.22265625 0.3154296859375 0.21875 0.3447265640625 0.240234375 0.3740234359375 0.25 0.3564453140625 0.24609375 0.3212890640625 0.2314453140625 0.3046875 0.22265625 0.3154296859375
2 0.09667968593750001 0 0.095703125 0.032226564062500004 0.103515625 0.047851564062500004 0.099609375 0.06347656406249999 0.119140625 0.09863281406249999 0.12890625 0.09863281406249999 0.13671875 0.06347656406249999 0.125 0.049804685937499996 0.10546875 0.0009765640625 0.09667968593750001 0
2 0.1435546859375 0.134765625 0.138671875 0.1416015640625 0.142578125 0.1708984359375 0.12890625 0.1728515640625 0.126953125 0.2197265640625 0.146484375 0.2431640640625 0.13671875 0.2724609359375 0.1435546859375 0.279296875 0.16015625 0.2783203140625 0.1875 0.2568359359375 0.185546875 0.1943359359375 0.169921875 0.1591796859375 0.1435546859375 0.134765625
2 0.35546875 0.5947265640625 0.3505859359375 0.591796875 0.3330078140625 0.607421875 0.3232421859375 0.572265625 0.3076171859375 0.58203125 0.2880859359375 0.564453125 0.28125 0.5712890640625 0.283203125 0.5947265640625 0.291015625 0.6025390640625 0.283203125 0.6142578140625 0.283203125 0.6396484359375 0.2900390640625 0.6484375 0.3154296859375 0.642578125 0.318359375 0.6669921859375 0.337890625 0.6552734359375 0.33984375 0.6318359359375 0.3515625 0.6162109359375 0.35546875 0.5947265640625
2 0.3876953140625 0.759765625 0.376953125 0.7724609359375 0.373046875 0.7919921859375 0.3564453140625 0.796875 0.35546875 0.8076171859375 0.373046875 0.8408203140625 0.390625 0.8447265640625 0.384765625 0.8154296859375 0.39453125 0.7880859359375 0.39453125 0.7646484359375 0.3876953140625 0.759765625
2 0.4228515640625 0.900390625 0.4013671859375 0.90234375 0.3837890640625 0.88671875 0.380859375 0.9130859359375 0.3896484359375 0.921875 0.4013671859375 0.919921875 0.40234375 0.9267578140625 0.3828125 0.9521484359375 0.39453125 0.9580078140625 0.4072265640625 0.98046875 0.416015625 0.9794921859375 0.41796875 0.9462890640625 0.431640625 0.9287109359375 0.427734375 0.9052734359375 0.4228515640625 0.900390625
2 0.024414064062499997 0.9296875 0.03125 0.9287109359375 0.048828125 0.9169921859375 0.040039064062500004 0.896484375 0.017578125 0.9169921859375 0.024414064062499997 0.9296875
2 0.498046875 0.020507814062499997 0.5029296859375 0 0.462890625 0.0009765640625 0.4794921859375 0.01953125 0.498046875 0.020507814062499997
2 0.544921875 0.11425781406249999 0.5458984359375 0.05859375 0.529296875 0.06738281406249999 0.517578125 0.09667968593750001 0.4970703140625 0.107421875 0.490234375 0.11816406406249999 0.490234375 0.1337890640625 0.5234375 0.1591796859375 0.5322265640625 0.1484375 0.5400390640625 0.150390625 0.552734375 0.1337890640625 0.544921875 0.11425781406249999
2 0.5810546859375 0.1796875 0.5712890640625 0.1953125 0.5634765640625 0.19140625 0.5322265640625 0.22265625 0.525390625 0.2080078140625 0.5107421859375 0.201171875 0.50390625 0.2158203140625 0.5234375 0.2470703140625 0.51953125 0.2646484359375 0.5244140640625 0.26953125 0.5361328140625 0.265625 0.5458984359375 0.275390625 0.5615234359375 0.26953125 0.5712890640625 0.279296875 0.580078125 0.2783203140625 0.5859375 0.2646484359375 0.580078125 0.2431640640625 0.587890625 0.1826171859375 0.5810546859375 0.1796875
2 0.619140625 0.3837890640625 0.6103515640625 0.373046875 0.5908203140625 0.384765625 0.587890625 0.3681640640625 0.5791015640625 0.36328125 0.560546875 0.4169921859375 0.5703125 0.4208984359375 0.5791015640625 0.439453125 0.587890625 0.4404296859375 0.58984375 0.4599609359375 0.6015625 0.4619140640625 0.611328125 0.4462890640625 0.609375 0.4248046859375 0.619140625 0.4052734359375 0.619140625 0.3837890640625
2 0.673828125 0.5224609359375 0.658203125 0.4853515640625 0.6494140640625 0.484375 0.6318359359375 0.50390625 0.619140625 0.5087890640625 0.6279296859375 0.52734375 0.640625 0.5283203140625 0.646484375 0.5458984359375 0.646484375 0.5712890640625 0.625 0.5927734359375 0.650390625 0.6103515640625 0.662109375 0.6474609359375 0.67578125 0.6533203140625 0.6796875 0.6064453140625 0.67578125 0.5771484359375 0.66796875 0.5693359359375 0.673828125 0.5224609359375
2 0.7548828140625 1 0.79296875 0.9990234359375 0.796875 0.9833984359375 0.7802734359375 0.9609375 0.755859375 0.9658203140625 0.7548828140625 1
2 0.7373046859375 0.849609375 0.732421875 0.8623046859375 0.720703125 0.8681640640625 0.71875 0.8818359359375 0.744140625 0.9130859359375 0.76953125 0.8994140640625 0.779296875 0.8720703140625 0.7724609359375 0.86328125 0.7373046859375 0.849609375
2 0.7333984359375 0.69921875 0.7197265640625 0.708984375 0.7041015640625 0.701171875 0.677734375 0.7333984359375 0.673828125 0.7490234359375 0.6904296859375 0.763671875 0.7099609359375 0.7578125 0.720703125 0.7841796859375 0.732421875 0.7880859359375 0.7421875 0.7568359359375 0.732421875 0.7412109359375 0.73828125 0.7080078140625 0.7333984359375 0.69921875
2 0.9013671859375 0.109375 0.8896484359375 0.107421875 0.869140625 0.1533203140625 0.90234375 0.1748046859375 0.912109375 0.1669921859375 0.919921875 0.1298828140625 0.908203125 0.12402343593750001 0.9013671859375 0.109375
2 0.94921875 0.1962890640625 0.935546875 0.2119140640625 0.9404296859375 0.236328125 0.96875 0.2373046859375 0.974609375 0.2275390640625 0.9755859359375 0.158203125 0.953125 0.1728515640625 0.94921875 0.1962890640625
2 0.9794921859375 0.345703125 0.962890625 0.3740234359375 0.98046875 0.4052734359375 0.982421875 0.4404296859375 0.994140625 0.4462890640625 1 0.4404296859375 0.9990234359375 0.34375 0.9873046859375 0.353515625 0.9794921859375 0.345703125