2 0.8655988359375 0.1346899 0.892779909375 0.1425482625 0.9008030515625001 0.136075753125 0.8669631390625 0.12531534375 0.8655988359375 0.1346899
2 0.7916746921875 0.16997773124999999 0.799682090625 0.15666237656249998 0.8119083281249999 0.1699661140625 0.8235573593750001 0.173333984375 0.8357363703124999 0.166109184375 0.83875358125 0.15232800625 0.8617630421875001 0.1540958109375 0.8639459296875 0.1390965203125 0.857255609375 0.12250878437499998 0.8184255031250001 0.11128255312499999 0.7937631359374999 0.1139213703125 0.7671277812499999 0.10231318593750001 0.759666103125 0.11187871875 0.766083559375 0.130341365625 0.7583962375 0.1623103453125 0.7916746921875 0.16997773124999999
2 0.464966528125 0.20447333125 0.5211914859375 0.18653714375 0.5136825828125 0.1755741390625 0.4753981984375 0.1605980859375 0.46678211718749996 0.15029188437500002 0.4379796171875 0.16052583125 0.4352352703125 0.1724321015625 0.439968340625 0.1816156796875 0.45355888125000005 0.1855448609375 0.464966528125 0.20447333125
2 0.3349958515625 0.2147653734375 0.34940497187499997 0.21306981875000003 0.3643283328125 0.1939387515625 0.338768684375 0.1679880796875 0.31352911250000004 0.160691028125 0.2955570640625 0.179917584375 0.3152764578125 0.197341478125 0.2956042828125 0.2004461171875 0.29202561562499996 0.21113427499999998 0.33031 0.226110328125 0.3349958515625 0.2147653734375
2 0.211846590625 0.539637309375 0.2279086125 0.5335351328125 0.22869571406250003 0.5142247078125 0.24421201875 0.5118723578125 0.26308135 0.5212352953125 0.268312925 0.5061405156250001 0.23583731718749998 0.48600555468750006 0.21508943593750002 0.5034526828125 0.19731154687500002 0.4865901 0.18291816875 0.4951285 0.18293390781250002 0.5019713421875001 0.211846590625 0.539637309375
2 0.05816332656249999 0.48348291562499995 0.0423762359375 0.484362590625 0.045249115625 0.5171997609375001 0.057969165625 0.5195720500000001 0.0523860296875 0.5023275140625 0.0656722265625 0.49444591562499995 0.05816332656249999 0.48348291562499995
2 0.6590435421875 0.4696396640625 0.7009380765625 0.48761325156249996 0.7083997546874999 0.47804771874999996 0.7275262078125 0.4786929 0.7211244906250001 0.4670731 0.7299819546874999 0.4618187015625 0.7213501296875 0.4446696515625 0.6975063453125 0.4416837359375 0.6775140921875 0.42613475312500004 0.66563941875 0.445170328125 0.6775927921875 0.46034897656249996 0.6620764859375 0.4627013296875 0.6590435421875 0.4696396640625
2 0.8647329265625 0.4812387765625 0.8583154703125 0.46277612812499996 0.850822309375 0.45865597031250005 0.845302134375 0.468782815625 0.8519767125 0.47852770468749994 0.8647329265625 0.4812387765625
2 0.8810363296875 0.45957599687500006 0.873301790625 0.47101644218749994 0.9138005390625 0.48467889687500004 0.9082961046875001 0.5016485875 0.912740578125 0.50586423125 0.9332470765625 0.503977703125 0.96543408125 0.51914473125 0.9726386421875001 0.51829695625 0.9692698734375 0.499738821875 0.988653446875 0.49166624375 0.9350941421875 0.46348194375 0.9253551359375001 0.4469896953125 0.8993284640624999 0.45900306874999997 0.8810363296875 0.45957599687500006
2 1 0.43842528593749996 0.9802000468750001 0.4315852171875 0.9749527328125 0.4398371515625 0.9899705296875 0.46176315468749995 1 0.46594697187499995 1 0.43842528593749996
2 1 0.8088803671875 0.9666094 0.7891087125 0.9547032484375 0.7944585984375 0.9516860375 0.808239778125 0.99609928125 0.8367105453124999 0.999966553125 0.8309903234375 0.9938376953124999 0.817495609375 1 0.8159970171875001 1 0.8088803671875
2 0.7263874375 0.8271166875 0.774075009375 0.8330885203125 0.7829167359375 0.8209912781250001 0.745162334375 0.7954225562499999 0.7263874375 0.8271166875
2 0.5722214140624999 0.802083496875 0.554475009375 0.79890660625 0.5389744421875 0.8081018015625 0.5531264421875 0.8151240046874999 0.5453919 0.82656445 0.5509592953125 0.836966140625 0.578958953125 0.8391997671875 0.5967368421875 0.8560623515625 0.6252979609375 0.8613890046874999 0.6219449296875 0.8496737124999999 0.6100072984375 0.8413379093750001 0.6119330640625 0.835056375 0.5728300953125001 0.8257050546875 0.580003178125 0.8111715875 0.5722214140624999 0.802083496875
2 0.4239113859375 0.79241993125 0.41811835 0.8044216875 0.44449658437500006 0.8247476296875 0.4228986453125 0.8341338031250001 0.42512875 0.8396630484375001 0.44951825625 0.8388991406249999 0.46756900625000003 0.8538868125000001 0.480582340625 0.8478801265625 0.501377440625 0.8509615296874999 0.47694071562499996 0.8311969031249999 0.4780164171875 0.8168544109375 0.46747456875 0.8128297437500001 0.46328721406250006 0.7998963406249999 0.4239113859375 0.79241993125
2 0.189482459375 0.81842615 0.19670275937499998 0.8244212187500001 0.21915076562500002 0.823096003125 0.226869565625 0.8048127140625001 0.2226979546875 0.79872215625 0.199704228125 0.8037971953125 0.189482459375 0.81842615
2 0.143767875 0.82670131875 0.1665202171875 0.8371868796875 0.17645338593749998 0.8175899953125001 0.16230138593750001 0.8105677890624999 0.143767875 0.82670131875