2 0.5341796859375 0.04296875 0.5224609359375 0.0546875 0.509765625 0.034179685937499996 0.509765625 0.016601564062499997 0.4951171859375 0.013671875 0.48828125 0.024414064062499997 0.49609375 0.0595703140625 0.4921875 0.08105468593750001 0.5068359359375 0.09375 0.5234375 0.08496093593750001 0.521484375 0.10839843593750001 0.533203125 0.1435546859375 0.548828125 0.10644531406249999 0.54296875 0.09082031406249999 0.544921875 0.0517578140625 0.5341796859375 0.04296875
2 0.1337890640625 0.0078125 0.130859375 0.041992185937499996 0.158203125 0.0556640640625 0.169921875 0.047851564062500004 0.171875 0.034179685937499996 0.1630859359375 0.033203125 0.1337890640625 0.0078125
2 0.2158203140625 0.921875 0.2021484359375 0.900390625 0.1748046859375 0.900390625 0.166015625 0.9228515640625 0.169921875 0.9541015640625 0.1767578140625 0.95703125 0.1865234359375 0.94921875 0.2109375 0.9619140640625 0.228515625 0.9521484359375 0.23046875 0.9150390640625 0.2216796859375 0.9140625 0.2158203140625 0.921875
2 0.142578125 0.7783203140625 0.1337890640625 0.734375 0.103515625 0.7470703140625 0.1171875 0.7255859359375 0.109375 0.6982421859375 0.09667968593750001 0.689453125 0.08105468593750001 0.703125 0.080078125 0.6982421859375 0.103515625 0.6669921859375 0.10546875 0.6533203140625 0.07519531406249999 0.61328125 0.0576171859375 0.607421875 0.05078125 0.6142578140625 0.052734375 0.6455078140625 0.041015625 0.6552734359375 0.048828125 0.6962890640625 0.04296875 0.7197265640625 0.0576171859375 0.73046875 0.078125 0.7060546859375 0.0703125 0.7314453140625 0.078125 0.7373046859375 0.09375 0.7783203140625 0.12890625 0.7978515640625 0.125 0.8232421859375 0.138671875 0.8310546859375 0.166015625 0.8271484359375 0.16796875 0.7880859359375 0.1611328140625 0.779296875 0.142578125 0.7783203140625
2 0.267578125 0.3388671859375 0.27734375 0.3427734359375 0.287109375 0.3349609359375 0.287109375 0.3212890640625 0.2744140640625 0.28515625 0.267578125 0.3388671859375
2 0.318359375 0.4912109359375 0.330078125 0.4990234359375 0.3359375 0.4794921859375 0.3291015640625 0.466796875 0.3212890640625 0.466796875 0.318359375 0.4912109359375
2 0.3837890640625 0.5625 0.3701171859375 0.583984375 0.35546875 0.5888671859375 0.357421875 0.5986328140625 0.34375 0.6025390640625 0.349609375 0.6240234359375 0.369140625 0.6279296859375 0.3779296859375 0.61328125 0.3935546859375 0.61328125 0.400390625 0.5986328140625 0.3837890640625 0.5625
2 0.388671875 0.7041015640625 0.4052734359375 0.71875 0.41796875 0.7177734359375 0.423828125 0.7099609359375 0.4130859359375 0.697265625 0.4033203140625 0.6953125 0.388671875 0.7041015640625
2 0.4365234359375 0.763671875 0.4228515640625 0.7734375 0.4111328140625 0.763671875 0.39453125 0.8017578140625 0.4150390640625 0.806640625 0.4228515640625 0.81640625 0.4345703140625 0.8125 0.44921875 0.8232421859375 0.45703125 0.8076171859375 0.447265625 0.7900390640625 0.44921875 0.7724609359375 0.4365234359375 0.763671875
2 0.4736328140625 0.841796875 0.4609375 0.8955078140625 0.46875 0.9052734359375 0.470703125 0.9521484359375 0.48046875 0.9599609359375 0.49609375 0.9365234359375 0.48828125 0.9091796859375 0.505859375 0.8681640640625 0.4736328140625 0.841796875
2 0.509765625 0.9775390640625 0.509765625 0.9990234359375 0.544921875 0.9990234359375 0.55078125 0.9853515640625 0.53125 0.9697265640625 0.5224609359375 0.94921875 0.509765625 0.9775390640625
2 0.796875 0.9248046859375 0.79296875 0.8876953140625 0.783203125 0.8681640640625 0.7890625 0.8408203140625 0.7353515640625 0.779296875 0.734375 0.7919921859375 0.75 0.8056640640625 0.76171875 0.8330078140625 0.765625 0.8701171859375 0.7734375 0.8818359359375 0.763671875 0.9189453140625 0.7783203140625 0.923828125 0.791015625 0.9404296859375 0.80078125 0.9833984359375 0.8076171859375 0.994140625 0.81640625 0.9931640640625 0.8212890640625 0.982421875 0.833984375 0.9814453140625 0.83984375 0.9619140640625 0.796875 0.9248046859375
2 0.7021484359375 0.646484375 0.701171875 0.6572265640625 0.6796875 0.6728515640625 0.677734375 0.6943359359375 0.6884765640625 0.70703125 0.7021484359375 0.6953125 0.71484375 0.6962890640625 0.71875 0.7275390640625 0.712890625 0.7529296859375 0.71875 0.7548828140625 0.724609375 0.7470703140625 0.7265625 0.6806640640625 0.71875 0.6552734359375 0.7021484359375 0.646484375
2 0.650390625 0.6279296859375 0.66015625 0.6318359359375 0.662109375 0.5986328140625 0.6533203140625 0.58984375 0.6484375 0.5947265640625 0.650390625 0.6279296859375
2 0.626953125 0.4521484359375 0.62890625 0.4775390640625 0.634765625 0.4794921859375 0.646484375 0.4326171859375 0.6259765640625 0.41796875 0.62109375 0.4462890640625 0.626953125 0.4521484359375
2 0.62890625 0.4775390640625 0.634765625 0.4794921859375 0.646484375 0.4326171859375 0.6259765640625 0.41796875 0.62109375 0.4462890640625 0.62890625 0.4775390640625
2 0.60546875 0.3642578140625 0.61328125 0.3994140640625 0.623046875 0.4072265640625 0.62109375 0.3837890640625 0.634765625 0.3583984359375 0.6103515640625 0.341796875 0.60546875 0.3642578140625
2 0.6005859359375 0.248046875 0.587890625 0.2470703140625 0.59765625 0.2841796859375 0.609375 0.2900390640625 0.611328125 0.2705078140625 0.62109375 0.2587890640625 0.6123046859375 0.23828125 0.6005859359375 0.248046875
2 0.54296875 0.2529296859375 0.5498046859375 0.26171875 0.560546875 0.2607421859375 0.56640625 0.2353515640625 0.5556640640625 0.216796875 0.544921875 0.2333984359375 0.54296875 0.2529296859375
2 0.4296875 0.6826171859375 0.4150390640625 0.6640625 0.390625 0.6845703140625 0.396484375 0.6943359359375 0.390625 0.7080078140625 0.4052734359375 0.71875 0.416015625 0.7177734359375 0.423828125 0.7119140640625 0.419921875 0.7001953140625 0.4296875 0.6923828140625 0.4296875 0.6826171859375
2 0.958984375 0.3818359359375 0.978515625 0.4091796859375 0.998046875 0.3994140640625 1 0.3798828140625 0.9716796859375 0.365234375 0.958984375 0.3818359359375
2 0.990234375 0.5068359359375 1 0.5107421859375 0.9990234359375 0.451171875 0.984375 0.4619140640625 0.984375 0.4814453140625 0.990234375 0.5068359359375
2 0.935546875 0.0517578140625 0.947265625 0.0283203140625 0.9404296859375 0.013671875 0.921875 0.040039064062500004 0.935546875 0.0517578140625
2 0.5537109359375 0.220703125 0.560546875 0.2197265640625 0.568359375 0.1904296859375 0.5458984359375 0.185546875 0.544921875 0.2080078140625 0.5537109359375 0.220703125