2 0.1578332125 0.0218151625 0.122617978125 0.0226335578125 0.11769851718749999 0.027630781250000003 0.122526921875 0.038260937499999995 0.142102321875 0.035852851562499996 0.1469193421875 0.04843643125 0.15668996875000002 0.050162523437499995 0.1578332125 0.0218151625
2 0.40555380625000004 0.8148998265625 0.40760126718749995 0.799226978125 0.41933967812499995 0.79895418125 0.410461884375 0.811856025 0.4231728078125 0.8125372046875 0.426249684375 0.788051221875 0.41551792968749995 0.7834177328124999 0.3978192546875 0.7994543109375 0.3821680390625 0.7998180421875001 0.385017278125 0.8144005140624999 0.390875103125 0.816217534375 0.40555380625000004 0.8148998265625
2 0.30066566250000004 0.51948080625 0.3027472671875 0.49794768749999996 0.292163478125 0.4679197046875 0.2500496171875 0.47768763593749997 0.25871115 0.5019008171875 0.2840419390625 0.5188905578125 0.30066566250000004 0.51948080625
2 0.177652671875 0.145380096875 0.1895959578125 0.10994569218750001 0.18983498125 0.0689238203125 0.1751790390625 0.066334684375 0.16547670625 0.0528880578125 0.1497799640625 0.0610654796875 0.13029561875 0.0478461859375 0.12535339375000001 0.0567502515625 0.131086015625 0.08005492187499999 0.1231579703125 0.09781759375 0.125034696875 0.111446084375 0.1357095421875 0.12584668906250002 0.177652671875 0.145380096875
2 0.46696315312500003 1 0.4661162484375 0.9961126453125001 0.4761031328125 0.9607237062499999 0.4624766125 0.9493214359375 0.458643484375 0.935738409375 0.470495715625 0.9159313843750001 0.4725659359375 0.8963516921875 0.46575836875 0.889673846875 0.43058866250000005 0.882678553125 0.4099610765625 0.8978066171875 0.40594583437500004 0.9154783562500001 0.43125385781250003 0.9363749390624999 0.43407251718750006 1 0.46696315312500003 1
2 0.22746059375 0.325866271875 0.20782828125 0.338041471875 0.21166141249999998 0.35162449375 0.23790779843749998 0.379335325 0.25453152343749996 0.3799255734375 0.23493335937499998 0.3862405015625 0.2288706578125 0.41958508906249997 0.2317426578125 0.43026071093749996 0.2464099828125 0.4308964265625 0.2708706953125 0.42935138281249996 0.28366129375 0.4163586046875 0.2879497015625 0.35180472812499997 0.279174346875 0.3471257703125 0.2673790265625 0.35716568125000003 0.262527859375 0.3504423671875 0.270694928125 0.2916578234375 0.2639784125 0.2693525984375 0.2443119578125 0.28738806562499997 0.2306399109375 0.28379948593750004 0.22572045 0.28879670625 0.22746059375 0.325866271875
2 0.2965024546875 0.562547034375 0.29837918281250003 0.576175521875 0.31782938125000004 0.595255084375 0.3195922875 0.6284178046875 0.30975336875 0.638412246875 0.3173285734375 0.6812056765625 0.3279806515625 0.6995131296875 0.336801534375 0.69637839375 0.3418006703125 0.677707215625 0.357394975 0.687110596875 0.3660223609375 0.7171840484375 0.38746310624999997 0.7303578734375 0.39732479062500003 0.7164565859375001 0.39765486875 0.659807328125 0.3732510671875 0.651585259375 0.3595448671875 0.6538569453124999 0.3372226703125 0.6241017609374999 0.3373364890625 0.6045675359375 0.3491431921875 0.5925742031250001 0.3512134140625 0.5729945109375 0.341545225 0.553687615625 0.3417045734375 0.5263397015625 0.3309728203125 0.5217062078125 0.2965024546875 0.562547034375
2 0.6798092546875 0.5790301062500001 0.699623678125 0.535600146875 0.6938569109375 0.5181557453125001 0.6998740828125001 0.49262485156249997 0.6970703703125001 0.4702286921875 0.6862817078125001 0.475362315625 0.6616388796875 0.508162115625 0.6459876640625 0.508525846875 0.639100421875 0.5155219609375 0.6477961015625 0.533874875 0.6682871015625 0.5421878812500001 0.6739628140625 0.5752596609375 0.6798092546875 0.5790301062500001
2 0.528269740625 0.0649649765625 0.518351146875 0.088633378125 0.5358563265625 0.10580498125 0.5337291937499999 0.1351517890625 0.5454334578125 0.14073925625 0.5542429578125 0.139557946875 0.561152965625 0.1286549890625 0.555465871875 0.09753662656249999 0.5732556015625 0.06587266875 0.5725756171875 0.0166602484375 0.57212848125 0.0166472390625 0.5508878703125 0.043931175 0.535373240625 0.020853834374999998 0.5226509390625 0.022126078125 0.528269740625 0.0649649765625
2 0.6767437562499999 0.60156266875 0.6812193203125 0.6727489249999999 0.6899377640625 0.687194996875 0.710440146875 0.6935545796875 0.7064818140625 0.701459203125 0.71426189375 0.7090910265625 0.70829025 0.7268082265625 0.7238731734375 0.73816503125 0.7373289625 0.77886864375 0.748026575 0.7893624 0.7539413046875 0.7814123109375 0.7597649859375 0.7890896015625 0.76372331875 0.781184978125 0.7666294640625 0.7860003359375 0.75658566875 0.831156384375 0.75650599375 0.8448303453125 0.761448215625 0.8359262781250001 0.7643088375 0.8485553265625001 0.7684606625 0.8074425156249999 0.78708631875 0.8001736078125001 0.7960096375 0.77945806875 0.7492608703125 0.7453876562499999 0.749488509375 0.70631920625 0.731949184375 0.69500786875 0.732176825 0.6559394171874999 0.7107702234375 0.636905321875 0.71096371875 0.603697140625 0.702188365625 0.5990181828125001 0.6864916234375 0.607195603125 0.6767437562499999 0.60156266875
2 0.6105802437500001 0.2066092125 0.59487211875 0.21674005625 0.5832247640625 0.20138547343750002 0.5743355875 0.21624074375000002 0.57414209375 0.2494489234375 0.5838330468749999 0.264848971875 0.5837419921875 0.2804763515625 0.57192390625 0.2944231109375 0.567908665625 0.3120948453125 0.57664986875 0.322634071875 0.5932508328125 0.3271311625 0.6007008328125 0.39141224375 0.6142590625000001 0.41453505156250003 0.6318211515625001 0.42193954375000003 0.6504923328125 0.406856940625 0.6749871953125 0.39945163125 0.68094745625 0.3836878515625 0.6732584328125 0.36042864531249996 0.675305890625 0.3447557984375 0.6685097046874999 0.33612453124999997 0.644083134375 0.33180930625 0.6423429921875 0.29473974062499997 0.628727853125 0.28138405 0.62897825625 0.238408753125 0.6193669765625 0.20933474375 0.6105802437500001 0.2066092125
2 0.8231907125 1 0.832145509375 0.9563556656250001 0.8146289484375 0.94113748125 0.8186783375 0.917605478125 0.7962764609375 0.9015242484374999 0.7932678765625 0.914289696875 0.8009569000000001 0.9375489015625 0.7968278375 0.9747548593750001 0.8026173703125 0.988292421875 0.799221609375 1 0.8231907125 1
2 0.9651884859375001 0.44837241250000004 0.9583012406250001 0.455368521875 0.9581874203125 0.47490274687499995 0.9679694296875001 0.47467541718749995 0.97201881875 0.4511434125 0.9651884859375001 0.44837241250000004
2 0.9708869578125 0.4775373515625 0.956083053125 0.5003427109375 0.9579597796874999 0.5139712000000001 0.9657853875000001 0.513789334375 0.971711503125 0.5038858234375 0.9708869578125 0.4775373515625
2 0.9721440203125 0.4296557671875 0.9716040250000001 0.3544717296875 0.9607356875 0.37327930781249996 0.9506463640625 0.42624905156250004 0.9721440203125 0.4296557671875
2 0.902920046875 0.224229765625 0.9169107921874999 0.1731225140625 0.91215068125 0.15077181875 0.9052975828125 0.15190766093750002 0.8697295078125 0.213282159375 0.8765143140625 0.22386685 0.902920046875 0.224229765625
2 0.931298603125 0.389588684375 0.9450389453125 0.3814567296875 0.949020040625 0.3696452609375 0.961065765625 0.31663005625 0.9582734390625 0.292280471875 0.9326694812499999 0.322172875 0.9268458078125 0.314495584375 0.9151073953125 0.31476838125 0.8964703578125001 0.3239907125 0.9080608031249999 0.3491124109375 0.9197650671875 0.3546998765625 0.919571575 0.3879080640625 0.931298603125 0.389588684375
2 0.8714076984375 0.0931239359375 0.894884521875 0.0925783390625 0.9096542843750001 0.0756332515625 0.9116903609375001 0.0619138234375 0.888247684375 0.056599156250000004 0.8874345218749999 0.028297260937500002 0.8677566828125001 0.04828615 0.8661097718749999 0.0252012203125 0.8366880406250001 0.0243451359375 0.827724428125 0.0365209640625 0.825506240625 0.0814951515625 0.8605735078125001 0.106071246875 0.8714076984375 0.0931239359375
2 0.1164864078125 1 0.1140322046875 0.9925760640625001 0.09938764375 0.9880335046875001 0.08870141718749999 0.9755863218749999 0.0878085796875 0.9609583875000001 0.0662881625 0.9614585171875 0.02414015625 0.9770867125 0.031863325 0.9944856546875 0.029642767187500002 1 0.1164864078125 1