2 0.3330078140625 0.630859375 0.3203125 0.6513671859375 0.32421875 0.6689453140625 0.337890625 0.6728515640625 0.361328125 0.6494140640625 0.359375 0.6357421859375 0.3466796859375 0.62890625 0.3330078140625 0.630859375
2 0.4560546859375 1 0.494140625 0.9990234359375 0.498046875 0.9794921859375 0.4892578140625 0.970703125 0.44921875 0.9619140640625 0.4560546859375 1
2 0.4326171859375 0.87890625 0.42578125 0.8916015640625 0.4375 0.9130859359375 0.4375 0.9306640640625 0.443359375 0.9306640640625 0.46875 0.9091796859375 0.47265625 0.8974609359375 0.4658203140625 0.88671875 0.4326171859375 0.87890625
2 0.259765625 0.4248046859375 0.2685546859375 0.4453125 0.28125 0.4482421859375 0.2890625 0.4306640640625 0.2587890640625 0.375 0.236328125 0.4091796859375 0.259765625 0.4248046859375
2 0.4052734359375 0.78125 0.3896484359375 0.771484375 0.373046875 0.7978515640625 0.373046875 0.8115234359375 0.40625 0.8466796859375 0.4091796859375 0.857421875 0.419921875 0.8564453140625 0.447265625 0.8271484359375 0.44921875 0.8056640640625 0.4189453140625 0.775390625 0.4052734359375 0.78125
2 0.32421875 0.5244140640625 0.3125 0.5205078140625 0.3125 0.4775390640625 0.3017578140625 0.462890625 0.2734375 0.4912109359375 0.279296875 0.5146484359375 0.271484375 0.5283203140625 0.271484375 0.5458984359375 0.283203125 0.5556640640625 0.279296875 0.5751953140625 0.29296875 0.5947265640625 0.29296875 0.6083984359375 0.302734375 0.6103515640625 0.310546875 0.5927734359375 0.330078125 0.5791015640625 0.330078125 0.5458984359375 0.32421875 0.5244140640625
2 0.24609375 0.2841796859375 0.255859375 0.2802734359375 0.251953125 0.2685546859375 0.263671875 0.2431640640625 0.263671875 0.2275390640625 0.2490234359375 0.22265625 0.2314453140625 0.236328125 0.220703125 0.2353515640625 0.216796875 0.2021484359375 0.22265625 0.1826171859375 0.2041015640625 0.158203125 0.1953125 0.1591796859375 0.1953125 0.11035156406249999 0.1865234359375 0.10546875 0.1708984359375 0.11328125 0.1533203140625 0.099609375 0.1484375 0.10449218593750001 0.14453125 0.1630859359375 0.154296875 0.1787109359375 0.154296875 0.1962890640625 0.185546875 0.2216796859375 0.201171875 0.2451171859375 0.208984375 0.2666015640625 0.201171875 0.2841796859375 0.208984375 0.2998046859375 0.201171875 0.3310546859375 0.2158203140625 0.349609375 0.23046875 0.3486328140625 0.271484375 0.3095703140625 0.2734375 0.2861328140625 0.2685546859375 0.28125 0.24609375 0.2841796859375
2 0.020507814062499997 0.7578125 0.01171875 0.7724609359375 0.017578125 0.7841796859375 0.015625 0.8154296859375 0.0234375 0.8173828140625 0.033203125 0.8095703140625 0.04296875 0.7822265640625 0.043945314062500004 0.744140625 0.020507814062499997 0.7578125
2 0.080078125 0.9267578140625 0.080078125 0.9404296859375 0.09375 0.9541015640625 0.1015625 0.9384765640625 0.09863281406249999 0.916015625 0.08886718593750001 0.916015625 0.080078125 0.9267578140625
2 0.4794921859375 0.013671875 0.50390625 0.016601564062499997 0.513671875 0.010742185937499999 0.5126953140625 0 0.47265625 0.0009765640625 0.4794921859375 0.013671875
2 0.802734375 0.8955078140625 0.806640625 0.8681640640625 0.7822265640625 0.828125 0.787109375 0.8837890640625 0.802734375 0.8955078140625
2 0.5908203140625 0.236328125 0.5859375 0.2744140640625 0.599609375 0.2998046859375 0.6103515640625 0.310546875 0.6171875 0.3095703140625 0.623046875 0.2998046859375 0.62109375 0.2783203140625 0.60546875 0.2451171859375 0.5908203140625 0.236328125
2 0.6611328140625 0.46875 0.65625 0.4814453140625 0.662109375 0.5185546859375 0.673828125 0.5341796859375 0.671875 0.5537109359375 0.677734375 0.5673828140625 0.689453125 0.5712890640625 0.701171875 0.5556640640625 0.6875 0.5380859359375 0.6875 0.4931640640625 0.6611328140625 0.46875
2 0.5595703140625 0.14453125 0.55078125 0.1826171859375 0.5625 0.1982421859375 0.564453125 0.2275390640625 0.5732421859375 0.236328125 0.58203125 0.2353515640625 0.58984375 0.2314453140625 0.5859375 0.2041015640625 0.591796875 0.1748046859375 0.5595703140625 0.14453125
2 0.609375 0.3388671859375 0.60546875 0.3720703140625 0.59375 0.3896484359375 0.6005859359375 0.396484375 0.61328125 0.3955078140625 0.640625 0.3876953140625 0.65234375 0.3564453140625 0.6474609359375 0.341796875 0.609375 0.3388671859375
2 0.765625 0.7568359359375 0.74609375 0.7353515640625 0.74609375 0.7197265640625 0.76171875 0.6884765640625 0.7412109359375 0.69140625 0.7236328140625 0.662109375 0.7060546859375 0.66015625 0.7001953140625 0.669921875 0.6904296859375 0.658203125 0.69140625 0.6806640640625 0.71484375 0.7041015640625 0.708984375 0.7412109359375 0.734375 0.7646484359375 0.73828125 0.7919921859375 0.75 0.8037109359375 0.75 0.8271484359375 0.763671875 0.8291015640625 0.78125 0.8251953140625 0.79296875 0.7861328140625 0.7734375 0.7763671859375 0.765625 0.7568359359375
2 0.955078125 0.1982421859375 0.9609375 0.2041015640625 0.958984375 0.2138671859375 0.9658203140625 0.2109375 0.9716796859375 0.22265625 0.978515625 0.2216796859375 0.984375 0.2119140640625 0.982421875 0.1982421859375 0.9638671859375 0.19140625 0.955078125 0.1982421859375
2 0.9169921859375 0.01953125 0.9072265640625 0.017578125 0.900390625 0.041992185937499996 0.87890625 0.0615234359375 0.876953125 0.07714843593750001 0.89453125 0.08496093593750001 0.935546875 0.034179685937499996 0.94140625 0.016601564062499997 0.9365234359375 0.00390625 0.9169921859375 0.01953125
2 0.9501953140625 0.115234375 0.9326171859375 0.1015625 0.91796875 0.1318359359375 0.919921875 0.1455078140625 0.9345703140625 0.1484375 0.94140625 0.1669921859375 0.947265625 0.1669921859375 0.98046875 0.12402343593750001 0.98046875 0.11035156406249999 0.9716796859375 0.103515625 0.9501953140625 0.115234375