2 0.0651139375 0.8792481328124999 0.0974668078125 0.8774424468750001 0.0979040421875 0.8960454078125 0.10656202031249999 0.9012390984374999 0.12154203593749999 0.8910006484374999 0.1240666671875 0.8715227656250001 0.15273593593749998 0.8617621078125 0.1548622515625 0.8559665234375 0.11172508750000001 0.8583741046875 0.105250325 0.8454302140625 0.12117969531249999 0.8362032015624999 0.1214642078125 0.826430128125 0.1048699984375 0.824872640625 0.0860356671875 0.8330199640625 0.09173178125 0.8390885796875001 0.0865867 0.8477136984375001 0.06585366718749999 0.8538381546875 0.068587921875 0.8607816875 0.08506832656249999 0.8662484046875001 0.0651139375 0.8792481328124999
2 0.79613074375 0.8842185359375 0.7885359234375 0.8761270546875 0.7600942625 0.8780692562500001 0.75935453125 0.903479234375 0.7658861921875 0.9144685109375 0.7815879531250001 0.9130599500000001 0.8008595140624999 0.923515584375 0.8119852218749999 0.9111860078125 0.8134466921874999 0.8946059156249999 0.8117186984375 0.886719203125 0.79613074375 0.8842185359375
2 0.7121174578125 0.9458540187500001 0.6953525375 0.950160375 0.7109659125000001 0.9657922609374999 0.794841821875 0.9613965109375 0.7912911015625 0.9495957203125001 0.7730257921875 0.9381969046874999 0.7335153296875 0.9505140687500001 0.7121174578125 0.9458540187500001
2 0.941016390625 0.883405684375 0.9161056125 0.8649268234375 0.9042012625 0.870381125 0.8829171953125 0.861811846875 0.8670447265625001 0.86908425 0.84754555625 0.86644706875 0.83998965 0.89064084375 0.8455719593750001 0.9006186875 0.8290915515625 0.8951519687499999 0.8259589843749999 0.90189073125 0.8766729828125 0.9418145046875 0.906007090625 0.9428383546875001 0.9209084843750001 0.9547896375 0.9215390828125001 0.9547565890625 0.9305375359375001 0.9407596406250001 0.913733703125 0.912780734375 0.939782525 0.8921673203125 0.941016390625 0.883405684375
2 0.632479771875 0.6554542203125 0.6074372078125 0.6751244578125 0.6256456140625 0.6884778890625001 0.6667133656249999 0.6899112781250001 0.6810285453125 0.6688883203125 0.7226084171875 0.652730184375 0.7500438218750001 0.6517311640625 0.7662008015625 0.634685690625 0.8050853375000001 0.6438692796875001 0.8082748109375 0.6351759 0.7988381890625 0.6231069328125 0.8099069890624999 0.61273196875 0.8591385890625001 0.6027107015625 0.865403725 0.589233171875 0.8870292140625 0.5860747671875 0.889155525 0.5802791828125 0.8756369828125001 0.5739375453125 0.8423347531250001 0.574731796875 0.8281902859375 0.5898909109375 0.8124316234375 0.5932540859375 0.804210878125 0.60666335625 0.7770030828125 0.5998439234374999 0.7687254343750001 0.6152078078125001 0.721620153125 0.619433490625 0.7075894828125 0.630683378125 0.6918877218749999 0.6320919390624999 0.673661334375 0.6529783828125 0.632479771875 0.6554542203125
2 0.368912959375 0.765607540625 0.3652293546875 0.757652571875 0.3495844953125 0.75710651875 0.340585103125 0.7636405125 0.33621867031249997 0.7791409093749999 0.36661593593749997 0.77726696875 0.368912959375 0.765607540625
2 0.324637746875 0.8071074015624999 0.326820959375 0.7993572015625 0.28844854531249997 0.7725820890625 0.26982384062500003 0.8071508312500001 0.23663541562499998 0.8040358546874999 0.21176355781249998 0.81784225 0.24774313281250002 0.825946146875 0.2501928765625 0.84266275 0.256895246875 0.8477881843749999 0.274780221875 0.8386294234375 0.29025437187500003 0.8450393171874999 0.305234390625 0.83480086875 0.3118409453125 0.8095956531249999 0.324637746875 0.8071074015624999
2 0.4314057453125 0.40092622968749997 0.4360387 0.40989263125 0.45441781406250004 0.4173822203125 0.45485504218750006 0.43598517968749995 0.486144759375 0.4370772859375 0.4942517015625 0.4275772421875 0.5119659750000001 0.4242823234375 0.5182311109375 0.41080479687500004 0.5570018421875 0.4238976109375 0.5590712578125 0.42005664062500003 0.520357428125 0.4050092109375 0.5237745078125 0.38849737968750003 0.50947731875 0.3752804625 0.49578806562500005 0.374802665625 0.495180128125 0.36206354531249996 0.48847775625 0.3569381140625 0.4499166484375 0.370266715625 0.4514170359375 0.3859718828125 0.468846796875 0.3924500328125 0.4618030125 0.399052284375 0.438392628125 0.3962785921875 0.4314057453125 0.40092622968749997
2 0.5675284281249999 0.7011239203125 0.5759587953125 0.71413606875 0.5993691812499999 0.7169097625 0.6014954984374999 0.7111141765625 0.5882614625 0.6949994671875 0.5675284281249999 0.7011239203125
2 0.053862667187500005 0.4924269296875 0.046267846875000004 0.48433544843750004 0.028337103125000002 0.48652926250000006 0.02964614375 0.5090046359375 0.043458707812500004 0.5135864 0.08061524375 0.5148832765625 0.0947028140625 0.501678775 0.053862667187500005 0.4924269296875
2 0.11986835468749998 0.14156442656249998 0.125962784375 0.133950740625 0.12032357187500001 0.12592751562499999 0.1274811578125 0.1154160390625 0.0965328578125 0.10259624687499999 0.08675482343749999 0.102254965625 0.0647879203125 0.1171410546875 0.057136198437499994 0.11100418593750001 0.0381311640625 0.1250153546875 0.037277628125000004 0.154334559375 0.05381493750000001 0.15784666249999998 0.068947675 0.1759842421875 0.0750990046875 0.1664159421875 0.114381859375 0.16191723281249998 0.12338125 0.155383240625 0.11986835468749998 0.14156442656249998
2 0.5217711671874999 0.053848853125 0.5154491265625001 0.06928099531250001 0.5229301421875 0.0812817046875 0.5172160390625 0.1094529671875 0.5241460171875 0.1067599453125 0.5308663765625 0.077645503125 0.5482572171875 0.0518383984375 0.5268593453125 0.047178346875 0.5185996828125 0.0283023625 0.5217711671874999 0.053848853125