2 0.072265625 0.2431640640625 0.0283203140625 0.24609375 0.03515625 0.2275390640625 0.017578125 0.2177734359375 0.0009765640625 0.173828125 0.00390625 0.2705078140625 0.008789064062500001 0.259765625 0.024414064062499997 0.263671875 0.032226564062500004 0.248046875 0.072265625 0.2431640640625
2 0.091796875 0.3505859359375 0.07519531406249999 0.3359375 0.0595703140625 0.34765625 0.046875 0.3486328140625 0.04296875 0.3916015640625 0.07714843593750001 0.421875 0.0859375 0.4208984359375 0.099609375 0.4091796859375 0.1015625 0.3916015640625 0.083984375 0.3798828140625 0.091796875 0.3505859359375
2 0.1669921859375 0.576171875 0.166015625 0.5986328140625 0.158203125 0.6123046859375 0.1640625 0.6201171859375 0.162109375 0.6396484359375 0.169921875 0.6416015640625 0.1953125 0.6103515640625 0.185546875 0.6044921859375 0.1796875 0.5849609359375 0.1669921859375 0.576171875
2 0.228515625 0.6669921859375 0.2119140640625 0.646484375 0.1865234359375 0.66015625 0.18359375 0.6708984359375 0.20703125 0.6982421859375 0.20703125 0.7099609359375 0.193359375 0.7275390640625 0.2265625 0.7333984359375 0.2265625 0.7099609359375 0.2373046859375 0.70703125 0.240234375 0.6982421859375 0.228515625 0.6669921859375
2 0.109375 0.5068359359375 0.1171875 0.5087890640625 0.12890625 0.4853515640625 0.12207031406249999 0.466796875 0.109375 0.4794921859375 0.109375 0.5068359359375
2 0.00390625 0.9931640640625 0.0048828140625 1 0.05078125 0.9990234359375 0.052734375 0.9755859359375 0.040039064062500004 0.9609375 0.0283203140625 0.962890625 0.00390625 0.9931640640625
2 0.2373046859375 0.859375 0.2470703140625 0.861328125 0.2509765640625 0.87109375 0.2734375 0.8720703140625 0.287109375 0.8525390640625 0.2685546859375 0.818359375 0.23046875 0.8310546859375 0.2373046859375 0.859375
2 0.3193359359375 1 0.365234375 0.9990234359375 0.369140625 0.9794921859375 0.3583984359375 0.9609375 0.318359375 0.9892578140625 0.3193359359375 1
2 0.62109375 0.9013671859375 0.60546875 0.8876953140625 0.60546875 0.8662109359375 0.5927734359375 0.86328125 0.5830078140625 0.873046875 0.5634765640625 0.869140625 0.560546875 0.8857421859375 0.591796875 0.9130859359375 0.595703125 0.9462890640625 0.5859375 0.9755859359375 0.599609375 0.9755859359375 0.615234375 0.9599609359375 0.607421875 0.9287109359375 0.619140625 0.9208984359375 0.62109375 0.9013671859375
2 0.5615234359375 0.6796875 0.5380859359375 0.677734375 0.51953125 0.6982421859375 0.53125 0.7138671859375 0.529296875 0.7392578140625 0.53515625 0.7412109359375 0.5498046859375 0.71875 0.572265625 0.7119140640625 0.572265625 0.6982421859375 0.5615234359375 0.6796875
2 0.556640625 0.8388671859375 0.5625 0.8115234359375 0.5517578140625 0.806640625 0.541015625 0.8349609359375 0.556640625 0.8388671859375
2 0.466796875 0.6025390640625 0.46875 0.6220703140625 0.478515625 0.6240234359375 0.494140625 0.6005859359375 0.4853515640625 0.57421875 0.4765625 0.5791015640625 0.466796875 0.6025390640625
2 0.46875 0.5146484359375 0.470703125 0.4970703140625 0.4638671859375 0.49609375 0.458984375 0.5048828140625 0.46875 0.5146484359375
2 0.44140625 0.3642578140625 0.44140625 0.3544921859375 0.4140625 0.3427734359375 0.423828125 0.3037109359375 0.4052734359375 0.3046875 0.3955078140625 0.29296875 0.388671875 0.3310546859375 0.392578125 0.3603515640625 0.41015625 0.3818359359375 0.408203125 0.4130859359375 0.416015625 0.4150390640625 0.421875 0.3876953140625 0.435546875 0.3798828140625 0.431640625 0.3740234359375 0.44140625 0.3642578140625
2 0.361328125 0.11230468593750001 0.3525390640625 0.109375 0.3427734359375 0.12109375 0.3271484359375 0.099609375 0.326171875 0.1669921859375 0.337890625 0.1767578140625 0.345703125 0.2001953140625 0.35546875 0.2041015640625 0.37109375 0.1806640640625 0.37109375 0.1630859359375 0.359375 0.1337890640625 0.361328125 0.11230468593750001
2 0.3056640640625 0.00390625 0.2958984359375 0.013671875 0.2900390640625 0 0.271484375 0.008789064062500001 0.26953125 0.022460935937500003 0.28515625 0.041992185937499996 0.2939453140625 0.041015625 0.306640625 0.0263671859375 0.310546875 0.008789064062500001 0.3056640640625 0.00390625
2 0.703125 0.2041015640625 0.7236328140625 0.2265625 0.73046875 0.2255859359375 0.732421875 0.1748046859375 0.7255859359375 0.169921875 0.712890625 0.1806640640625 0.703125 0.2041015640625
2 0.794921875 0.3037109359375 0.798828125 0.2900390640625 0.7919921859375 0.2890625 0.7705078140625 0.306640625 0.7578125 0.2685546859375 0.7509765640625 0.265625 0.7421875 0.2783203140625 0.744140625 0.3427734359375 0.75390625 0.3486328140625 0.7646484359375 0.31640625 0.77734375 0.3486328140625 0.7802734359375 0.33984375 0.7919921859375 0.33984375 0.80078125 0.3271484359375 0.794921875 0.3037109359375
2 0.83984375 0.6259765640625 0.83203125 0.6552734359375 0.833984375 0.6689453140625 0.84375 0.6708984359375 0.84375 0.6494140640625 0.86328125 0.6416015640625 0.8466796859375 0.623046875 0.83984375 0.6259765640625
2 0.8662109359375 0.7109375 0.8505859359375 0.71484375 0.8427734359375 0.70703125 0.841796875 0.7353515640625 0.859375 0.7568359359375 0.880859375 0.7451171859375 0.873046875 0.7333984359375 0.873046875 0.7177734359375 0.8662109359375 0.7109375
2 0.8427734359375 0.791015625 0.837890625 0.8037109359375 0.8515625 0.8251953140625 0.888671875 0.8505859359375 0.890625 0.8369140640625 0.876953125 0.8154296859375 0.8583984359375 0.796875 0.8427734359375 0.791015625
2 0.9130859359375 0.927734375 0.900390625 0.9013671859375 0.8916015640625 0.8984375 0.88671875 0.9091796859375 0.892578125 0.9287109359375 0.9091796859375 0.94921875 0.9189453140625 0.9453125 0.9375 0.9658203140625 0.9453125 0.9501953140625 0.939453125 0.9306640640625 0.9326171859375 0.923828125 0.9130859359375 0.927734375