2 0.068359375 0.4873046859375 0.07421875 0.4970703140625 0.07421875 0.5224609359375 0.083984375 0.5224609359375 0.099609375 0.5087890640625 0.099609375 0.4892578140625 0.08105468593750001 0.46484375 0.068359375 0.4873046859375
2 0.1328125 0.6435546859375 0.130859375 0.6103515640625 0.12207031406249999 0.60546875 0.10546875 0.6416015640625 0.1328125 0.6435546859375
2 0.3349609359375 0.21875 0.345703125 0.2177734359375 0.34765625 0.1962890640625 0.3330078140625 0.1875 0.328125 0.2119140640625 0.3349609359375 0.21875
2 0.3388671859375 0.251953125 0.33984375 0.2939453140625 0.365234375 0.3037109359375 0.3671875 0.2900390640625 0.35546875 0.2861328140625 0.359375 0.2587890640625 0.3388671859375 0.251953125
2 0.40625 0.4326171859375 0.412109375 0.4111328140625 0.3994140640625 0.40625 0.392578125 0.4248046859375 0.40625 0.4326171859375
2 0.658203125 0.2646484359375 0.669921875 0.2451171859375 0.6533203140625 0.234375 0.646484375 0.2548828140625 0.658203125 0.2646484359375
2 0.62109375 0.1572265640625 0.630859375 0.1689453140625 0.640625 0.1552734359375 0.6337890640625 0.130859375 0.62109375 0.1396484359375 0.62109375 0.1572265640625
2 0.7646484359375 0.59375 0.779296875 0.6083984359375 0.7607421859375 0.57421875 0.7421875 0.5771484359375 0.7490234359375 0.59375 0.7646484359375 0.59375
2 0.791015625 0.6533203140625 0.7822265640625 0.638671875 0.7734375 0.6767578140625 0.779296875 0.6962890640625 0.7919921859375 0.693359375 0.80078125 0.7216796859375 0.806640625 0.7236328140625 0.806640625 0.6748046859375 0.8017578140625 0.66796875 0.7890625 0.6728515640625 0.791015625 0.6533203140625
2 0.849609375 0.8291015640625 0.857421875 0.8115234359375 0.8310546859375 0.79296875 0.830078125 0.8271484359375 0.849609375 0.8291015640625
2 0.849609375 0.9091796859375 0.853515625 0.9365234359375 0.861328125 0.9384765640625 0.876953125 0.9169921859375 0.8681640640625 0.8828125 0.85546875 0.8857421859375 0.849609375 0.9091796859375
2 0.552734375 0.9443359359375 0.568359375 0.9697265640625 0.576171875 0.9697265640625 0.57421875 0.9306640640625 0.5634765640625 0.923828125 0.552734375 0.9345703140625 0.552734375 0.9443359359375
2 0.552734375 0.8525390640625 0.556640625 0.8349609359375 0.5419921859375 0.826171875 0.5390625 0.8349609359375 0.552734375 0.8525390640625
2 0.552734375 0.9130859359375 0.56640625 0.9130859359375 0.564453125 0.8876953140625 0.5478515640625 0.892578125 0.5322265640625 0.876953125 0.552734375 0.9130859359375
2 0.962890625 0.1474609359375 0.958984375 0.1279296859375 0.9462890640625 0.123046875 0.935546875 0.1552734359375 0.94921875 0.1728515640625 0.95703125 0.2099609359375 0.97265625 0.2021484359375 0.986328125 0.1767578140625 0.9765625 0.1572265640625 0.962890625 0.1474609359375
2 0.7180555546875 0.5125 0.7194444453125 0.522222221875 0.732421875 0.5263671859375 0.7421875 0.5087890640625 0.7314453140625 0.498046875 0.7208333328125 0.5013888890625 0.7180555546875 0.5125