2 0.15625 0.9892578140625 0.1572265640625 1 0.2109375 0.9990234359375 0.1865234359375 0.978515625 0.1767578140625 0.984375 0.1611328140625 0.982421875 0.15625 0.9892578140625
2 0 0.6005859359375 0.02734375 0.6103515640625 0.0234375 0.5830078140625 0.03125 0.5673828140625 0.0009765640625 0.5703125 0 0.6005859359375
2 0.080078125 0.7900390640625 0.083984375 0.8251953140625 0.099609375 0.8271484359375 0.12109375 0.7958984359375 0.11816406406249999 0.775390625 0.09667968593750001 0.77734375 0.080078125 0.7900390640625
2 0.06738281406249999 0.640625 0.05859375 0.6435546859375 0.05859375 0.6884765640625 0.044921875 0.7080078140625 0.044921875 0.7197265640625 0.05859375 0.7216796859375 0.087890625 0.7119140640625 0.078125 0.6943359359375 0.08203125 0.6708984359375 0.06738281406249999 0.640625
2 0.15625 0.8447265640625 0.1435546859375 0.8359375 0.12890625 0.8466796859375 0.107421875 0.8857421859375 0.111328125 0.8974609359375 0.126953125 0.9072265640625 0.125 0.9169921859375 0.11328125 0.9248046859375 0.123046875 0.9404296859375 0.119140625 0.9658203140625 0.13671875 0.9716796859375 0.1484375 0.9599609359375 0.158203125 0.9208984359375 0.1484375 0.8857421859375 0.15625 0.8447265640625
2 0.482421875 0.8681640640625 0.490234375 0.8720703140625 0.515625 0.8505859359375 0.5166015640625 0.830078125 0.48828125 0.8310546859375 0.482421875 0.8681640640625
2 0.5361328140625 0.921875 0.5234375 0.9384765640625 0.5234375 0.9541015640625 0.53125 0.9619140640625 0.52734375 0.9853515640625 0.53515625 0.9873046859375 0.55078125 0.9794921859375 0.5625 0.9541015640625 0.560546875 0.9423828140625 0.5361328140625 0.921875
2 0.361328125 0.4326171859375 0.359375 0.4169921859375 0.3466796859375 0.408203125 0.3310546859375 0.40234375 0.3203125 0.4072265640625 0.3203125 0.4267578140625 0.30078125 0.4482421859375 0.30078125 0.4599609359375 0.3203125 0.4677734359375 0.296875 0.4951171859375 0.2890625 0.5087890640625 0.29296875 0.5107421859375 0.32421875 0.4658203140625 0.3427734359375 0.4609375 0.34765625 0.4423828140625 0.361328125 0.4326171859375
2 0.4462890640625 0.60546875 0.4375 0.6103515640625 0.4296875 0.6669921859375 0.4150390640625 0.66796875 0.41015625 0.6826171859375 0.4248046859375 0.712890625 0.453125 0.7177734359375 0.4609375 0.7001953140625 0.453125 0.6884765640625 0.455078125 0.6416015640625 0.4462890640625 0.60546875
2 0.310546875 0.2177734359375 0.2998046859375 0.212890625 0.2822265640625 0.220703125 0.271484375 0.2353515640625 0.275390625 0.2490234359375 0.294921875 0.2626953140625 0.29296875 0.2744140640625 0.2763671859375 0.27734375 0.271484375 0.2880859359375 0.302734375 0.3173828140625 0.318359375 0.3095703140625 0.3203125 0.2900390640625 0.30859375 0.2685546859375 0.310546875 0.2177734359375
2 0.595703125 0.06347656406249999 0.60546875 0.06738281406249999 0.62109375 0.0517578140625 0.623046875 0.034179685937499996 0.5986328140625 0.0234375 0.595703125 0.06347656406249999
2 0.666015625 0.2041015640625 0.666015625 0.2119140640625 0.6728515640625 0.220703125 0.69140625 0.2216796859375 0.70703125 0.2099609359375 0.70703125 0.2021484359375 0.6904296859375 0.185546875 0.666015625 0.2041015640625
2 0.7431640640625 0.333984375 0.7265625 0.3525390640625 0.736328125 0.3798828140625 0.74609375 0.3818359359375 0.7578125 0.3759765640625 0.759765625 0.3642578140625 0.74609375 0.3505859359375 0.7431640640625 0.333984375
2 0.794921875 0.5341796859375 0.796875 0.5478515640625 0.818359375 0.5595703140625 0.8388671859375 0.5546875 0.84765625 0.5361328140625 0.8037109359375 0.5234375 0.794921875 0.5341796859375
2 0.8740234359375 0.677734375 0.8583984359375 0.68359375 0.8427734359375 0.671875 0.8359375 0.6787109359375 0.837890625 0.7138671859375 0.861328125 0.7490234359375 0.876953125 0.7529296859375 0.896484375 0.7177734359375 0.888671875 0.7060546859375 0.890625 0.6845703140625 0.8740234359375 0.677734375