2 0.103515625 0.09082031406249999 0.10839843593750001 0.072265625 0.08203125 0.07324218593750001 0.08691406406249999 0.0859375 0.103515625 0.09082031406249999
2 0.099609375 0.1318359359375 0.09765625 0.10839843593750001 0.08496093593750001 0.103515625 0.078125 0.11816406406249999 0.099609375 0.1318359359375
2 0.154296875 0.2822265640625 0.1728515640625 0.29296875 0.185546875 0.2919921859375 0.181640625 0.2685546859375 0.1572265640625 0.2578125 0.150390625 0.2666015640625 0.154296875 0.2822265640625
2 0.185546875 0.3291015640625 0.1845703140625 0.33984375 0.1689453140625 0.330078125 0.154296875 0.3427734359375 0.1572265640625 0.3515625 0.1708984359375 0.3515625 0.177734375 0.3583984359375 0.181640625 0.3779296859375 0.193359375 0.3837890640625 0.197265625 0.3544921859375 0.2109375 0.3291015640625 0.2021484359375 0.31640625 0.185546875 0.3291015640625
2 0.337890625 0.7255859359375 0.345703125 0.7197265640625 0.3427734359375 0.69921875 0.3203125 0.7099609359375 0.337890625 0.7255859359375
2 0.37109375 0.9541015640625 0.38671875 0.9970703140625 0.40234375 0.9990234359375 0.404296875 0.9462890640625 0.3896484359375 0.923828125 0.37109375 0.9443359359375 0.37109375 0.9541015640625
2 0.720703125 0.9384765640625 0.732421875 0.9228515640625 0.7158203140625 0.908203125 0.708984375 0.9287109359375 0.720703125 0.9384765640625
2 0.646484375 0.6630859359375 0.6484375 0.6474609359375 0.6337890640625 0.62890625 0.626953125 0.6533203140625 0.646484375 0.6630859359375
2 0.6162109359375 0.541015625 0.5927734359375 0.5390625 0.58203125 0.5478515640625 0.59375 0.5673828140625 0.587890625 0.5751953140625 0.5986328140625 0.587890625 0.615234375 0.5888671859375 0.619140625 0.5791015640625 0.61328125 0.5654296859375 0.626953125 0.5498046859375 0.6162109359375 0.541015625
2 0.546875 0.4013671859375 0.556640625 0.4072265640625 0.56640625 0.3759765640625 0.5634765640625 0.3515625 0.544921875 0.3876953140625 0.546875 0.4013671859375
2 0.46875 0.11035156406249999 0.4609375 0.08496093593750001 0.4521484359375 0.08203125 0.453125 0.1650390640625 0.46484375 0.2001953140625 0.470703125 0.2021484359375 0.48046875 0.1865234359375 0.474609375 0.1572265640625 0.46484375 0.1513671859375 0.46875 0.11035156406249999
2 0.765625 0.08886718593750001 0.78515625 0.10839843593750001 0.78515625 0.08300781406249999 0.7783203140625 0.07421875 0.7685546859375 0.07421875 0.765625 0.08886718593750001
2 0.8212890640625 0.181640625 0.81640625 0.2158203140625 0.830078125 0.2255859359375 0.833984375 0.2412109359375 0.84765625 0.2529296859375 0.849609375 0.2197265640625 0.8359375 0.2099609359375 0.8359375 0.1884765640625 0.8212890640625 0.181640625
2 0.9052734359375 0.533203125 0.8984375 0.5732421859375 0.9140625 0.5771484359375 0.9462890640625 0.57421875 0.94921875 0.5654296859375 0.9189453140625 0.533203125 0.9052734359375 0.533203125
2 0.947265625 0.6904296859375 0.96484375 0.6923828140625 0.970703125 0.6865234359375 0.96875 0.6708984359375 0.9501953140625 0.669921875 0.947265625 0.6904296859375
2 1 0.7763671859375 0.990234375 0.7685546859375 0.9853515640625 0.732421875 0.9765625 0.7353515640625 0.966796875 0.7568359359375 0.974609375 0.7705078140625 0.9765625 0.8134765640625 1 0.8017578140625 1 0.7763671859375
2 0.271484375 0.5927734359375 0.2783203140625 0.6015625 0.2890625 0.6005859359375 0.3017578140625 0.599609375 0.30859375 0.5888671859375 0.2880859359375 0.546875 0.271484375 0.5927734359375
2 0.21875 0.5205078140625 0.23046875 0.5244140640625 0.244140625 0.4990234359375 0.2314453140625 0.486328125 0.2177734359375 0.486328125 0.21875 0.5205078140625