2 0.146484375 0.9326171859375 0.15625 0.9345703140625 0.16015625 0.9169921859375 0.1533203140625 0.908203125 0.142578125 0.9208984359375 0.146484375 0.9326171859375
2 0.076171875 0.7958984359375 0.09667968593750001 0.810546875 0.107421875 0.8095703140625 0.109375 0.7685546859375 0.10253906406249999 0.765625 0.078125 0.7861328140625 0.076171875 0.7958984359375
2 0.00390625 0.5576171859375 0.001953125 0.5712890640625 0.0068359359375 0.578125 0.029296875 0.5810546859375 0.0390625 0.5576171859375 0.03125 0.5400390640625 0.020507814062499997 0.533203125 0.00390625 0.5576171859375
2 0.10449218593750001 0.845703125 0.095703125 0.8955078140625 0.10839843593750001 0.90625 0.125 0.9052734359375 0.138671875 0.8798828140625 0.138671875 0.8662109359375 0.12402343593750001 0.84765625 0.10449218593750001 0.845703125
2 0.078125 0.6787109359375 0.07519531406249999 0.669921875 0.0615234359375 0.673828125 0.056640625 0.6689453140625 0.060546875 0.6298828140625 0.049804685937499996 0.623046875 0.038085935937499996 0.626953125 0.029296875 0.6416015640625 0.025390625 0.7333984359375 0.03125 0.7470703140625 0.037109375 0.7470703140625 0.0595703140625 0.72265625 0.0703125 0.7197265640625 0.06640625 0.7001953140625 0.078125 0.6787109359375
2 0.173828125 0.3583984359375 0.189453125 0.3623046859375 0.203125 0.3564453140625 0.203125 0.3427734359375 0.1748046859375 0.341796875 0.173828125 0.3583984359375
2 0.3798828140625 0.78125 0.4052734359375 0.78125 0.4091796859375 0.7890625 0.419921875 0.7900390640625 0.42578125 0.7744140640625 0.4091796859375 0.7578125 0.376953125 0.7548828140625 0.3798828140625 0.78125
2 0.11425781406249999 0.046875 0.111328125 0.07324218593750001 0.1171875 0.08496093593750001 0.107421875 0.09277343593750001 0.12109375 0.11425781406249999 0.12890625 0.11621093593750001 0.1484375 0.10253906406249999 0.1484375 0.06738281406249999 0.1337890640625 0.046875 0.11425781406249999 0.046875
2 0.4755859359375 0.935546875 0.466796875 0.9443359359375 0.462890625 0.9990234359375 0.490234375 0.9990234359375 0.501953125 0.9912109359375 0.50390625 0.9580078140625 0.4951171859375 0.943359375 0.4755859359375 0.935546875
2 0.453125 0.8544921859375 0.443359375 0.8173828140625 0.4208984359375 0.806640625 0.416015625 0.8173828140625 0.42578125 0.8623046859375 0.41015625 0.8857421859375 0.41796875 0.9033203140625 0.42578125 0.9052734359375 0.4404296859375 0.89453125 0.4580078140625 0.8984375 0.46875 0.8701171859375 0.453125 0.8544921859375
2 0.390625 0.6220703140625 0.375 0.6103515640625 0.373046875 0.5947265640625 0.349609375 0.5791015640625 0.34765625 0.5517578140625 0.328125 0.5478515640625 0.326171875 0.5244140640625 0.3212890640625 0.51953125 0.3076171859375 0.5234375 0.30078125 0.5029296859375 0.2802734359375 0.4921875 0.263671875 0.5478515640625 0.29296875 0.5634765640625 0.29296875 0.5791015640625 0.3125 0.6083984359375 0.314453125 0.6455078140625 0.3291015640625 0.662109375 0.341796875 0.6630859359375 0.3583984359375 0.65625 0.3662109359375 0.64453125 0.3857421859375 0.65234375 0.390625 0.6220703140625
2 0.251953125 0.3740234359375 0.2265625 0.3017578140625 0.232421875 0.2919921859375 0.232421875 0.2666015640625 0.2109375 0.2470703140625 0.2109375 0.2236328140625 0.201171875 0.2158203140625 0.1796875 0.1591796859375 0.1611328140625 0.158203125 0.140625 0.1748046859375 0.14453125 0.1943359359375 0.15625 0.2041015640625 0.162109375 0.2314453140625 0.15625 0.2529296859375 0.181640625 0.2666015640625 0.1845703140625 0.287109375 0.2041015640625 0.28125 0.216796875 0.2998046859375 0.20703125 0.3369140640625 0.234375 0.3623046859375 0.240234375 0.4052734359375 0.236328125 0.4228515640625 0.25390625 0.4462890640625 0.263671875 0.4248046859375 0.28125 0.4072265640625 0.28125 0.3955078140625 0.251953125 0.3740234359375
2 0.7412109359375 0.794921875 0.7265625 0.8017578140625 0.71875 0.8212890640625 0.7197265640625 0.83203125 0.73828125 0.8369140640625 0.7421875 0.8232421859375 0.75390625 0.8173828140625 0.75390625 0.8076171859375 0.7412109359375 0.794921875
2 0.703125 0.7060546859375 0.701171875 0.7294921859375 0.72265625 0.7314453140625 0.732421875 0.7275390640625 0.740234375 0.7060546859375 0.7138671859375 0.6953125 0.703125 0.7060546859375
2 0.7451171859375 0.845703125 0.73046875 0.8720703140625 0.73046875 0.8837890640625 0.7421875 0.8896484359375 0.7490234359375 0.87890625 0.7734375 0.8818359359375 0.7626953140625 0.841796875 0.7451171859375 0.845703125
2 0.54296875 0.2099609359375 0.533203125 0.2158203140625 0.533203125 0.2294921859375 0.55078125 0.2333984359375 0.576171875 0.2158203140625 0.5771484359375 0.1796875 0.5556640640625 0.185546875 0.54296875 0.2099609359375
2 0.66796875 0.4580078140625 0.6591796859375 0.462890625 0.6474609359375 0.44921875 0.63671875 0.4560546859375 0.625 0.4775390640625 0.625 0.4990234359375 0.646484375 0.5458984359375 0.66015625 0.5498046859375 0.666015625 0.5302734359375 0.654296875 0.5009765640625 0.66015625 0.4658203140625 0.66796875 0.4580078140625
2 0.6044921859375 0.302734375 0.62109375 0.2958984359375 0.62890625 0.2685546859375 0.6240234359375 0.259765625 0.607421875 0.2685546859375 0.5986328140625 0.2265625 0.578125 0.2451171859375 0.580078125 0.2841796859375 0.564453125 0.2900390640625 0.568359375 0.3076171859375 0.55078125 0.3271484359375 0.5576171859375 0.337890625 0.5693359359375 0.333984375 0.57421875 0.3564453140625 0.58203125 0.3583984359375 0.59375 0.3447265640625 0.591796875 0.3193359359375 0.6015625 0.3154296859375 0.6044921859375 0.302734375
2 0.55859375 0.10644531406249999 0.5634765640625 0.111328125 0.5703125 0.10644531406249999 0.572265625 0.09472656406249999 0.564453125 0.07910156406249999 0.572265625 0.038085935937499996 0.5576171859375 0.01953125 0.5478515640625 0.041015625 0.5322265640625 0.013671875 0.5302734359375 0.021484375 0.5107421859375 0.0234375 0.5078125 0.0009765640625 0.5009765640625 0 0.5 0.024414064062499997 0.4794921859375 0.005859375 0.4765625 0.022460935937500003 0.466796875 0.0263671859375 0.46484375 0.038085935937499996 0.4970703140625 0.078125 0.51171875 0.08105468593750001 0.505859375 0.10839843593750001 0.515625 0.12011718593750001 0.52734375 0.10644531406249999 0.529296875 0.09082031406249999 0.5478515640625 0.08203125 0.55859375 0.10644531406249999
2 1 0.5361328140625 0.9990234359375 0.474609375 0.98046875 0.4990234359375 0.986328125 0.5341796859375 1 0.5361328140625
2 0.94921875 0.4130859359375 0.951171875 0.4501953140625 0.978515625 0.4189453140625 0.978515625 0.4091796859375 0.9599609359375 0.3984375 0.94921875 0.4130859359375
2 0.9306640640625 0.017578125 0.900390625 0.040039064062500004 0.8984375 0.06933593593750001 0.880859375 0.08691406406249999 0.8837890640625 0.099609375 0.90625 0.10058593593750001 0.927734375 0.09277343593750001 0.9296875 0.07128906406249999 0.9375 0.0615234359375 0.9306640640625 0.017578125
2 0.9052734359375 0 0.82421875 0.0009765640625 0.841796875 0.036132814062500004 0.837890625 0.06347656406249999 0.85546875 0.06738281406249999 0.87109375 0.0537109359375 0.873046875 0.032226564062500004 0.900390625 0.0146484359375 0.9052734359375 0
2 1 0.1708984359375 0.9697265640625 0.2109375 0.970703125 0.1787109359375 0.9609375 0.1591796859375 0.9248046859375 0.166015625 0.927734375 0.1435546859375 0.9228515640625 0.140625 0.8974609359375 0.15625 0.8818359359375 0.158203125 0.87890625 0.1728515640625 0.8876953140625 0.197265625 0.9052734359375 0.181640625 0.92578125 0.1748046859375 0.92578125 0.2041015640625 0.9140625 0.2236328140625 0.908203125 0.2529296859375 0.9189453140625 0.26171875 0.9365234359375 0.23828125 0.9462890640625 0.236328125 0.939453125 0.2646484359375 0.951171875 0.2666015640625 0.9716796859375 0.240234375 1 0.2451171859375 1 0.1708984359375