2 0 0.2080078140625 0.0068359359375 0.216796875 0.015625 0.2158203140625 0.01171875 0.1884765640625 0.017578125 0.1689453140625 0.0068359359375 0.162109375 0 0.1650390640625 0 0.2080078140625
2 1 0.7353515640625 0.9853515640625 0.734375 0.970703125 0.7666015640625 1 0.7763671859375 1 0.7353515640625
2 0.6142578140625 0.779296875 0.607421875 0.7939453140625 0.609375 0.8095703140625 0.6328125 0.8232421859375 0.640625 0.8095703140625 0.638671875 0.7978515640625 0.6240234359375 0.78125 0.6142578140625 0.779296875
2 0.5625 0.7080078140625 0.5654296859375 0.720703125 0.58203125 0.7255859359375 0.59375 0.7138671859375 0.5849609359375 0.67578125 0.5703125 0.6884765640625 0.5625 0.7080078140625
2 0.931640625 0.6318359359375 0.92578125 0.6533203140625 0.939453125 0.6591796859375 0.966796875 0.6435546859375 0.9677734359375 0.625 0.9462890640625 0.623046875 0.931640625 0.6318359359375
2 0.474609375 0.4755859359375 0.486328125 0.4873046859375 0.515625 0.4619140640625 0.5146484359375 0.44140625 0.486328125 0.4443359359375 0.474609375 0.4755859359375
2 0.216796875 0.7646484359375 0.2353515640625 0.7890625 0.251953125 0.7900390640625 0.26171875 0.7744140640625 0.2314453140625 0.740234375 0.216796875 0.7529296859375 0.216796875 0.7646484359375
2 0.25390625 0.8505859359375 0.248046875 0.8935546859375 0.26171875 0.8994140640625 0.271484375 0.8935546859375 0.28515625 0.8681640640625 0.2763671859375 0.830078125 0.25390625 0.8505859359375
2 0.09863281406249999 0.3828125 0.08300781406249999 0.3828125 0.07421875 0.3935546859375 0.076171875 0.4306640640625 0.08984375 0.4345703140625 0.10449218593750001 0.431640625 0.11328125 0.4150390640625 0.109375 0.3955078140625 0.09863281406249999 0.3828125
2 0.8271484359375 0.107421875 0.8134765640625 0.09765625 0.798828125 0.10253906406249999 0.802734375 0.1376953140625 0.82421875 0.1435546859375 0.849609375 0.12402343593750001 0.85546875 0.11230468593750001 0.8525390640625 0.099609375 0.8271484359375 0.107421875
2 0.5283203140625 0.544921875 0.5234375 0.5478515640625 0.51953125 0.5927734359375 0.548828125 0.6005859359375 0.55859375 0.5888671859375 0.5625 0.5615234359375 0.5556640640625 0.552734375 0.5283203140625 0.544921875
2 0.060546875 0.2509765640625 0.0537109359375 0.244140625 0.044921875 0.2470703140625 0.046875 0.2958984359375 0.033203125 0.3232421859375 0.033203125 0.3349609359375 0.044921875 0.3388671859375 0.078125 0.3134765640625 0.076171875 0.2978515640625 0.064453125 0.2822265640625 0.060546875 0.2509765640625
2 0.3154296859375 0 0.3046875 0.0126953140625 0.296875 0.045898435937499996 0.3076171859375 0.05859375 0.3212890640625 0.0546875 0.333984375 0.0595703140625 0.345703125 0.034179685937499996 0.35546875 0.0283203140625 0.357421875 0.0146484359375 0.3388671859375 0 0.3154296859375 0
2 0.1552734359375 0.578125 0.1484375 0.6044921859375 0.134765625 0.6220703140625 0.1640625 0.6455078140625 0.1669921859375 0.65625 0.17578125 0.6572265640625 0.201171875 0.6416015640625 0.201171875 0.6025390640625 0.1708984359375 0.59765625 0.1552734359375 0.578125
2 0.4423828140625 0.1953125 0.43359375 0.2041015640625 0.4296875 0.2333984359375 0.4248046859375 0.23828125 0.4091796859375 0.234375 0.40625 0.2451171859375 0.41796875 0.2783203140625 0.419921875 0.3095703140625 0.453125 0.3154296859375 0.4609375 0.2900390640625 0.453125 0.2822265640625 0.451171875 0.2041015640625 0.4423828140625 0.1953125
2 0.8818359359375 0.267578125 0.8681640640625 0.2734375 0.8525390640625 0.26953125 0.845703125 0.2744140640625 0.845703125 0.3232421859375 0.8642578140625 0.34765625 0.890625 0.3505859359375 0.90625 0.3251953140625 0.8984375 0.3037109359375 0.900390625 0.2861328140625 0.8818359359375 0.267578125
2 0.1298828140625 0.435546875 0.10644531406249999 0.455078125 0.09863281406249999 0.453125 0.09765625 0.4658203140625 0.1171875 0.4990234359375 0.1171875 0.5087890640625 0.107421875 0.5185546859375 0.11328125 0.5439453140625 0.13671875 0.5654296859375 0.1484375 0.5478515640625 0.15234375 0.5224609359375 0.140625 0.4404296859375 0.1298828140625 0.435546875