2 0.28267302031249997 0.4123221390625 0.2907985328125 0.424754059375 0.30613378125 0.422161103125 0.307259575 0.4142593875 0.296934978125 0.40879126718750003 0.28267302031249997 0.4123221390625
2 0.077020840625 0.4885122375 0.0591306984375 0.48531834687500003 0.0454812125 0.49471574062499996 0.0763033609375 0.50032496875 0.077020840625 0.4885122375
2 0.3425326859375 0.070114790625 0.35883621250000003 0.0861390078125 0.3730981703125 0.082608140625 0.3707999375 0.0699371734375 0.3546480609375 0.0647080953125 0.3425326859375 0.070114790625
2 0.8219788953125 0.54240005625 0.805057028125 0.5578233359375 0.8220780375000001 0.5620348234375 0.8459004734375 0.5473104109375 0.84140315 0.541603246875 0.8219788953125 0.54240005625
2 0.7646218984375001 0.5722472828125 0.7626269703124999 0.58116659375 0.81011431875 0.57823665625 0.8166590781249999 0.5661848828125 0.7776064093749999 0.565822990625 0.7646218984375001 0.5722472828125
2 0.352857003125 0.40256950468749997 0.37575779531250003 0.3977023171875 0.3760669671875 0.3819785671875 0.37156964375 0.37627140312499996 0.35429196875 0.378944040625 0.34432317968750004 0.386226565625 0.3434015390625 0.3960837875 0.352857003125 0.40256950468749997
2 0.47084336718750003 0.3368491640625 0.44293192968749995 0.3497774265625 0.4394028859375 0.36268743593749997 0.4591829484375 0.37464127187499996 0.470837503125 0.3741631875 0.4771781046875 0.3601559046875 0.49691153281249995 0.343635346875 0.5105085078125 0.34307758125 0.5116343078125001 0.3351758640625 0.5049904 0.3275928734375 0.47084336718750003 0.3368491640625
2 0.6752181015625001 0.257765640625 0.6730190109375 0.2647294390625 0.718663078125 0.281513953125 0.7375273703125 0.2660109890625 0.7371715625 0.25326034375 0.7233704234375 0.2518626015625 0.7212763484375 0.241147146875 0.7083443468749999 0.23873180781249997 0.6752181015625001 0.257765640625
2 0.13319953125 0.475406353125 0.14071257343750002 0.48197175156250005 0.1668857453125 0.4710786765625 0.196634596875 0.47574998749999997 0.2014410921875 0.46573340312499995 0.161880959375 0.441825728125 0.13836769531249998 0.440826390625 0.1266606375 0.45014410624999995 0.13319953125 0.475406353125
2 0.8857759156249999 0.19119372343750002 0.8876658374999999 0.19995366875 0.9321374656250001 0.1961655015625 0.9432320546874999 0.1809812625 0.941137975 0.17026580468750002 0.92376115625 0.153303675 0.9159914546874999 0.1536223984375 0.8692157249999999 0.182053625 0.8857759156249999 0.19119372343750002
2 0.9464050046875 0.4823071984375 0.9301481203125 0.4947573765625 0.8655347515624999 0.5111550874999999 0.8594508109375001 0.5182782515625 0.8768801328125001 0.5264007515625 0.9019275125 0.523409390625 0.92033098125 0.5128350390625 0.9702215750000001 0.5048968109375 0.9767663343749999 0.49284503593749995 0.967975846875 0.4833862171875 0.9464050046875 0.4823071984375