0 0.8074206703125 0.3127041546875 0.8200235906250001 0.31893369531250004 0.8357560078124999 0.314739534375 0.8432311953125 0.28312882500000003 0.8260115640624999 0.2800722265625 0.80402824375 0.2422343265625 0.7489378234374999 0.2304591953125 0.737031990625 0.2353326 0.738488196875 0.24756839687499999 0.7296498375 0.2519881828125 0.72648933125 0.26739692187499997 0.7482326406250001 0.28223570468750003 0.7516021421875 0.2948111265625 0.7818197625 0.30217117031249996 0.80405116875 0.3001287359375 0.8074206703125 0.3127041546875
0 0.8893727171875 0.6865705296875 0.9062593124999999 0.6815831375 0.9372050312500001 0.6950610796875 0.9583752999999999 0.67885675625 0.9755949312500001 0.6819133546875 0.9941629000000001 0.5913870171875 0.9750299734375 0.587990796875 0.9607847749999999 0.5994357109374999 0.9531316046875 0.5980772234375 0.9440222265625 0.5844829359375 0.9111632109375 0.5706653703125 0.9007445984375 0.582789528125 0.8808215453124999 0.5832454921875 0.8362036703125 0.612255571875 0.8559406546874999 0.6417098546875 0.8405102671875 0.6589330453125 0.87801700625 0.66459263125 0.8893727171875 0.6865705296875
2 0.091396190625 0.8743005171875 0.093913540625 0.900698203125 0.10697355 0.8950315671875 0.12188482812500001 0.8996746359375001 0.1684470078125 0.8660191390625 0.14970914375 0.8606968265624999 0.1540238296875 0.8444948515625 0.14679673124999998 0.8362252296875001 0.11955355000000001 0.8433666984375 0.0948897390625 0.8669357703125 0.0857803625 0.853341484375 0.0753617484375 0.8654656421875 0.0634869296875 0.865354003125 0.048087553125 0.8775921484375001 0.06718946875000001 0.8859734140625 0.0837430203125 0.872942028125 0.091396190625 0.8743005171875
2 0.36239474843749997 0.84854445625 0.3340283984375 0.851494115625 0.3148024390625 0.863053021875 0.34161955 0.8628226874999999 0.36239474843749997 0.84854445625
2 0.2923930484375 0.8321262562499999 0.2599290953125 0.816382596875 0.245683896875 0.8278275109375001 0.23034654375 0.830095575 0.22718603750000002 0.8455043124999999 0.230586546875 0.8530946921875 0.2592859390625 0.858189025 0.2638406265625 0.864986165625 0.2780858234375 0.8535412515624999 0.2914788765625 0.85591860625 0.29879900312499996 0.849233103125 0.2923930484375 0.8321262562499999
2 0.38928196875 0.7754645874999999 0.3547806796875 0.7793214749999999 0.341689659375 0.7899731515624999 0.361155625 0.8014133640625 0.3452681515625 0.8305327296874999 0.3616666484375 0.8424265578125001 0.38007146875000003 0.8397048781249999 0.390459071875 0.8325657640624999 0.3932865359375 0.8091130328125 0.41214844843750004 0.7944951765625 0.4152779390625 0.78407148125 0.38928196875 0.7754645874999999
2 0.616243784375 0.746882259375 0.6198532906249999 0.7824567984375 0.6332463359375 0.7848341515625 0.6398383640625 0.77203075 0.6373210140625 0.7456330624999999 0.616243784375 0.746882259375
2 0.5544372859375 0.7678506984375 0.5256758703125 0.772726453125 0.52707005625 0.79493233125 0.5419503203125 0.80456044375 0.572229965625 0.8019504046874999 0.5777298375 0.7799701531250001 0.6019675734375001 0.7633122171875 0.54654410625 0.7434930953125 0.5430195531249999 0.755842884375 0.5544372859375 0.7678506984375
2 0.9199909640625 0.953005121875 0.9214712781250001 0.9457879984374999 0.8855137843750001 0.9374090859375 0.8823972093749999 0.9549753265625001 0.9199909640625 0.953005121875
2 0.8028498078125 0.4316659125 0.8369560328125001 0.42973511875000003 0.8469795843749999 0.4195370515625 0.8163669 0.4141031 0.80917081875 0.4008484359375 0.787698521875 0.40402372968750005 0.7906729593749999 0.4185252390625 0.8028498078125 0.4316659125
2 0.8542997171875 0.41285154999999996 0.8831541640625 0.3930206734375 0.8839753015625 0.384183446875 0.8556709734375 0.37716302343749997 0.8414878015625 0.378637853125 0.8349267828125001 0.3864562125 0.8466465453125 0.41149306250000006 0.8542997171875 0.41285154999999996
2 0.9185615421875 0.428250884375 0.9522727046874999 0.42824618281250004 0.9720487875 0.389835975 0.9506695265625 0.3780561421875 0.9234263468749999 0.3851976109375 0.9099402609375 0.39777538125 0.9113344453125001 0.4199812609375 0.9185615421875 0.428250884375
2 0.41100369531250003 0.485876203125 0.4144972375 0.47851145624999997 0.4014992546875 0.47420801093750004 0.3570364359375 0.4782928796875 0.3487171859375 0.46084640937500004 0.33380590625 0.45620333906250005 0.30877804375 0.4767134609375 0.3205598265625 0.491780228125 0.33969275312499997 0.4951764484375 0.349716303125 0.4849783828125 0.3631093546875 0.4873557375 0.37334189375000004 0.5051418296875 0.38184721875 0.49267804843749996 0.41100369531250003 0.485876203125
2 0.2940137359375 0.5100246328125 0.28763879062500003 0.48793274531249997 0.2401085 0.49247122499999996 0.24690952031250002 0.507651984375 0.2330593859375 0.51717080625 0.25519776250000004 0.5300834953125 0.25395054687499996 0.54583185625 0.28838981406249997 0.5519450531250001 0.2961050125 0.5433334578125 0.2759419515625 0.52079030625 0.2940137359375 0.5100246328125
2 0.481462484375 0.4903982296875 0.50673035 0.49288722187499995 0.5140194703125001 0.49118676250000004 0.5129583281250001 0.47702487031249996 0.524531115625 0.46410747812500003 0.5139035125 0.44824747656249997 0.47293423749999997 0.4449675984375 0.44599308281249994 0.4651380984375 0.481462484375 0.4903982296875
2 0.641241975 0.48482442187499997 0.64519260625 0.4655634984375 0.6674240124999999 0.4635210640625 0.7033815125 0.4718999765625 0.7095784765625 0.4610226671875 0.6736519890625 0.447658715625 0.686774021875 0.43202199218750004 0.68647199375 0.41899296093749994 0.6340849875 0.4037052671875 0.628252075 0.4176415234375 0.6101492765625001 0.43339223593750004 0.5840912859375 0.434755428125 0.57792533125 0.4406476921875 0.5931076265625 0.46330483593749994 0.5922554765625 0.4771271078125 0.6090490375 0.4870948390625 0.641241975 0.48482442187499997
2 0.0605219140625 0.5414402796875 0.0765873734375 0.5452901156250001 0.0642554671875 0.5570746484375 0.0634033171875 0.57089691875 0.08138206406250001 0.5750863734375 0.10403955000000001 0.56613280625 0.1091443625 0.5460786468750001 0.1539402171875 0.55003776875 0.158951990625 0.5449387359375 0.1011891609375 0.531691125 0.10850929218750001 0.525005621875 0.1078432109375 0.5089176390625 0.121693346875 0.4993988171875 0.1240637265625 0.48784226249999996 0.11835485937500001 0.48183835625000004 0.1053258609375 0.4825199546875 0.08716104218750001 0.508240746875 0.047803034375 0.4922714609375 0.060925065625 0.47663473593749994 0.059104810937499995 0.461339990625 0.04379846875 0.458623015625 0.0215050359375 0.47063553281250003 0.010925384375 0.4693990890625 0.0132431546875 0.5689799234375 0.047670903125000004 0.575091075 0.052318624999999994 0.566933090625 0.0424811453125 0.547220909375 0.0605219140625 0.5414402796875
2 0.9335442640625 0.113511659375 0.904844878125 0.1084173296875 0.9005301921875001 0.1246193046875 0.9127690656249999 0.1277898921875 0.9335442640625 0.113511659375
2 0.07378550625 0.133571734375 0.067859559375 0.162463115625 0.0819497 0.1759434125 0.10761262812500001 0.1765063140625 0.1130194671875 0.1694811890625 0.089331853125 0.1592878265625 0.08751159375 0.1439930796875 0.07378550625 0.133571734375
2 0.16407431249999999 0.15259291875 0.13425175625000002 0.1433067796875 0.11687706406250001 0.16517539375 0.1275356828125 0.17605035 0.1374972109375 0.1758223671875 0.16054975625 0.1649427078125 0.16407431249999999 0.15259291875
2 0.633242259375 0.10811532500000001 0.620306296875 0.09384179375 0.5731710734375 0.0964541828125 0.5962465453125 0.1434689328125 0.615805546875 0.1399540171875 0.6285325140625 0.12624338906250002 0.633242259375 0.10811532500000001
2 0.7493490578124999 0.102774203125 0.7153048515625 0.0947349140625 0.6929183875 0.12170255625 0.69480066875 0.12702722187499998 0.7702092078125 0.1364202953125 0.828615196875 0.1078614828125 0.8329298812499999 0.0916595078125 0.8106984687500001 0.0937019421875 0.798885675 0.08362021875 0.7493490578124999 0.102774203125
2 0.21017940937500001 0.1308335984375 0.18227014218749998 0.12188708125 0.178017484375 0.1281189734375 0.2043154828125 0.14975489687500002 0.20577168750000002 0.16199069531250002 0.22417651562500002 0.1592690171875 0.227941075 0.16991834374999998 0.2664779453125 0.194724859375 0.2823033953125 0.1755755765625 0.30377569375 0.172400284375 0.318508990625 0.1440741546875 0.3315689984375 0.1384075171875 0.3510349625 0.149847728125 0.3686496640625 0.150978234375 0.39091208125 0.1439507578125 0.3994484109375 0.1265019375 0.3968070171875 0.12004441562499998 0.38301890781250003 0.11959315468750001 0.3654662328125 0.1084925640625 0.34429596406249996 0.12469688906250001 0.299500109375 0.1207377671875 0.2853789578125 0.1122425140625 0.2755414734375 0.092530328125 0.24149726718750003 0.0844910390625 0.23493625312500002 0.0923093984375 0.23824372968750002 0.1148549046875 0.22521473281249998 0.1155364984375 0.21017940937500001 0.1308335984375
2 0.5073829296875 0.1416685859375 0.5326508 0.14415758125 0.5403659921874999 0.135545984375 0.5197148375 0.1298840515625 0.5082971015625 0.11787623437500001 0.4990946921875 0.11923707187499999 0.49672431406250006 0.1307936265625 0.5073829296875 0.1416685859375
1 0.63582838125 0.30819623749999997 0.6248367265625 0.2892772875 0.625688875 0.275455021875 0.6165484859375 0.26684577656249997 0.5927368265624999 0.2765925796875 0.5667408546875 0.2679856875 0.5590566703125 0.2716122421875 0.56867706875 0.3262197171875 0.5755711265625 0.32644535 0.5821941671875 0.3086569046875 0.6177565984375 0.3189619078125 0.6323348390625 0.315560984375 0.63582838125 0.30819623749999997