2 0.15625 0.9912109359375 0.15625 0.9677734359375 0.1474609359375 0.9609375 0.140625 0.9873046859375 0.15625 0.9912109359375
2 0 0.6357421859375 0.03125 0.6455078140625 0.029296875 0.6083984359375 0.01953125 0.5947265640625 0.0146484359375 0.568359375 0 0.5830078140625 0 0.6357421859375
2 0.703125 0.3974609359375 0.701171875 0.4287109359375 0.7060546859375 0.435546875 0.71484375 0.4345703140625 0.7333984359375 0.431640625 0.740234375 0.4208984359375 0.7431640640625 0.365234375 0.703125 0.3974609359375
2 0.111328125 0.9287109359375 0.1376953140625 0.9453125 0.16796875 0.9482421859375 0.1796875 0.9306640640625 0.166015625 0.9052734359375 0.11816406406249999 0.8828125 0.111328125 0.9287109359375
2 0.7666015640625 0.498046875 0.7490234359375 0.484375 0.734375 0.4892578140625 0.732421875 0.5048828140625 0.7421875 0.5146484359375 0.7421875 0.5419921859375 0.7509765640625 0.5546875 0.765625 0.5556640640625 0.787109375 0.5322265640625 0.794921875 0.5087890640625 0.7880859359375 0.478515625 0.7666015640625 0.498046875
2 0.3583984359375 0.44140625 0.3486328140625 0.4609375 0.3251953140625 0.4609375 0.31640625 0.4716796859375 0.31640625 0.4833984359375 0.328125 0.4931640640625 0.3349609359375 0.513671875 0.361328125 0.5263671859375 0.388671875 0.5029296859375 0.390625 0.4833984359375 0.369140625 0.4736328140625 0.3583984359375 0.44140625
2 0.5634765640625 0 0.5673828140625 0.015625 0.5947265640625 0.017578125 0.60546875 0.032226564062500004 0.580078125 0.0595703140625 0.5947265640625 0.07421875 0.62109375 0.07519531406249999 0.6328125 0.06347656406249999 0.640625 0.040039064062500004 0.63671875 0.0009765640625 0.5634765640625 0
2 0.4541015640625 0.63671875 0.4345703140625 0.66796875 0.4169921859375 0.658203125 0.412109375 0.6650390640625 0.419921875 0.7041015640625 0.4365234359375 0.712890625 0.4501953140625 0.734375 0.46484375 0.7353515640625 0.47265625 0.7216796859375 0.466796875 0.6572265640625 0.46484375 0.6416015640625 0.4541015640625 0.63671875
2 0.109375 0.7861328140625 0.12109375 0.7431640640625 0.11035156406249999 0.736328125 0.10058593593750001 0.744140625 0.08496093593750001 0.740234375 0.07519531406249999 0.74609375 0.045898435937499996 0.70703125 0.0390625 0.7197265640625 0.041015625 0.7314453140625 0.087890625 0.7919921859375 0.080078125 0.8056640640625 0.08203125 0.8251953140625 0.099609375 0.8310546859375 0.107421875 0.8251953140625 0.107421875 0.8115234359375 0.09765625 0.7958984359375 0.109375 0.7861328140625
2 0.5068359359375 0.900390625 0.486328125 0.9189453140625 0.482421875 0.9404296859375 0.5 0.9560546859375 0.5107421859375 0.984375 0.5263671859375 0.99609375 0.546875 0.9970703140625 0.560546875 0.9638671859375 0.54296875 0.9521484359375 0.53125 0.9248046859375 0.5068359359375 0.900390625
2 0.2060546859375 0 0.1953125 0.008789064062500001 0.1953125 0.020507814062499997 0.205078125 0.036132814062500004 0.20703125 0.06347656406249999 0.23046875 0.10058593593750001 0.240234375 0.10449218593750001 0.265625 0.0615234359375 0.259765625 0.018554685937500003 0.2412109359375 0 0.2060546859375 0
2 0.4599609359375 0.779296875 0.4521484359375 0.765625 0.4423828140625 0.7734375 0.4287109359375 0.76171875 0.42578125 0.7685546859375 0.4375 0.7919921859375 0.4375 0.8408203140625 0.4697265640625 0.87109375 0.48046875 0.8701171859375 0.501953125 0.8427734359375 0.49609375 0.8330078140625 0.498046875 0.7900390640625 0.4599609359375 0.779296875
2 0.7060546859375 0.203125 0.689453125 0.1962890640625 0.6875 0.1787109359375 0.6767578140625 0.169921875 0.638671875 0.2080078140625 0.63671875 0.2197265640625 0.65625 0.2373046859375 0.65625 0.2802734359375 0.66796875 0.2861328140625 0.6748046859375 0.302734375 0.6875 0.3017578140625 0.70703125 0.2763671859375 0.705078125 0.2568359359375 0.71484375 0.2197265640625 0.7060546859375 0.203125
2 0.296875 0.2802734359375 0.3125 0.2451171859375 0.3125 0.2236328140625 0.2744140640625 0.203125 0.2529296859375 0.17578125 0.2197265640625 0.17578125 0.2119140640625 0.158203125 0.212890625 0.1865234359375 0.205078125 0.1923828140625 0.205078125 0.2177734359375 0.2158203140625 0.23046875 0.251953125 0.2060546859375 0.25390625 0.2275390640625 0.244140625 0.2548828140625 0.2685546859375 0.267578125 0.275390625 0.2841796859375 0.2734375 0.3056640640625 0.28515625 0.3388671859375 0.2705078140625 0.34375 0.267578125 0.3525390640625 0.283203125 0.3759765640625 0.28515625 0.3955078140625 0.291015625 0.3974609359375 0.3203125 0.3740234359375 0.3125 0.3232421859375 0.30078125 0.3076171859375 0.296875 0.2802734359375
1 0.9803030296875 0.7924242421875001 0.9363636359375 0.796969696875 0.91015625 0.7783203140625 0.890625 0.7939453140625 0.904296875 0.8291015640625 0.890625 0.8408203140625 0.90234375 0.8447265640625 0.892578125 0.8564453140625 0.900390625 0.8759765640625 0.896484375 0.8798828140625 0.9196969703125 0.8772727265625001 0.94140625 0.8896484359375 0.935546875 0.8857421859375 0.9404296859375 0.876953125 0.9443359359375 0.888671875 0.9609375 0.8916015640625 0.962890625 0.9052734359375 0.96484375 0.8759765640625 0.97265625 0.8720703140625 0.9636363640625 0.8196969703124999 0.9803030296875 0.7924242421875001