2 0.134765625 0.3994140640625 0.142578125 0.4228515640625 0.154296875 0.4130859359375 0.154296875 0.4013671859375 0.1435546859375 0.390625 0.134765625 0.3994140640625
2 0.2373046859375 0.654296875 0.24609375 0.6552734359375 0.251953125 0.6279296859375 0.2373046859375 0.62109375 0.23046875 0.6435546859375 0.2373046859375 0.654296875
2 0.37109375 0.09082031406249999 0.375 0.10058593593750001 0.3798828140625 0.095703125 0.41015625 0.09667968593750001 0.3818359359375 0.0625 0.37109375 0.09082031406249999
2 0.115234375 0.2607421859375 0.12109375 0.2626953140625 0.138671875 0.2451171859375 0.138671875 0.2353515640625 0.11816406406249999 0.20703125 0.115234375 0.2607421859375
2 0.4462890640625 0.236328125 0.443359375 0.2451171859375 0.453125 0.2685546859375 0.443359375 0.2841796859375 0.458984375 0.2998046859375 0.466796875 0.2939453140625 0.458984375 0.2626953140625 0.462890625 0.2392578140625 0.4462890640625 0.236328125
2 0.173828125 0.5048828140625 0.173828125 0.5146484359375 0.185546875 0.5205078140625 0.201171875 0.5126953140625 0.1884765640625 0.46484375 0.1796875 0.4697265640625 0.173828125 0.5048828140625
2 0.4052734359375 0.134765625 0.3984375 0.1474609359375 0.41015625 0.1806640640625 0.41015625 0.2001953140625 0.41796875 0.2041015640625 0.423828125 0.1962890640625 0.42578125 0.1630859359375 0.421875 0.1474609359375 0.4052734359375 0.134765625
2 0.068359375 0.2412109359375 0.095703125 0.2451171859375 0.1015625 0.2333984359375 0.095703125 0.1904296859375 0.08300781406249999 0.1875 0.068359375 0.2412109359375
2 0.047851564062500004 0.0625 0.022460935937500003 0.06640625 0.013671875 0.07714843593750001 0.013671875 0.09082031406249999 0.045898435937499996 0.09375 0.0546875 0.11230468593750001 0.068359375 0.12011718593750001 0.078125 0.11621093593750001 0.080078125 0.10253906406249999 0.060546875 0.07324218593750001 0.047851564062500004 0.0625
2 0.2763671859375 0.734375 0.271484375 0.7490234359375 0.29296875 0.7763671859375 0.298828125 0.8076171859375 0.314453125 0.8134765640625 0.306640625 0.7705078140625 0.3125 0.7255859359375 0.2998046859375 0.720703125 0.2763671859375 0.734375
2 0.6357421859375 0.787109375 0.6162109359375 0.787109375 0.5966796859375 0.76953125 0.59375 0.7822265640625 0.61328125 0.8232421859375 0.61328125 0.8603515640625 0.630859375 0.8720703140625 0.640625 0.8974609359375 0.650390625 0.9033203140625 0.654296875 0.8837890640625 0.642578125 0.8505859359375 0.646484375 0.7978515640625 0.6357421859375 0.787109375
2 0.69140625 0.09863281406249999 0.720703125 0.10644531406249999 0.712890625 0.08105468593750001 0.716796875 0.07128906406249999 0.7041015640625 0.068359375 0.69140625 0.09863281406249999
2 0.7822265640625 0.3515625 0.77734375 0.3583984359375 0.779296875 0.4072265640625 0.791015625 0.4287109359375 0.802734375 0.4326171859375 0.814453125 0.3837890640625 0.798828125 0.3740234359375 0.794921875 0.3564453140625 0.7822265640625 0.3515625
2 0.732421875 0.1650390640625 0.72265625 0.1494140640625 0.724609375 0.1318359359375 0.7158203140625 0.126953125 0.69921875 0.1572265640625 0.716796875 0.1826171859375 0.7265625 0.2177734359375 0.7412109359375 0.234375 0.75 0.2333984359375 0.755859375 0.1982421859375 0.7451171859375 0.1875 0.734375 0.1865234359375 0.732421875 0.1650390640625
2 0.7900390640625 0.462890625 0.78125 0.4384765640625 0.7685546859375 0.4296875 0.759765625 0.4677734359375 0.75 0.4775390640625 0.75390625 0.5029296859375 0.7744140640625 0.498046875 0.787109375 0.5068359359375 0.7939453140625 0.490234375 0.8134765640625 0.490234375 0.818359375 0.4775390640625 0.7900390640625 0.462890625
2 0.830078125 0.5634765640625 0.837890625 0.5810546859375 0.845703125 0.5830078140625 0.84375 0.5498046859375 0.8310546859375 0.537109375 0.826171875 0.5439453140625 0.830078125 0.5634765640625
2 0.90234375 0.8623046859375 0.912109375 0.8642578140625 0.939453125 0.8427734359375 0.9384765640625 0.830078125 0.904296875 0.8310546859375 0.90234375 0.8623046859375