2 0.7555858171875001 1 0.7560596296875 0.999651125 0.757591159375 0.9877579296875 0.720712084375 0.9772332031250001 0.711500471875 0.99433278125 0.7135515359375 1 0.7555858171875001 1
2 0.7322230249999999 0.9472265234374999 0.726848396875 0.9543238734375 0.768721259375 0.9656572375 0.7948347546875 0.950915146875 0.7971320515625 0.9330753546875 0.789830771875 0.9254430609375 0.7744665296875 0.9259904484374999 0.7583406046875 0.9423498125 0.7322230249999999 0.9472265234374999
2 0.891997675 0.9089779375000001 0.9250458859374999 0.9443029624999999 0.9346464984375 0.9390281515625001 0.931945928125 0.9105143453125001 0.9015982859375 0.9037031328125 0.891997675 0.9089779375000001
2 0.9876249828124999 0.8690685453125001 0.9511308312500001 0.8605032109374999 0.9307768843750001 0.8701073421875 0.9392308859374999 0.8786851203125 0.9657374703125001 0.88563318125 0.982637315625 0.883057978125 0.9876249828124999 0.8690685453125001
2 0.33497254062500004 0.7561765921875 0.30539474843750003 0.7532841609375 0.29694889999999996 0.764437140625 0.325758890625 0.7683434796874999 0.33497254062500004 0.7561765921875
2 0.40254950625 0.6916161953125 0.3887290296875 0.7098665234375 0.4113925078125 0.7120187421875 0.4332800296875 0.6954541078124999 0.43979922499999996 0.66957148125 0.42750211875 0.656197859375 0.41021735000000004 0.65681366875 0.3975496015625 0.6760094875 0.40254950625 0.6916161953125
2 0.5012459921875 0.6427184796875001 0.518154 0.6598740390625 0.5127854890625 0.6817694578125 0.5335284375 0.6839901 0.5527255796875 0.6635751046875 0.5688555890625 0.6570811203125 0.569236428125 0.6491751328124999 0.519679409375 0.6331827734375 0.5043151671875 0.6337301609375 0.5012459921875 0.6427184796875001
2 0.591111709375 0.6030143578125 0.5868877671875 0.606124503125 0.5938122828125 0.631528165625 0.5857533984375001 0.6495732296875001 0.59497316875 0.652204409375 0.616094921875 0.641586371875 0.63799059375 0.6447524953125 0.66372325 0.6379163953125 0.6641040953124999 0.6300104046875 0.612622465625 0.6042210906250001 0.591111709375 0.6030143578125
2 0.1510069640625 0.814031534375 0.1364084859375 0.8086323249999999 0.103763553125 0.8196609031250001 0.102229984375 0.8266214062499999 0.1295084484375 0.8424209390625 0.1513959640625 0.8258563046875 0.1510069640625 0.814031534375
2 0.14545693125 0.39691755156249997 0.1623669796875 0.41900579843749997 0.20193234843750002 0.42351550312499997 0.2023131890625 0.4156095140625 0.1623547390625 0.389409659375 0.14545693125 0.39691755156249997
2 0.09016483593749999 0.44525543125 0.0905456765625 0.43734944374999996 0.0755581984375 0.4201254625 0.038679123437500004 0.4096007359375 0.031263907812500005 0.41258612499999997 0.0316004375 0.41702727968750003 0.036385909375 0.4373059078125 0.0590473484375 0.4345254359375 0.08248271562500001 0.445529125 0.09016483593749999 0.44525543125
2 0.286401003125 0.3366491453125 0.294085165625 0.3413081390625 0.320587665625 0.3383908203125 0.3351800203125 0.3289919578125 0.33325337187500004 0.31426231250000003 0.3186487765625 0.29406503125 0.3075084796875 0.291502275 0.307514596875 0.30630034375 0.286401003125 0.3366491453125
2 0.48803015624999996 0.26533971093750003 0.46382902968749995 0.2602826171875 0.4584564390625 0.272312659375 0.435410078125 0.273133740625 0.3885556671875 0.29058788125 0.4020054984375 0.30490698906249997 0.4012438125 0.320718965625 0.46423842656250003 0.3214342890625 0.45462965468750005 0.30697833750000003 0.4649980703125 0.3006896203125 0.465761796875 0.289810334375 0.4834314875 0.291153915625 0.48803015624999996 0.26533971093750003
2 0.60783615625 0.176227821875 0.600154034375 0.1765015140625 0.5855657578125 0.1957657546875 0.5901807390625 0.2094130671875 0.5855739171875001 0.215496515625 0.5936429953125 0.2221149015625 0.6128482984375 0.2214306671875 0.62398451875 0.21412804687500003 0.6274345375 0.1972337375 0.6182147703124999 0.1946025578125 0.60783615625 0.176227821875
2 0.7587881984375 0.166903584375 0.7760688906250001 0.15642239375 0.7779853421875 0.146488590625 0.7891236 0.14411865937499999 0.7910359687499999 0.1243194765625 0.747629540625 0.11994661874999998 0.750712996875 0.145487128125 0.7188256671875 0.13083835 0.71191543125 0.1399635171875 0.7138461578124999 0.1645585421875 0.6427906203125 0.1769555890625 0.6374159921875 0.184052940625 0.66853551875 0.19971562812500002 0.678134090625 0.1895081296875 0.725373421875 0.17401338125000002 0.733051459375 0.1638743078125 0.7587881984375 0.166903584375
2 0.8676150265624999 0.46491144218749997 0.8618554749999999 0.470049403125 0.874926503125 0.49720718750000004 0.8745497375 0.514978553125 0.897598140625 0.5190901640625001 0.9233307984374999 0.5122540609375 0.9256240124999999 0.484548890625 0.9064187109375 0.485233125 0.8875901718750001 0.46814599062499995 0.8676150265624999 0.46491144218749997
2 0.7823867234375 0.57252246875 0.81157551875 0.5635901296875 0.8538271828124999 0.5620848140625 0.861505228125 0.551945740625 0.8384547843749999 0.5429014421875 0.7889059203125 0.5466398421875 0.7785375046875 0.55292855625 0.7508761640625 0.540102321875 0.7374365296875001 0.5504466671875 0.7113189515625 0.555323378125 0.7047936359375 0.5664079375 0.71900923125 0.57478044375 0.7435911984375 0.5719315468749999 0.7585786765625 0.5891555281249999 0.7701018578125 0.5887449874999999 0.7823867234375 0.57252246875