0 0.78515625 0.4423828140625 0.7744140640625 0.4296875 0.763671875 0.4697265640625 0.75 0.4814453140625 0.7568359359375 0.501953125 0.7763671859375 0.4921875 0.7890625 0.5048828140625 0.7939453140625 0.486328125 0.8125 0.4833984359375 0.787109375 0.4619140640625 0.78515625 0.4423828140625
2 0.14453125 0.2314453140625 0.1279296859375 0.201171875 0.130859375 0.2490234359375 0.14453125 0.2314453140625
2 0.10546875 0.2353515640625 0.107421875 0.1904296859375 0.09277343593750001 0.17578125 0.076171875 0.2314453140625 0.10546875 0.2353515640625
2 0.064453125 0.041992185937499996 0.0537109359375 0.033203125 0.0390625 0.047851564062500004 0.03515625 0.06542968593750001 0.040039064062500004 0.072265625 0.052734375 0.07128906406249999 0.064453125 0.10253906406249999 0.07519531406249999 0.11328125 0.0859375 0.11230468593750001 0.091796875 0.10839843593750001 0.091796875 0.09277343593750001 0.064453125 0.0576171859375 0.064453125 0.041992185937499996
2 0.40625 0.1494140640625 0.416015625 0.1923828140625 0.42578125 0.1982421859375 0.43359375 0.1611328140625 0.423828125 0.1396484359375 0.4111328140625 0.130859375 0.40625 0.1494140640625
2 0.4521484359375 0.234375 0.44921875 0.2412109359375 0.458984375 0.2685546859375 0.44921875 0.2724609359375 0.44921875 0.2802734359375 0.462890625 0.2998046859375 0.47265625 0.2861328140625 0.46484375 0.2587890640625 0.46875 0.2373046859375 0.4521484359375 0.234375
2 0.37890625 0.10253906406249999 0.41796875 0.09277343593750001 0.3896484359375 0.05859375 0.375 0.08886718593750001 0.37890625 0.10253906406249999
2 0.724609375 0.1513671859375 0.728515625 0.1337890640625 0.7216796859375 0.130859375 0.705078125 0.1494140640625 0.705078125 0.1591796859375 0.7265625 0.1904296859375 0.732421875 0.2177734359375 0.75390625 0.2333984359375 0.759765625 0.2021484359375 0.734375 0.1884765640625 0.734375 0.1650390640625 0.724609375 0.1513671859375
2 0.7880859390625 0.35409785 0.78125 0.40390253906250007 0.802734375 0.43124628906250007 0.81640625 0.3824181640625 0.8017578140625 0.3892541 0.80078125 0.3667931640625 0.7880859390625 0.35409785
2 0.90234375 0.8603515640625 0.912109375 0.8642578140625 0.939453125 0.8427734359375 0.9384765640625 0.830078125 0.90234375 0.8291015640625 0.90234375 0.8603515640625
2 0.650390625 0.7919921859375 0.6337890640625 0.783203125 0.6220703140625 0.794921875 0.6103515640625 0.779296875 0.607421875 0.7919921859375 0.6171875 0.8095703140625 0.615234375 0.8525390640625 0.634765625 0.8583984359375 0.640625 0.8857421859375 0.654296875 0.8955078140625 0.658203125 0.8740234359375 0.642578125 0.8486328140625 0.642578125 0.8173828140625 0.650390625 0.7919921859375
2 0.2861328140625 0.751953125 0.30078125 0.7548828140625 0.314453125 0.7255859359375 0.3095703140625 0.7109375 0.275390625 0.7314453140625 0.2861328140625 0.751953125
2 0.234375 0.6298828140625 0.23828125 0.6455078140625 0.248046875 0.6455078140625 0.25390625 0.6181640640625 0.2431640640625 0.611328125 0.234375 0.6201171859375 0.234375 0.6298828140625
2 0.185546875 0.4638671859375 0.18359375 0.4931640640625 0.18359375 0.5107421859375 0.193359375 0.5107421859375 0.208984375 0.5029296859375 0.19921875 0.4931640640625 0.1962890640625 0.453125 0.185546875 0.4638671859375
2 0.140625 0.3857421859375 0.146484375 0.4208984359375 0.16015625 0.4013671859375 0.16015625 0.3916015640625 0.1474609359375 0.380859375 0.140625 0.3857421859375
2 0.146484375 0.3330078140625 0.1396484359375 0.330078125 0.1337890640625 0.33984375 0.11328125 0.3427734359375 0.109375 0.3583984359375 0.115234375 0.3623046859375 0.1318359359375 0.349609375 0.162109375 0.3505859359375 0.1474609359375 0.345703125 0.146484375 0.3330078140625
2 0.296875 0.7861328140625 0.318359375 0.8095703140625 0.32421875 0.7919921859375 0.310546875 0.7626953140625 0.2978515640625 0.75390625 0.296875 0.7861328140625
2 0.7021484359375 0.10546875 0.7119140640625 0.099609375 0.7197265640625 0.109375 0.7265625 0.10839843593750001 0.71484375 0.07324218593750001 0.7041015640625 0.0703125 0.6953125 0.10058593593750001 0.7021484359375 0.10546875