2 0.15625 0.9892578140625 0.1572265640625 1 0.2109375 0.9990234359375 0.208984375 0.9873046859375 0.1962890640625 0.978515625 0.1611328140625 0.98046875 0.15625 0.9892578140625
2 0.486328125 0.8310546859375 0.48046875 0.8662109359375 0.490234375 0.8701171859375 0.515625 0.8486328140625 0.51953125 0.8330078140625 0.5146484359375 0.826171875 0.486328125 0.8310546859375
2 0 0.5966796859375 0.03125 0.6025390640625 0.03125 0.5615234359375 0.024414064062499997 0.556640625 0.0009765640625 0.56640625 0 0.5966796859375
2 0.2822265640625 0.21875 0.2734375 0.2294921859375 0.2783203140625 0.25 0.298828125 0.2529296859375 0.30859375 0.2490234359375 0.310546875 0.2138671859375 0.3056640640625 0.2109375 0.2822265640625 0.21875
2 0.5458984359375 0.9375 0.5361328140625 0.92578125 0.525390625 0.9365234359375 0.525390625 0.9501953140625 0.533203125 0.9599609359375 0.52734375 0.9814453140625 0.533203125 0.9833984359375 0.552734375 0.9755859359375 0.560546875 0.9521484359375 0.55859375 0.9404296859375 0.5458984359375 0.9375
2 0.083984375 0.7802734359375 0.0859375 0.8212890640625 0.09765625 0.8232421859375 0.12109375 0.7919921859375 0.123046875 0.7822265640625 0.11425781406249999 0.771484375 0.083984375 0.7802734359375
2 0.2998046859375 0.259765625 0.2939453140625 0.267578125 0.2744140640625 0.267578125 0.2734375 0.2783203140625 0.291015625 0.3076171859375 0.30859375 0.3134765640625 0.3203125 0.2998046859375 0.3203125 0.2841796859375 0.310546875 0.2666015640625 0.2998046859375 0.259765625
2 0.05859375 0.6435546859375 0.05859375 0.6865234359375 0.046875 0.7080078140625 0.046875 0.7158203140625 0.05859375 0.7197265640625 0.087890625 0.7080078140625 0.083984375 0.6728515640625 0.06738281406249999 0.63671875 0.05859375 0.6435546859375
2 0.361328125 0.4326171859375 0.361328125 0.4189453140625 0.3505859359375 0.408203125 0.3271484359375 0.40234375 0.3203125 0.4091796859375 0.322265625 0.4248046859375 0.302734375 0.4541015640625 0.31640625 0.4677734359375 0.3271484359375 0.458984375 0.3408203140625 0.458984375 0.34765625 0.4423828140625 0.361328125 0.4326171859375
2 0.4443359359375 0.603515625 0.4375 0.6103515640625 0.431640625 0.6572265640625 0.4130859359375 0.66015625 0.41015625 0.6767578140625 0.419921875 0.6904296859375 0.421875 0.7080078140625 0.44921875 0.7158203140625 0.462890625 0.7001953140625 0.453125 0.6884765640625 0.453125 0.6123046859375 0.4443359359375 0.603515625
2 0.15625 0.8427734359375 0.1474609359375 0.833984375 0.130859375 0.8447265640625 0.125 0.8759765640625 0.111328125 0.8935546859375 0.125 0.9091796859375 0.115234375 0.9228515640625 0.126953125 0.9345703140625 0.12109375 0.9658203140625 0.13671875 0.9697265640625 0.150390625 0.9541015640625 0.158203125 0.9189453140625 0.150390625 0.8779296859375 0.15625 0.8427734359375
2 0.59765625 0.0615234359375 0.60546875 0.06347656406249999 0.623046875 0.047851564062500004 0.623046875 0.036132814062500004 0.5986328140625 0.0234375 0.59765625 0.0615234359375
2 0.671875 0.2001953140625 0.66796875 0.2119140640625 0.6748046859375 0.220703125 0.693359375 0.2197265640625 0.705078125 0.2138671859375 0.705078125 0.2001953140625 0.6884765640625 0.1875 0.671875 0.2001953140625
2 0.8017578140625 0.525390625 0.796875 0.5478515640625 0.818359375 0.5615234359375 0.8388671859375 0.556640625 0.84765625 0.5400390640625 0.8310546859375 0.529296875 0.8017578140625 0.525390625
2 0.8583984359375 0.681640625 0.8408203140625 0.671875 0.8359375 0.6806640640625 0.84375 0.7236328140625 0.8662109359375 0.751953125 0.87890625 0.7509765640625 0.896484375 0.7177734359375 0.890625 0.6845703140625 0.8837890640625 0.677734375 0.8583984359375 0.681640625