2 0.00390625 0.2158203140625 0.025390625 0.2373046859375 0.03125 0.2275390640625 0.0126953140625 0.203125 0.0048828140625 0.203125 0.00390625 0.2158203140625
2 0.08691406406249999 0.41796875 0.09375 0.4169921859375 0.1015625 0.3935546859375 0.07910156406249999 0.380859375 0.080078125 0.4072265640625 0.08691406406249999 0.41796875
2 0 0.1591796859375 0.005859375 0.1591796859375 0.015625 0.1494140640625 0.017578125 0.1318359359375 0.0009765640625 0.103515625 0 0.1591796859375
2 0.0595703140625 0.302734375 0.0263671859375 0.302734375 0.01953125 0.3427734359375 0.0537109359375 0.37890625 0.060546875 0.3779296859375 0.076171875 0.3544921859375 0.072265625 0.3349609359375 0.078125 0.3193359359375 0.0595703140625 0.302734375
2 0.1669921859375 0.61328125 0.154296875 0.6318359359375 0.154296875 0.6416015640625 0.177734375 0.6591796859375 0.1953125 0.6279296859375 0.193359375 0.6162109359375 0.1845703140625 0.611328125 0.1669921859375 0.61328125
2 0.171875 0.5302734359375 0.1455078140625 0.505859375 0.10058593593750001 0.498046875 0.09765625 0.5068359359375 0.107421875 0.5205078140625 0.107421875 0.5361328140625 0.12402343593750001 0.55078125 0.130859375 0.5498046859375 0.1376953140625 0.5390625 0.1474609359375 0.544921875 0.1669921859375 0.54296875 0.171875 0.5302734359375
2 0.2216796859375 0.7421875 0.22265625 0.7998046859375 0.23046875 0.8173828140625 0.23828125 0.8173828140625 0.25 0.7666015640625 0.2451171859375 0.755859375 0.2333984359375 0.763671875 0.2216796859375 0.7421875
2 0.2578125 0.8095703140625 0.259765625 0.8662109359375 0.265625 0.8681640640625 0.28125 0.8447265640625 0.28125 0.8193359359375 0.2685546859375 0.80078125 0.2578125 0.8095703140625
2 0.341796875 0.9990234359375 0.3515625 0.9697265640625 0.3369140640625 0.94921875 0.3203125 0.9990234359375 0.341796875 0.9990234359375
2 0.65234375 0.7509765640625 0.64453125 0.7763671859375 0.64453125 0.7880859359375 0.65234375 0.7919921859375 0.658203125 0.7724609359375 0.669921875 0.7607421859375 0.6591796859375 0.748046875 0.65234375 0.7509765640625
2 0.669921875 0.9287109359375 0.681640625 0.9521484359375 0.69140625 0.9560546859375 0.693359375 0.9306640640625 0.6748046859375 0.890625 0.66796875 0.8994140640625 0.669921875 0.9287109359375
2 0.689453125 0.8388671859375 0.6650390640625 0.828125 0.6552734359375 0.8125 0.638671875 0.8623046859375 0.638671875 0.8740234359375 0.650390625 0.8740234359375 0.6611328140625 0.859375 0.6845703140625 0.857421875 0.689453125 0.8505859359375 0.689453125 0.8388671859375
2 0.56640625 0.6708984359375 0.5732421859375 0.681640625 0.583984375 0.6826171859375 0.59765625 0.6767578140625 0.611328125 0.6435546859375 0.5810546859375 0.6171875 0.56640625 0.6708984359375
2 0.568359375 0.5322265640625 0.5498046859375 0.513671875 0.5390625 0.5185546859375 0.5341796859375 0.5 0.51953125 0.5087890640625 0.515625 0.5244140640625 0.515625 0.5400390640625 0.525390625 0.5576171859375 0.541015625 0.5576171859375 0.52734375 0.5771484359375 0.533203125 0.5791015640625 0.5517578140625 0.5625 0.5654296859375 0.560546875 0.572265625 0.5478515640625 0.568359375 0.5322265640625
2 0.31640625 0.016601564062499997 0.3203125 0.043945314062500004 0.328125 0.043945314062500004 0.341796875 0.016601564062499997 0.33984375 0.0009765640625 0.2998046859375 0 0.31640625 0.016601564062499997
2 0.416015625 0.08496093593750001 0.3994140640625 0.080078125 0.3857421859375 0.0859375 0.390625 0.06542968593750001 0.38671875 0.0517578140625 0.3623046859375 0.041015625 0.349609375 0.0615234359375 0.376953125 0.11035156406249999 0.375 0.1513671859375 0.37890625 0.1650390640625 0.38671875 0.1689453140625 0.3984375 0.1455078140625 0.400390625 0.11230468593750001 0.412109375 0.10058593593750001 0.416015625 0.08496093593750001
2 0.4609375 0.3251953140625 0.4765625 0.3349609359375 0.486328125 0.3056640640625 0.4677734359375 0.29296875 0.453125 0.3076171859375 0.4609375 0.3251953140625
2 0.962890625 0.6513671859375 0.97265625 0.6533203140625 0.986328125 0.6201171859375 0.9833984359375 0.603515625 0.9609375 0.6298828140625 0.962890625 0.6513671859375
2 0.748046875 0.0302734359375 0.771484375 0.047851564062500004 0.77734375 0.0263671859375 0.771484375 0.0068359359375 0.7607421859375 0 0.748046875 0.0302734359375
2 0.8212890640625 0.056640625 0.8203125 0.1259765640625 0.828125 0.1318359359375 0.833984375 0.12011718593750001 0.826171875 0.09667968593750001 0.83203125 0.06542968593750001 0.8212890640625 0.056640625