0 0.458894428125 0.18319888281250002 0.45961562968749997 0.1685072609375 0.4507713890625 0.16656170625 0.4355485359375 0.1916221984375 0.41213442968749997 0.196156525 0.4035289390625 0.2078224359375 0.443739790625 0.21214836250000002 0.45566854218749997 0.22252041562499997 0.476100459375 0.2153930765625 0.46598929531250005 0.1970272265625 0.4804568359375 0.184713859375 0.458894428125 0.18319888281250002
2 0.2419732109375 0.87541144375 0.2201379421875 0.8583405093750001 0.1842785234375 0.878861375 0.187328925 0.8853433765625001 0.2419732109375 0.87541144375
2 0.21944590000000003 0.930502634375 0.224279784375 0.9270463421875 0.22284232187500003 0.9009035750000001 0.17786580624999998 0.9039229265625 0.1634323703125 0.9181807843750001 0.1723789328125 0.9259598265625 0.19387313281250002 0.9235858125 0.21944590000000003 0.930502634375
2 0.094150003125 0.9307036109375 0.078483753125 0.9304856703125 0.03902326875 0.9689386265625 0.0474173453125 0.9952043515625 0.0729179953125 0.9937191078125001 0.0742296984375 0.96699836875 0.0926393859375 0.9561978609375 0.0982285765625 0.9399944453125 0.094150003125 0.9307036109375
2 0.6191767625 0.7265952812500001 0.6317585046875 0.718386721875 0.6305939015625001 0.7077999109374999 0.6050552437500001 0.702827584375 0.5963474296875 0.7086600093750001 0.5965179671875 0.71838248125 0.60745265625 0.727890196875 0.6191767625 0.7265952812500001
2 0.7429037125 0.6369475484375 0.7036869265625 0.6334859546875 0.697069565625 0.646880540625 0.709168853125 0.6669750624999999 0.7239433625 0.6721621515625 0.747050503125 0.6501273734375 0.778212465625 0.6408407796875 0.7907259921875001 0.6287432328125 0.79154951875 0.6198850953124999 0.775849159375 0.6177226609375001 0.7429037125 0.6369475484375
2 0.8387484734375 0.29710532968750003 0.8679223140625 0.2860900609375 0.8735797203125 0.273775634375 0.8403614203125 0.2774445609375 0.8249680296875 0.2927825796875 0.77203900625 0.28888722968749997 0.7615136078125 0.30271345 0.767648521875 0.31762195000000004 0.7503011140625 0.333175790625 0.7465977234375 0.345274396875 0.7554419671875 0.34721995156249996 0.7902732125 0.3238902546875 0.8293535703125 0.3195738671875 0.8361073609374999 0.3139572609375 0.8387484734375 0.29710532968750003
2 0.802016525 0 0.8012375703125001 0.0002419109375 0.8027773515625001 0.0322181625 0.8340757453125001 0.0307095484375 0.8358251203125 0.018826759375 0.8195525390625 0 0.802016525 0
2 0.3395287984375 0.1866413890625 0.3250953640625 0.20089925000000003 0.376996215625 0.20198576875000002 0.400205678125 0.185784471875 0.40394317500000004 0.1756303609375 0.35684210156249996 0.16914305624999998 0.352042325 0.17454384218750002 0.35906897656250003 0.18448319375 0.3395287984375 0.1866413890625
2 0.5575943265625 0.11774624375000001 0.5438479890625 0.11536798749999999 0.5165940609375 0.1242229421875 0.5099425890625 0.1356730296875 0.522728971875 0.13913144375 0.555742634375 0.1237955453125 0.5575943265625 0.11774624375000001
2 0.2055201484375 0.24820079687500002 0.17223362656250002 0.2479807359375 0.15896479375 0.272825409375 0.1374705953125 0.275199421875 0.120054975 0.28686426875 0.10630863125000001 0.28448601562500003 0.10147474999999999 0.28794230625 0.1036334140625 0.29939345624999997 0.1321883734375 0.308903290625 0.1514215828125 0.28924464375 0.1902972953125 0.2732612890625 0.2047648359375 0.2609479234375 0.2055201484375 0.24820079687500002
2 0.076481809375 0.3140818953125 0.06852930625 0.30716719375 0.081008725 0.29312515 0.0692505109375 0.292475571875 0.044087028125 0.3088926875 0.0413094859375 0.31796664375 0.073670159375 0.3212113546875 0.076481809375 0.3140818953125
2 0.0831718265625 0.6396768546875 0.0707996765625 0.6040263718750001 0.0370648140625 0.6340538890625 0.07545807812500001 0.6463736171875001 0.0831718265625 0.6396768546875
2 0.24591091875 0.5418237453125 0.259759578125 0.550035484375 0.27508475312499997 0.5308084765625 0.267132253125 0.523893775 0.21643011093750003 0.5353385625 0.2118008734375 0.5504618203125 0.22455314999999998 0.5519757375000001 0.24591091875 0.5418237453125
2 0.13545279999999998 0.60662680625 0.17631664062500002 0.5923721265624999 0.18002003125 0.58027351875 0.16034342343750002 0.5746537328125 0.136929315625 0.5791880593750001 0.108954184375 0.6027346375 0.1159467296875 0.6107294953125 0.13545279999999998 0.60662680625