2 0.33253193125 0.8684351140625 0.3436838828125 0.8691320671874999 0.35360407031249996 0.8610234562500001 0.359954446875 0.8506379624999999 0.356827146875 0.8422273875 0.34254789375 0.8331198609375001 0.3321433671875 0.839315565625 0.3253504796875 0.8558347546875 0.33253193125 0.8684351140625
2 0.1916282875 0.9582108406250001 0.1893320671875 0.9727861203125 0.19625043281250001 0.9804067312500001 0.21141471093750003 0.9772468671875 0.22843269843749997 0.9656454218749999 0.2421857859375 0.9647934453125 0.246252059375 0.9256833859375 0.16659777343749999 0.9342260703124999 0.1631116125 0.948042384375 0.1916282875 0.9582108406250001
2 0.48760147031249995 0.720327275 0.50655681875 0.7163774468749999 0.52511148125 0.7266079125 0.5397914187499999 0.7215351437499999 0.5844828796875 0.74041614375 0.5951086640625001 0.7311535921875 0.5821987796875 0.711691575 0.5794721703125 0.689100703125 0.6055253171875 0.6816580390625 0.6251323125 0.7118075109374999 0.6659072203124999 0.707338678125 0.675564328125 0.69425031875 0.6645918046875 0.6824399171875 0.6671511109375 0.6728443937499999 0.686106459375 0.6688945625 0.7115916125 0.6434457953125 0.737686584375 0.64404973125 0.7445212999999999 0.63557714375 0.7423208578125 0.6229457734375 0.6020094515625 0.6441279125 0.5954378218749999 0.65758025 0.5878556828125 0.6591601812500001 0.5617188828125 0.6505096484374999 0.538045609375 0.6594702359375 0.5190484375 0.655373465625 0.503483471875 0.6727136234375 0.467952646875 0.682131203125 0.46632019687500004 0.6875059375 0.487739075 0.7011672296875 0.48306297656249997 0.7142245859374999 0.48760147031249995 0.720327275
2 0.9186298421875 0.4996126703125 0.8939878875 0.5047474484375 0.8772748109374999 0.52937524375 0.8813707921875 0.54161163125 0.8084554421875 0.5688883734375 0.806822990625 0.574263109375 0.8208391562499999 0.578390884375 0.8568543203125 0.5708862078125 0.8749246421875 0.57920376875 0.912751684375 0.5552109125 0.9499689046875 0.505165353125 0.9186298421875 0.4996126703125
2 0.9539933546875 0.45800869375 0.9666819828125 0.48053755625 0.9596260078125001 0.49207698750000006 0.9720097265625001 0.5015794984374999 0.9631000468750001 0.5215605203125 0.987963253125 0.5133588921875 0.99590425625 0.48955206562500003 0.98841789375 0.46392535312499994 0.9653665625000001 0.45563879687500003 0.9539933546875 0.45800869375
2 0.724497253125 0.20576955937500002 0.74728549375 0.20907636406250002 0.777739534375 0.2268964359375 0.8042770203125 0.2213666734375 0.80225600625 0.1976218578125 0.775150525 0.18514551562499998 0.7267934703125001 0.1911942828125 0.7194744171874999 0.1977539671875 0.724497253125 0.20576955937500002
2 0.7200302859375001 0.2590599140625 0.738016953125 0.25128427656249996 0.7450729296875 0.239744840625 0.7132495203125 0.23227925468750002 0.679171725 0.2474355484375 0.6568259921874999 0.23799504843750002 0.6397661765625 0.2415498953125 0.6372068734375 0.251145421875 0.6505592703125 0.264473740625 0.6356580734375 0.2726133546875 0.6354786453125 0.283726803125 0.6774434921875 0.2800169296875 0.6968413578125 0.2699334046875 0.712047459375 0.27482014062500004 0.7200302859375001 0.2590599140625
2 0.13621101875 0.5186607890625 0.1655169453125 0.543768503125 0.2049224921875 0.54965415625 0.226700228125 0.5410885515625 0.2294807890625 0.5284261796874999 0.22348927500000002 0.516584775 0.20947310625 0.5124570015625001 0.14683680625 0.5093982375 0.13621101875 0.5186607890625
2 0.1511716203125 0.613214065625 0.16338803125 0.5905301781250001 0.174761240625 0.5881602796875 0.1747194109375 0.5801136812500001 0.15761777187499998 0.575621928125 0.1399899671875 0.5611706703125 0.1191809125 0.5735620828125 0.0944971328125 0.5706502609374999 0.07227687968749999 0.585349559375 0.042875178125 0.587448496875 0.052340728125 0.628773425 0.069621796875 0.6221517328124999 0.086765265625 0.6346900843750001 0.09906532500000001 0.6280993968749999 0.11035488125 0.6096363 0.1511716203125 0.613214065625
2 0.24150140000000003 0.1030173328125 0.22391541875 0.09661267500000001 0.16868182812500002 0.10308743125 0.19798775625 0.1281951390625 0.236825303125 0.1160746890625 0.24414435937499998 0.1095150046875 0.24150140000000003 0.1030173328125
2 0.0870659296875 0.1905781859375 0.1076955546875 0.189300221875 0.1332225375 0.171898053125 0.13146460468750001 0.15313298749999998 0.137330640625 0.14083459375000001 0.1226088734375 0.13786076249999998 0.10651774375 0.14524141562499998 0.10448460468750001 0.164796446875 0.0870659296875 0.1905781859375
2 0.32725510625 0.035809559375 0.350874425 0.0621022203125 0.3636170015625 0.049377835937499996 0.3967679484375 0.0384423359375 0.3948305875 0.03079071875 0.3829312125 0.023201112500000003 0.3478847296875 0.034531596875 0.336469696875 0.02885489375 0.32725510625 0.035809559375