0 0.5120777375000001 0.7601049046874999 0.5050730609375 0.7723267578125 0.4841459859375 0.7783434109375 0.47439879218750003 0.792082896875 0.44513924843749997 0.7957557640624999 0.4396631875 0.8175638234375 0.4506422484375 0.8302660953125001 0.4686259875 0.8307465109375001 0.4758314796875 0.8135452171875001 0.4947234046875 0.8010045578125 0.505501646875 0.81868626875 0.50429671875 0.8485629015624999 0.518839546875 0.8773753828125 0.497510825 0.8933509125000001 0.518350965625 0.917983171875 0.5471039609374999 0.9173725015624999 0.5459769921875 0.897827421875 0.5624321171875 0.8887216390624999 0.54525166875 0.8683234687500001 0.5560209281249999 0.86723238125 0.5767292265624999 0.828649571875 0.5906246937499999 0.7785363859375 0.5824840703125 0.7524403656249999 0.5482280703125 0.7185407046875001 0.5265936265625 0.73259899375 0.510234421875 0.7298286625 0.5061730921875001 0.735553446875 0.5120777375000001 0.7601049046874999
2 0.1224299796875 0.9618151515625 0.130867340625 0.971055615625 0.1501698875 0.9673288765624999 0.16419719375 0.980430759375 0.173036203125 0.9797123484375 0.17790979843750002 0.9728426015625 0.1751583 0.9555874390625 0.1475143109375 0.93819759375 0.1224299796875 0.9618151515625
2 0.42283050156249996 0.6745699984375 0.43158256718750004 0.7045005 0.440526475 0.7106787671875 0.452605565625 0.6866077265625 0.41599971093750004 0.625494025 0.40473288281249997 0.648420103125 0.40717866249999995 0.663758028125 0.42283050156249996 0.6745699984375
2 0.30559763125 0.494636821875 0.3132317109375 0.5237950375 0.330202359375 0.530399853125 0.3519596625 0.5607838359375 0.36658943593750004 0.558947403125 0.3680041671875 0.54286413125 0.34950490625 0.526673115625 0.34167000625 0.5024943328125 0.30559763125 0.494636821875
2 0.2301409625 0.3520920515625 0.2165242796875 0.3478040875 0.21542424843750002 0.3845773953125 0.22792294375000002 0.388093078125 0.23390555000000002 0.363222821875 0.2301409625 0.3520920515625
2 0.145722421875 0.1658234203125 0.13455151875 0.1768733828125 0.1426921390625 0.2029694046875 0.13060407031250001 0.20826764375 0.1271541828125 0.2178269125 0.132753103125 0.240461125 0.1539859046875 0.2363617140625 0.1526491359375 0.20302327187500002 0.160771796875 0.191573703125 0.145722421875 0.1658234203125
2 0.6738656468750001 0.4146422 0.687988875 0.41586796562500006 0.7026096671875 0.39525873906250003 0.695290290625 0.386790553125 0.69548213125 0.36303831875000003 0.6808523625 0.364874753125 0.668248765625 0.354462396875 0.67098230625 0.3341719703125 0.6638637515625 0.32072434843750003 0.6514789375000001 0.3428781453125 0.6355213796875 0.3301489375 0.645601234375 0.37464508125 0.6727386796875 0.3950971203125 0.6738656468750001 0.4146422
2 0.5785639671875 0.2037951796875 0.5736724093750001 0.17311933125 0.5667636578125 0.1734650703125 0.5644407390625 0.20256941562500003 0.5785639671875 0.2037951796875
2 0.5169337796875 0.0793317328125 0.5222090203125 0.0625031125 0.5213877734375 0.0448752703125 0.5157978296875 0.041013854687500004 0.5025917718749999 0.0455398125 0.497517353125 0.0573889921875 0.49377072499999997 0.08380381875000001 0.49560505781249997 0.0953072625 0.50170154375 0.096106478125 0.5064702390625 0.0823400578125 0.5169337796875 0.0793317328125
2 0.89055731875 0 0.879420009375 0.019227928124999998 0.88379604375 0.034193179687500005 0.898530715625 0.039253424999999995 0.910819609375 0.028975745312500002 0.9049149640625 0.0044242953125 0.9005364874999999 0 0.89055731875 0
2 0.920979878125 0.8787848953124999 0.9331548906249999 0.8428377375 0.9244118046875001 0.8316800343749999 0.8935367109374999 0.8564156125 0.8976070203125 0.8694636203125 0.91437685 0.881047871875 0.920979878125 0.8787848953124999
2 0.8199743765624999 0.6384069796875 0.8040257937499999 0.6444505703125001 0.8076944609375 0.6674574578125 0.8163326453125 0.67171848125 0.8257741187500001 0.6560617578125 0.8199743765624999 0.6384069796875