2 0.0625 0.5283203140625 0.0546875 0.5498046859375 0.0546875 0.5615234359375 0.0703125 0.5712890640625 0.08203125 0.5634765640625 0.091796875 0.5400390640625 0.07910156406249999 0.521484375 0.0625 0.5283203140625
2 0 0.4501953140625 0.01953125 0.4521484359375 0.040039064062500004 0.443359375 0.046875 0.4326171859375 0.03125 0.4130859359375 0.029296875 0.3876953140625 0.0068359359375 0.365234375 0 0.3701171859375 0 0.4501953140625
2 0.203125 0.9111328140625 0.212890625 0.9365234359375 0.21875 0.9365234359375 0.244140625 0.9052734359375 0.2333984359375 0.88671875 0.2119140640625 0.8984375 0.203125 0.9111328140625
2 0.2138671859375 0.765625 0.1982421859375 0.7734375 0.1796875 0.7978515640625 0.1953125 0.8291015640625 0.197265625 0.8623046859375 0.205078125 0.8642578140625 0.2265625 0.8173828140625 0.21875 0.7919921859375 0.224609375 0.7763671859375 0.2138671859375 0.765625
2 0.5576171859375 0.78515625 0.56640625 0.7841796859375 0.57421875 0.7470703140625 0.5537109359375 0.7265625 0.55078125 0.7763671859375 0.5576171859375 0.78515625
2 0.5166015640625 0.583984375 0.51171875 0.5927734359375 0.517578125 0.6201171859375 0.513671875 0.6416015640625 0.5322265640625 0.6484375 0.5439453140625 0.666015625 0.560546875 0.6650390640625 0.556640625 0.5908203140625 0.5419921859375 0.587890625 0.5283203140625 0.599609375 0.5166015640625 0.583984375
2 0.404296875 0.3232421859375 0.392578125 0.3271484359375 0.392578125 0.3369140640625 0.4013671859375 0.3515625 0.4140625 0.3505859359375 0.427734375 0.3408203140625 0.43359375 0.3212890640625 0.4091796859375 0.3046875 0.404296875 0.3232421859375
2 1 0.6904296859375 0.9990234359375 0.654296875 0.966796875 0.6650390640625 0.9716796859375 0.68359375 1 0.6904296859375
2 0.9599609359375 0.544921875 0.94921875 0.5478515640625 0.93359375 0.5791015640625 0.919921875 0.5888671859375 0.9296875 0.6025390640625 0.9296875 0.6318359359375 0.9375 0.6416015640625 0.947265625 0.6357421859375 0.951171875 0.6044921859375 0.96484375 0.5791015640625 0.9599609359375 0.544921875
2 0.88671875 0.4013671859375 0.884765625 0.3916015640625 0.8740234359375 0.384765625 0.8603515640625 0.384765625 0.845703125 0.4072265640625 0.861328125 0.4384765640625 0.865234375 0.4228515640625 0.859375 0.4091796859375 0.8720703140625 0.412109375 0.88671875 0.4013671859375
2 0.80859375 0.2880859359375 0.82421875 0.2978515640625 0.8359375 0.2880859359375 0.8349609359375 0.2734375 0.8212890640625 0.275390625 0.80859375 0.2880859359375
2 0.818359375 0.1826171859375 0.8115234359375 0.158203125 0.794921875 0.1845703140625 0.79296875 0.2158203140625 0.80078125 0.2255859359375 0.8232421859375 0.216796875 0.83984375 0.1943359359375 0.8330078140625 0.181640625 0.818359375 0.1826171859375
2 0.70703125 0.0263671859375 0.712890625 0.09667968593750001 0.728515625 0.10644531406249999 0.736328125 0.09082031406249999 0.734375 0.0009765640625 0.6904296859375 0 0.70703125 0.0263671859375
2 0.7373046859375 0.14453125 0.75390625 0.1435546859375 0.74609375 0.11425781406249999 0.7373046859375 0.109375 0.73046875 0.1376953140625 0.7373046859375 0.14453125