2 0.078125 0.9560546859375 0.06738281406249999 0.927734375 0.05078125 0.9404296859375 0.029296875 0.9736328140625 0.029296875 0.9833984359375 0.041015625 0.9853515640625 0.0537109359375 0.96875 0.06542968593750001 0.97265625 0.06640625 0.9638671859375 0.078125 0.9560546859375
2 0.036132814062500004 0.87109375 0.0009765640625 0.861328125 0 0.9189453140625 0.0146484359375 0.921875 0.03125 0.9365234359375 0.037109375 0.9169921859375 0.052734375 0.9072265640625 0.052734375 0.8955078140625 0.036132814062500004 0.87109375
2 0.3515625 0.8935546859375 0.3291015640625 0.876953125 0.310546875 0.9404296859375 0.330078125 0.9443359359375 0.3330078140625 0.9375 0.34765625 0.9345703140625 0.341796875 0.9111328140625 0.3515625 0.8935546859375
2 0.2568359359375 0.822265625 0.265625 0.8212890640625 0.2734375 0.8115234359375 0.2705078140625 0.802734375 0.25390625 0.8115234359375 0.2568359359375 0.822265625
2 0.2333984359375 0.763671875 0.240234375 0.7626953140625 0.251953125 0.7509765640625 0.2509765640625 0.734375 0.228515625 0.7529296859375 0.2333984359375 0.763671875
2 0.2216796859375 0.62890625 0.212890625 0.6337890640625 0.205078125 0.6708984359375 0.2197265640625 0.677734375 0.228515625 0.7001953140625 0.236328125 0.7021484359375 0.24609375 0.6669921859375 0.228515625 0.6611328140625 0.236328125 0.6298828140625 0.2216796859375 0.62890625
2 0.11425781406249999 0.423828125 0.109375 0.4052734359375 0.09472656406249999 0.3984375 0.083984375 0.4287109359375 0.10546875 0.4423828140625 0.107421875 0.4580078140625 0.115234375 0.4638671859375 0.130859375 0.4443359359375 0.1328125 0.4248046859375 0.1259765640625 0.416015625 0.11425781406249999 0.423828125
2 0.076171875 0.3212890640625 0.07421875 0.2900390640625 0.0625 0.2822265640625 0.0595703140625 0.267578125 0.025390625 0.2783203140625 0.025390625 0.2880859359375 0.04296875 0.3076171859375 0.048828125 0.3466796859375 0.05859375 0.3505859359375 0.08496093593750001 0.34375 0.091796875 0.3349609359375 0.09082031406249999 0.326171875 0.076171875 0.3212890640625
2 0.4130859359375 0.255859375 0.396484375 0.2490234359375 0.404296875 0.2626953140625 0.40234375 0.2978515640625 0.4140625 0.3017578140625 0.43359375 0.2783203140625 0.42578125 0.2607421859375 0.4267578140625 0.244140625 0.4130859359375 0.255859375
2 0.529296875 0.5400390640625 0.53125 0.5185546859375 0.5263671859375 0.513671875 0.5146484359375 0.53125 0.5009765640625 0.50390625 0.486328125 0.5654296859375 0.5029296859375 0.5703125 0.517578125 0.5966796859375 0.525390625 0.5986328140625 0.53125 0.5732421859375 0.544921875 0.5654296859375 0.544921875 0.5439453140625 0.529296875 0.5400390640625
2 0.541015625 0.6826171859375 0.548828125 0.6552734359375 0.5361328140625 0.650390625 0.525390625 0.6767578140625 0.541015625 0.6826171859375
2 0.59765625 0.8525390640625 0.599609375 0.8662109359375 0.607421875 0.8662109359375 0.611328125 0.8408203140625 0.5986328140625 0.80859375 0.587890625 0.8427734359375 0.59765625 0.8525390640625
2 0.6552734359375 0.978515625 0.66796875 0.9814453140625 0.673828125 0.9541015640625 0.6572265640625 0.92578125 0.642578125 0.9599609359375 0.6552734359375 0.978515625
2 0.935546875 0.8779296859375 0.958984375 0.8896484359375 0.958984375 0.8564453140625 0.9443359359375 0.849609375 0.935546875 0.8564453140625 0.935546875 0.8779296859375
2 0.869140625 0.6767578140625 0.869140625 0.6943359359375 0.876953125 0.6982421859375 0.88671875 0.6767578140625 0.8818359359375 0.666015625 0.8720703140625 0.66796875 0.869140625 0.6767578140625
2 0.81640625 0.4970703140625 0.814453125 0.5068359359375 0.82421875 0.5107421859375 0.841796875 0.4970703140625 0.8388671859375 0.486328125 0.8271484359375 0.486328125 0.81640625 0.4970703140625
2 0.8896484359375 0.640625 0.919921875 0.6591796859375 0.921875 0.6025390640625 0.8916015640625 0.59765625 0.876953125 0.6240234359375 0.8896484359375 0.640625
2 0.8564453140625 0.501953125 0.84765625 0.5107421859375 0.84375 0.5478515640625 0.873046875 0.5810546859375 0.875 0.5478515640625 0.8984375 0.5166015640625 0.8916015640625 0.509765625 0.8564453140625 0.501953125
2 0.837890625 0.3681640640625 0.83984375 0.3583984359375 0.8330078140625 0.349609375 0.806640625 0.3505859359375 0.806640625 0.3662109359375 0.798828125 0.3759765640625 0.80078125 0.3896484359375 0.806640625 0.3916015640625 0.814453125 0.3857421859375 0.8134765640625 0.375 0.8251953140625 0.380859375 0.837890625 0.3681640640625
2 0.7900390640625 0.13671875 0.765625 0.1455078140625 0.771484375 0.1728515640625 0.76171875 0.1865234359375 0.767578125 0.2099609359375 0.783203125 0.2119140640625 0.791015625 0.2080078140625 0.783203125 0.1865234359375 0.80078125 0.1748046859375 0.7900390640625 0.13671875
2 0.771484375 0.2666015640625 0.78515625 0.2724609359375 0.787109375 0.2470703140625 0.7822265640625 0.244140625 0.771484375 0.2509765640625 0.771484375 0.2666015640625
2 0.6953125 0.032226564062500004 0.693359375 0.0615234359375 0.69921875 0.0615234359375 0.708984375 0.045898435937499996 0.7099609359375 0 0.701171875 0.0009765640625 0.6953125 0.032226564062500004