2 0.47192949687499997 0.924355665625 0.484092621875 0.94252568125 0.5003051734375 0.92639601875 0.49081825625000003 0.9097020812500001 0.47192949687499997 0.924355665625
2 0.29803919218749997 0.571280815625 0.2504723 0.5708331640625001 0.23660245156249998 0.5803752515625 0.24380878125 0.5936623109375 0.26296894375 0.5970668328125 0.3017470015625 0.5919506234374999 0.31373189375 0.5770708578125 0.29803919218749997 0.571280815625
2 0.277892009375 0.9118897046875001 0.2927624 0.9265385734375 0.317670615625 0.9309644515625 0.3208045609375 0.920515278125 0.33388316093750003 0.9148347921875001 0.3252185546875 0.889282028125 0.3171899171875 0.8848537921874999 0.28178615156250003 0.90257615625 0.277892009375 0.9118897046875001
2 0.5729085171875 0.1698746890625 0.5556333140625 0.17180784531249998 0.5505212359375 0.19191101875 0.5496989296875 0.20076984687500002 0.5611639734375 0.2078097828125 0.606450278125 0.20485055624999998 0.6000662546875 0.18270467031249998 0.5729085171875 0.1698746890625
2 0.734125284375 0.21653077031249998 0.754107753125 0.21107646406249997 0.7542009203125 0.1960847890625 0.7190456000000001 0.1738293484375 0.6998854375 0.1704248265625 0.6971471124999999 0.1789432 0.6879316 0.1803073640625 0.6657927703125 0.1623658875 0.6572753390625 0.17486013125 0.7059048859375 0.1895042859375 0.734125284375 0.21653077031249998
2 0.22780010312500001 0.206607025 0.243128234375 0.2093306421875 0.23914092031249998 0.23363586875000003 0.2440666640625 0.2435160484375 0.25671858125 0.2447635890625 0.27731406718749996 0.2023979015625 0.2802387234375 0.16389617343750001 0.2636926609375 0.17196218125 0.2562999984375 0.188658478125 0.23707772500000002 0.19524840625 0.241638896875 0.20206216562499998 0.22938260625 0.198883825 0.22780010312500001 0.206607025
2 0.924792559375 0.8947633968750001 0.9497939359375 0.8841975984375001 0.9529589406250001 0.8687512 0.93343420625 0.8622802500000001 0.8973634125000001 0.8638753109374999 0.874309109375 0.8697843375 0.8704149625 0.879097884375 0.8910334046875 0.8947681109375001 0.924792559375 0.8947633968750001
2 0.4185078703125 0.569673971875 0.40895884687499995 0.5629744828125001 0.370638521875 0.556165440625 0.3564041 0.562641103125 0.35518616875000003 0.5734307281250001 0.384135703125 0.6065900640625 0.40791915 0.6068138890625 0.4152807546875 0.59511481875 0.4185078703125 0.569673971875
2 0.397929921875 0.2388380625 0.40413570625000006 0.2279341671875 0.4382283734375 0.23599310624999997 0.4539831859375 0.2317886984375 0.43874822187499996 0.21407340156250002 0.4076963359375 0.21055696875000002 0.3982404796875 0.1888658046875 0.3805696515625 0.1927297609375 0.3650862453125 0.2149922734375 0.366878034375 0.23532162968749998 0.397929921875 0.2388380625
2 0.7150313109375 0.88150461875 0.75566328125 0.8867233140625 0.7938593843749999 0.913521259375 0.8084894296874999 0.905114796875 0.8105917796875 0.8754718968749999 0.7976063453125 0.8661607046875 0.765763209375 0.866505871875 0.7584326609375001 0.8732077140625 0.7216948375000001 0.858675471875 0.7094074890625001 0.8604943593750001 0.7032017046875 0.8713982546875 0.7150313109375 0.88150461875
2 0.7351474437500001 0.5458929578125 0.7303148671875 0.5210210984375 0.7365206546875 0.510117203125 0.7093939703125 0.49228999375000004 0.6859440343750001 0.5001298203125 0.650664490625 0.49786328125 0.64445870625 0.5087671765625 0.66270339375 0.5360222 0.684966453125 0.533974775 0.7351474437500001 0.5458929578125
2 0.764091559375 0.147814790625 0.7955390687499999 0.149400425 0.8270797468750001 0.1359943796875 0.8517786656249999 0.1123677015625 0.8541524203125 0.100782903125 0.8449990171874999 0.0921526171875 0.8250476046875 0.09260969531249999 0.8003486843750001 0.1162363734375 0.782708915625 0.11510310625 0.7693589140625 0.10272548906250001 0.7484299125 0.137027521875 0.764091559375 0.147814790625
2 0.0684912515625 0.22332453437500002 0.058569559375000003 0.27659175468749997 0.07389768906250001 0.2793153734375 0.0843311328125 0.26716158125 0.093453478125 0.28078909375 0.1141340265625 0.28646486718749997 0.1411445921875 0.2612478421875 0.171071709375 0.2605622234375 0.1860973828125 0.25022496250000004 0.185034728125 0.2360284609375 0.1701953921875 0.2163823640625 0.14403819375 0.22774333906250002 0.078498015625 0.21809876718750001 0.0684912515625 0.22332453437500002
2 1 0.48422606874999996 0.97569726875 0.48157692656249995 0.9585773484375 0.45852395625 0.93777256875 0.47283708593749996 0.9243604578125 0.470453921875 0.8946736828124999 0.49419486875 0.894247003125 0.5011228937500001 0.9026402046875001 0.508617553125 0.9202799796875001 0.5097508234375 0.923654271875 0.522356978125 0.948895996875 0.5348465078125 0.96905670625 0.562441984375 0.9927780359374999 0.5726602625 0.9991931171875 0.5898089234375 1 0.58973471875 1 0.48422606874999996