2 0.0615234359375 0.296875 0.046875 0.2978515640625 0.060546875 0.3095703140625 0.0615234359375 0.296875
2 0.03515625 0.2841796859375 0.046875 0.2958984359375 0.043945314062500004 0.259765625 0.037109375 0.2705078140625 0.04296875 0.2783203140625 0.03515625 0.2841796859375
2 0.25390625 0.9853515640625 0.2578125 0.9990234359375 0.265625 0.9990234359375 0.271484375 0.9892578140625 0.2626953140625 0.97265625 0.25390625 0.9775390640625 0.25390625 0.9853515640625
2 0.0302734359375 0.19921875 0.044921875 0.2041015640625 0.044921875 0.1669921859375 0.032226564062500004 0.162109375 0.0234375 0.1865234359375 0.0302734359375 0.19921875
2 0.140625 0.6650390640625 0.1533203140625 0.673828125 0.16796875 0.6728515640625 0.169921875 0.6533203140625 0.1435546859375 0.642578125 0.138671875 0.6474609359375 0.140625 0.6650390640625
2 0.1708984359375 0.55078125 0.158203125 0.5576171859375 0.14453125 0.5791015640625 0.14453125 0.5888671859375 0.15625 0.5908203140625 0.1689453140625 0.58984375 0.173828125 0.5830078140625 0.17578125 0.5556640640625 0.1708984359375 0.55078125
2 0.109375 0.4951171859375 0.11230468593750001 0.513671875 0.14453125 0.5146484359375 0.1484375 0.5009765640625 0.1416015640625 0.486328125 0.12402343593750001 0.486328125 0.109375 0.4951171859375
2 0.1640625 0.7236328140625 0.1689453140625 0.73046875 0.1875 0.7333984359375 0.203125 0.7177734359375 0.203125 0.7099609359375 0.1845703140625 0.693359375 0.1640625 0.7236328140625
2 0.0625 0.2529296859375 0.06542968593750001 0.267578125 0.072265625 0.2666015640625 0.064453125 0.2138671859375 0.0556640640625 0.205078125 0.037109375 0.2333984359375 0.0625 0.2529296859375
2 0.22265625 0.7822265640625 0.2265625 0.8076171859375 0.2333984359375 0.814453125 0.24609375 0.8134765640625 0.251953125 0.8017578140625 0.25 0.7822265640625 0.2294921859375 0.7578125 0.22265625 0.7822265640625
2 0.515625 0.7666015640625 0.529296875 0.7802734359375 0.53515625 0.7763671859375 0.533203125 0.7568359359375 0.5224609359375 0.75390625 0.515625 0.7666015640625
2 0.583984375 0.9521484359375 0.591796875 0.9169921859375 0.5849609359375 0.892578125 0.578125 0.9013671859375 0.583984375 0.9521484359375
2 0.416015625 0.4052734359375 0.42578125 0.4072265640625 0.427734375 0.3837890640625 0.4150390640625 0.373046875 0.408203125 0.3837890640625 0.416015625 0.4052734359375
2 0.439453125 0.4736328140625 0.451171875 0.4794921859375 0.45703125 0.4697265640625 0.45703125 0.4404296859375 0.4482421859375 0.43359375 0.439453125 0.4736328140625
2 0.345703125 0.1962890640625 0.35546875 0.2001953140625 0.36328125 0.1826171859375 0.3447265640625 0.1484375 0.337890625 0.1708984359375 0.345703125 0.1962890640625
2 0.5703125 0.8564453140625 0.56640625 0.8818359359375 0.576171875 0.8876953140625 0.595703125 0.8642578140625 0.5888671859375 0.84765625 0.5751953140625 0.84765625 0.5703125 0.8564453140625
2 0.513671875 0.7041015640625 0.517578125 0.7216796859375 0.52734375 0.7255859359375 0.53125 0.6826171859375 0.52734375 0.6650390640625 0.5185546859375 0.662109375 0.513671875 0.7041015640625
2 0.541015625 0.7802734359375 0.541015625 0.7978515640625 0.5625 0.8095703140625 0.57421875 0.8017578140625 0.572265625 0.7841796859375 0.5517578140625 0.76953125 0.541015625 0.7802734359375
2 0.486328125 0.6201171859375 0.478515625 0.6455078140625 0.4833984359375 0.65625 0.494140625 0.6552734359375 0.51953125 0.6357421859375 0.515625 0.6220703140625 0.4990234359375 0.609375 0.486328125 0.6201171859375
2 0.375 0.2939453140625 0.376953125 0.3076171859375 0.3955078140625 0.32421875 0.4140625 0.3271484359375 0.41796875 0.3115234359375 0.412109375 0.2978515640625 0.3837890640625 0.283203125 0.375 0.2939453140625
2 0.279296875 0.008789064062500001 0.294921875 0.024414064062499997 0.298828125 0.040039064062500004 0.310546875 0.043945314062500004 0.314453125 0.022460935937500003 0.3046875 0.0009765640625 0.2802734359375 0 0.279296875 0.008789064062500001
2 0.626953125 0.08886718593750001 0.62890625 0.10253906406249999 0.640625 0.10644531406249999 0.654296875 0.08691406406249999 0.6513671859375 0.064453125 0.6396484359375 0.06640625 0.626953125 0.08886718593750001
2 0.646484375 0.1396484359375 0.65625 0.1611328140625 0.68359375 0.1748046859375 0.685546875 0.1494140640625 0.6611328140625 0.126953125 0.6513671859375 0.126953125 0.646484375 0.1396484359375
2 0.7646484359375 0.431640625 0.75 0.4521484359375 0.76171875 0.4716796859375 0.75 0.5048828140625 0.75390625 0.5283203140625 0.759765625 0.5302734359375 0.783203125 0.4912109359375 0.78125 0.4794921859375 0.767578125 0.4658203140625 0.7646484359375 0.431640625
2 0.68359375 0.2060546859375 0.677734375 0.1904296859375 0.6689453140625 0.185546875 0.6640625 0.1943359359375 0.66796875 0.2294921859375 0.6875 0.2666015640625 0.689453125 0.2880859359375 0.71484375 0.2919921859375 0.712890625 0.2685546859375 0.6982421859375 0.25390625 0.685546875 0.2529296859375 0.68359375 0.2060546859375
2 0.740234375 0.3486328140625 0.7314453140625 0.337890625 0.7041015640625 0.341796875 0.6953125 0.3525390640625 0.6953125 0.3720703140625 0.72265625 0.4072265640625 0.73046875 0.4345703140625 0.73828125 0.4384765640625 0.7421875 0.4208984359375 0.728515625 0.3935546859375 0.728515625 0.3701171859375 0.740234375 0.3486328140625
2 0.814453125 0.7060546859375 0.8203125 0.7060546859375 0.8388671859375 0.703125 0.841796875 0.6943359359375 0.8173828140625 0.677734375 0.814453125 0.7060546859375
2 0.8466796859375 0.736328125 0.837890625 0.7451171859375 0.837890625 0.7548828140625 0.841796875 0.7802734359375 0.853515625 0.7861328140625 0.8740234359375 0.779296875 0.87890625 0.7705078140625 0.859375 0.7431640640625 0.8466796859375 0.736328125
2 0.8740234359375 0.8203125 0.8671875 0.8544921859375 0.875 0.8603515640625 0.8779296859375 0.875 0.8935546859375 0.888671875 0.904296875 0.8876953140625 0.904296875 0.8623046859375 0.888671875 0.8447265640625 0.884765625 0.8251953140625 0.8740234359375 0.8203125
2 0.8759765640625 0.908203125 0.86328125 0.9189453140625 0.861328125 0.9306640640625 0.8828125 0.9482421859375 0.884765625 0.9638671859375 0.89453125 0.9677734359375 0.90234375 0.9541015640625 0.90234375 0.9345703140625 0.888671875 0.9111328140625 0.8759765640625 0.908203125
2 0.947265625 0.12207031406249999 0.9453125 0.1474609359375 0.95703125 0.1494140640625 0.96875 0.1318359359375 0.9638671859375 0.111328125 0.9521484359375 0.111328125 0.947265625 0.12207031406249999
2 0.962890625 0.2451171859375 0.974609375 0.2470703140625 0.98046875 0.2431640640625 0.982421875 0.2041015640625 0.9697265640625 0.197265625 0.962890625 0.2451171859375
2 0.8984375 0.034179685937499996 0.91015625 0.040039064062500004 0.9296875 0.0283203140625 0.9296875 0.010742185937499999 0.9033203140625 0 0.8984375 0.034179685937499996
2 0.919921875 0.0595703140625 0.912109375 0.06347656406249999 0.912109375 0.10253906406249999 0.921875 0.10644531406249999 0.94921875 0.06542968593750001 0.9384765640625 0.046875 0.9208984359375 0.046875 0.919921875 0.0595703140625