2 0.5686274906250001 0.088180353125 0.5598751703125 0.0774890375 0.5338297203125 0.073187859375 0.54139549375 0.0907277625 0.5686274906250001 0.088180353125
2 0.7983617468750001 0.8142816265624999 0.7816031359375 0.809532815625 0.764962021875 0.8202133187499999 0.785562271875 0.8414467406249999 0.7983617468750001 0.8142816265624999
2 0.18333917500000002 0.8945530500000001 0.17635492656250001 0.8720459265624999 0.1472843578125 0.8771515531249999 0.1461213125 0.8870859984375 0.1643014703125 0.915844859375 0.176055403125 0.9140435140625 0.18333917500000002 0.8945530500000001
2 0.818444571875 0.442256675 0.8078301828125 0.4310377109375 0.7568788203125 0.4094150484375 0.7551577546875 0.42740258124999997 0.7632815500000001 0.43688939531250004 0.8098802546874999 0.45625226718749995 0.818444571875 0.442256675
2 0.833129190625 0.0933356921875 0.8257514171875 0.1004827 0.8401604421875 0.12201454375000001 0.881730965625 0.1317413890625 0.892832871875 0.125649671875 0.8983015734375 0.11180329375 0.833129190625 0.0933356921875
2 0.43384845 0.5262389015625 0.45179360625 0.5241391296875 0.46899274375 0.5054055359375 0.470061784375 0.4831276328125 0.4600524234375 0.47002731249999996 0.4476464671875 0.46753829218750004 0.43656805781249997 0.4767158734375 0.43384845 0.5262389015625
2 0 0.51566345625 0.00455670625 0.51544381875 0.0096788890625 0.537423296875 0.0282995703125 0.5426997546875 0.0386789546875 0.5230600812499999 0.0316477046875 0.49438123125000005 0.014378071875 0.5038572343750001 0 0.5012338734374999 0 0.51566345625
2 0.552709325 0.43777819375 0.5509412593749999 0.449594003125 0.5355806921874999 0.4657693765625 0.549290690625 0.476839125 0.5821558984374999 0.48204638437499997 0.5938628265625 0.4740733078125 0.6017516203125 0.452701484375 0.5991435296875001 0.43554001875 0.5774037328125 0.42732690937499995 0.552709325 0.43777819375
2 0.356774725 0.08357428125000001 0.3375020171875 0.07400745625 0.3218124484375 0.0469807453125 0.30880147343750003 0.0463730859375 0.30579985781249996 0.058865753124999996 0.2729111546875 0.050572634375 0.2823859984375 0.07481190625 0.30352077187500004 0.0849063765625 0.3222824515625 0.1086980125 0.359987840625 0.0988543875 0.3618029078125 0.09321030625 0.356774725 0.08357428125000001
2 0.7522501390625 0.4522387 0.7428458 0.43725701875 0.7224570484374999 0.44379636875 0.6852626890625 0.43941518281249997 0.6265870312499999 0.46076538125 0.644021165625 0.47289042343750004 0.68987385 0.47561947499999996 0.7016277796875 0.4738181234375 0.6885698046875001 0.46703874218749997 0.69471403125 0.46056859218749996 0.735027503125 0.46788643125 0.7504585734375 0.46096864687499994 0.7522501390625 0.4522387
2 0.5627720968750001 0.8645334281249999 0.5695213453125 0.8561819187499999 0.525295734375 0.8231218796875 0.4862393015625 0.8182130453124999 0.4683646421875 0.8295704078125 0.4429477140625 0.8264737343749999 0.433707871875 0.83309309375 0.44935044218750003 0.8539480812500001 0.44390523593750003 0.870880328125 0.45449612500000003 0.8790134249999999 0.4972296890625 0.8788058234375 0.5193865062499999 0.8604506640625 0.537402165625 0.8676084812499999 0.5627720968750001 0.8645334281249999
2 0.2232527265625 0.5240418359375 0.21931708749999998 0.49521377343750006 0.22981397499999998 0.4910034171875 0.2763656765625 0.5041945609375 0.2920552453125 0.531221271875 0.306951790625 0.5354424375 0.3209848125 0.50760046875 0.33888296875 0.49932896875 0.31523410625000003 0.4844164859375 0.3082968546875 0.46808108906249996 0.2450805390625 0.4624845875 0.23525917812500002 0.4740711734375 0.228415928125 0.4700792296875 0.209912746875 0.48023209062500005 0.216802996875 0.49039576250000005 0.2118923171875 0.496189053125 0.175931496875 0.4911310078125 0.16746117968750002 0.517470053125 0.1836382703125 0.5271860875 0.2232527265625 0.5240418359375
1 0.4029153890625 0.205447503125 0.4327554765625 0.22006156093749998 0.4451144328125 0.21637885156249997 0.43822418281250003 0.20621517968749997 0.4455784546875 0.195982309375 0.4616850453125 0.1964407546875 0.46463965937499996 0.1777763640625 0.4155738609375 0.1597672078125 0.42036704374999995 0.1385445984375 0.3308057484375 0.1706445046875 0.30103616093749996 0.1652880375 0.313677115625 0.1986356875 0.32552504843749996 0.20917779374999998 0.29768802656250004 0.21360656093750002 0.31079300625 0.22655767187500003 0.3299952078125 0.22686690625 0.3100939828125 0.21609557812500002 0.3559936640625 0.22499635625 0.3720532515625 0.21928307187499999 0.427310271875 0.23699380468750003 0.45640434062499996 0.23497404375 0.3974231828125 0.2162080203125 0.3943510703125 0.2194430953125 0.40987613749999996 0.224868765625 0.38755481875000003 0.22162287812499998 0.38811284375 0.21356979062499998 0.37752195624999996 0.20543669062499997 0.393581546875 0.1997234125 0.3947445921875 0.1897889609375 0.4058465015625 0.183697246875 0.42016152343749996 0.19288563593750002 0.4065690234375 0.197245203125 0.4029153890625 0.205447503125
1 0.5404559109375 0.29266259843750003 0.5330781375 0.2998096078125 0.5672003875 0.3074258703125 0.5807928859375 0.30306630156250003 0.5870781171874999 0.315111334375 0.59631795625 0.30849197031250003 0.5931518437500001 0.2993835921875 0.5981095234375 0.2997620265625 0.6100749546875 0.32573344843749996 0.617429228125 0.31550057656249997 0.6335593187499999 0.3190448859375 0.6291831609375 0.3136992265625 0.6353508859375 0.3103149421875 0.665143975 0.31875727343750004 0.6853447265625 0.287531015625 0.6572256999999999 0.254929421875 0.6174232484375 0.23338676875000003 0.5895392265625 0.231643809375 0.59147179375 0.24142904375000002 0.5735736328125001 0.24970054375 0.5493667515625 0.24284115 0.5462946343749999 0.24607622343750002 0.559957634375 0.2509742484375 0.5215532265625 0.2503557796875 0.5328666375 0.2720368375 0.52113620625 0.2769240515625 0.5404559109375 0.29266259843750003
1 0.8203886765625 0.290900153125 0.739714725 0.27009274843750003 0.7212115421874999 0.2802456078125 0.7312444078125 0.29643179375 0.7498650890625 0.3017082515625 0.7575483609375 0.3346774671875 0.80037593125 0.34681331875 0.8071486796875 0.3415476734375 0.805098609375 0.3163331203125 0.8131519062500001 0.3165623390625 0.8316080875 0.3002377546875 0.8203886765625 0.290900153125
1 0.8281914953125 1 0.9608449484375001 0.589040346875 0.9812520984375 0.297204503125 0.9808495578124999 0.29736596406250004 0.965347990625 0.295026159375 0.9190312875 0.3126936515625 0.8992005609374999 0.3111799125 0.8479026796875001 0.3253831078125 0.8191786296875 0.294662875 0.7552632890625001 0.2786042796875 0.7402962453125 0.26512552500000003 0.7494890875 0.2523344359375 0.77430099375 0.2573124671875 0.7990189046875 0.2499470484375 0.823272790625 0.262978171875 0.9405360859374999 0.290048125 0.9739123078125 0.28103056875 0.9829835062500001 0.27244423281249996 0.9860570765625001 0.2284901171875 0.97274328125 0.20885120468750001 0.590273284375 0.08405000781250001 0.5462356749999999 0.075676878125 0.3616992796875 0.0105243734375 0.1099577625 0.00319944375 0.0745628671875 0.1113773484375 0.0877116578125 0.1113134734375 0.0727478 0.11702143281249999 0.0691176640625 0.1283095953125 0.0746803703125 0.12680666875 0.0766129375 0.1365919015625 0.0648825078125 0.14147911562499998 0 0.343235834375 0 0.90744355625 0.3253949203125 1 0.8281914953125 1