2 0.0009765640625 0.517578125 0.00390625 0.5673828140625 0.0283203140625 0.560546875 0.033203125 0.5439453140625 0.0146484359375 0.537109375 0.0009765640625 0.517578125
2 0.029296875 0.6103515640625 0.041015625 0.6298828140625 0.052734375 0.6337890640625 0.064453125 0.5986328140625 0.047851564062500004 0.5859375 0.036132814062500004 0.587890625 0.029296875 0.6103515640625
2 0.09375 0.6162109359375 0.08691406406249999 0.609375 0.07421875 0.6494140640625 0.087890625 0.6787109359375 0.10546875 0.6845703140625 0.11328125 0.6787109359375 0.11328125 0.6630859359375 0.09765625 0.6435546859375 0.09375 0.6162109359375
2 0.09472656406249999 0.822265625 0.123046875 0.8251953140625 0.130859375 0.7958984359375 0.1259765640625 0.78515625 0.08984375 0.8115234359375 0.09472656406249999 0.822265625
2 0.201171875 0.9677734359375 0.19921875 0.9970703140625 0.212890625 0.9990234359375 0.220703125 0.9814453140625 0.2197265640625 0.951171875 0.2060546859375 0.955078125 0.201171875 0.9677734359375
2 0.146484375 0.8642578140625 0.1484375 0.8818359359375 0.162109375 0.8896484359375 0.171875 0.8544921859375 0.1630859359375 0.83203125 0.154296875 0.8388671859375 0.146484375 0.8642578140625
2 0.1748046859375 0.908203125 0.154296875 0.9306640640625 0.15625 0.9677734359375 0.177734375 0.9775390640625 0.185546875 0.9697265640625 0.193359375 0.9345703140625 0.1845703140625 0.908203125 0.1748046859375 0.908203125
2 0.296875 0.2529296859375 0.30078125 0.2236328140625 0.2900390640625 0.212890625 0.28515625 0.2412109359375 0.296875 0.2529296859375
2 0.3583984359375 0.333984375 0.3408203140625 0.31640625 0.337890625 0.3388671859375 0.353515625 0.3642578140625 0.37890625 0.3759765640625 0.392578125 0.3662109359375 0.392578125 0.3486328140625 0.3740234359375 0.33203125 0.3583984359375 0.333984375
2 0.3857421859375 0.45703125 0.3642578140625 0.447265625 0.361328125 0.4677734359375 0.380859375 0.4912109359375 0.38671875 0.5087890640625 0.39453125 0.5107421859375 0.412109375 0.4638671859375 0.412109375 0.4482421859375 0.4033203140625 0.443359375 0.3857421859375 0.45703125
2 0.4111328140625 0.5390625 0.3935546859375 0.52734375 0.390625 0.5361328140625 0.400390625 0.5595703140625 0.396484375 0.5810546859375 0.40234375 0.6083984359375 0.41015625 0.6103515640625 0.4375 0.5634765640625 0.439453125 0.5419921859375 0.4365234359375 0.537109375 0.4111328140625 0.5390625
2 0.21875 0.0283203140625 0.234375 0.0537109359375 0.24609375 0.0556640640625 0.251953125 0.041992185937499996 0.2421875 0.0068359359375 0.2353515640625 0.00390625 0.21875 0.0283203140625
2 0.630859375 0.1845703140625 0.638671875 0.1865234359375 0.666015625 0.1513671859375 0.6591796859375 0.1328125 0.63671875 0.1455078140625 0.630859375 0.1845703140625
2 0.623046875 0.0146484359375 0.625 0.038085935937499996 0.61328125 0.0595703140625 0.61328125 0.06738281406249999 0.62109375 0.06933593593750001 0.638671875 0.0576171859375 0.650390625 0.022460935937500003 0.6474609359375 0.013671875 0.623046875 0.0146484359375
2 0.7138671859375 0.287109375 0.708984375 0.2939453140625 0.7109375 0.3212890640625 0.7197265640625 0.337890625 0.734375 0.3388671859375 0.7548828140625 0.328125 0.7578125 0.3173828140625 0.7431640640625 0.314453125 0.7138671859375 0.287109375
2 0.755859375 0.3994140640625 0.7412109359375 0.41015625 0.7255859359375 0.40625 0.72265625 0.4697265640625 0.7373046859375 0.462890625 0.7431640640625 0.474609375 0.75390625 0.4775390640625 0.751953125 0.4951171859375 0.77734375 0.5048828140625 0.783203125 0.4814453140625 0.771484375 0.4736328140625 0.771484375 0.4501953140625 0.755859375 0.3994140640625
2 0.8427734359375 0.6171875 0.8291015640625 0.619140625 0.8232421859375 0.61328125 0.81640625 0.6201171859375 0.81640625 0.6396484359375 0.8232421859375 0.65234375 0.83984375 0.6591796859375 0.8427734359375 0.650390625 0.861328125 0.6435546859375 0.861328125 0.6357421859375 0.8427734359375 0.6171875
2 0.8935546859375 0.755859375 0.869140625 0.7529296859375 0.859375 0.6787109359375 0.8525390640625 0.671875 0.8359375 0.7001953140625 0.845703125 0.7119140640625 0.859375 0.7626953140625 0.869140625 0.7724609359375 0.865234375 0.7978515640625 0.875 0.8173828140625 0.884765625 0.8212890640625 0.88671875 0.8330078140625 0.90625 0.8388671859375 0.912109375 0.7958984359375 0.88671875 0.7939453140625 0.90234375 0.7646484359375 0.8935546859375 0.755859375
2 0.5615234359375 0.841796875 0.5341796859375 0.849609375 0.5166015640625 0.845703125 0.51171875 0.8681640640625 0.517578125 0.8955078140625 0.544921875 0.9033203140625 0.544921875 0.8837890640625 0.5625 0.8681640640625 0.56640625 0.8486328140625 0.5615234359375 0.841796875
2 0.49609375 0.7158203140625 0.486328125 0.7001953140625 0.482421875 0.6728515640625 0.4716796859375 0.6640625 0.462890625 0.6767578140625 0.46484375 0.7021484359375 0.447265625 0.7138671859375 0.447265625 0.7255859359375 0.462890625 0.7412109359375 0.470703125 0.7724609359375 0.470703125 0.8154296859375 0.48046875 0.8251953140625 0.490234375 0.8037109359375 0.48828125 0.7529296859375 0.482421875 0.7412109359375 0.49609375 0.7158203140625