2 0.5594959937499999 0.47979505156249996 0.5770524984375001 0.5065436734375 0.568431059375 0.5221127109375 0.574629384375 0.5279682609374999 0.5986566718749999 0.51956183125 0.6237361531250001 0.5349392015625 0.63345605 0.5151723875 0.6006736421875 0.49621371718749996 0.58549399375 0.476022084375 0.5594959937499999 0.47979505156249996
2 0.1387041484375 0.7758220875 0.1732636046875 0.7514959046875 0.1782297890625 0.7186150984374999 0.1625377640625 0.7194973359375 0.139848859375 0.7436427265625001 0.11610775468750001 0.744004315625 0.11612148124999999 0.7769700828125 0.1387041484375 0.7758220875
2 0.5361422234375001 0.5759932859375 0.54766661875 0.5788731453125 0.5563480359375 0.5682882984375001 0.554257359375 0.5536864609375 0.544057615625 0.53357979375 0.44933311875 0.5549628921875 0.4319103015625 0.5711484062500001 0.41183817500000003 0.6217875312500001 0.3951076765625 0.6318517328125 0.40935508593750003 0.6382279328125 0.4288685796875 0.6366442546875 0.45619123437500003 0.6156444828125001 0.45479287343749997 0.5949213390625 0.482055546875 0.5689373796874999 0.5306362124999999 0.5640164203125 0.5361422234375001 0.5759932859375
2 0.36751256875 0.6938621125 0.3873122453125 0.6842335937499999 0.386712434375 0.6343917421875 0.36366365 0.6286320203125 0.3426455546875 0.63248995 0.288572603125 0.6583998125 0.24421955 0.6645428609375 0.2382611453125 0.6786240484375 0.2556976875 0.6954043046875 0.25819450625 0.7119296671875001 0.287261675 0.7085923843749999 0.2973414546875 0.7187306828125 0.31726108750000004 0.719070534375 0.3329993703125 0.690206715625 0.36751256875 0.6938621125
2 0.8842336062499999 0.3492567984375 0.872649228125 0.341392753125 0.84589893125 0.34630284375 0.8183500828125 0.38033164375 0.8459726375000001 0.3842527953125 0.8813443718749999 0.36377367031249996 0.8842336062499999 0.3492567984375
2 0.9097055046875001 0.33359193125000003 0.919439125 0.346790884375 0.944278684375 0.34223151406249996 0.9620014046875 0.35096692812499997 0.955097034375 0.31826691875 0.9399773687499999 0.3030594734375 0.9192454546875 0.2988725625 0.9090594421875 0.3117316625 0.9097055046875001 0.33359193125000003
2 0.7726261140624999 0.431683078125 0.7824659703125 0.4218846328125 0.8030779234375001 0.41610317343750003 0.8200946 0.39799413125 0.8177177468749999 0.3914371375 0.804628775 0.385847340625 0.764909465625 0.395136009375 0.7454096984375 0.4296854546875 0.7726261140624999 0.431683078125
1 0.8009785984375 0.241656690625 0.8167306015625 0.245758640625 0.8335210859375 0.24067862187500003 0.83762873125 0.2319323421875 0.8507177031250001 0.2375221359375 0.8521023375000001 0.22527951562499998 0.8860894375000001 0.21704301093749997 0.8783265374999999 0.20847752343749998 0.8944247000000001 0.20951881718749998 0.8985323468749999 0.20077253437499998 0.8851572015625001 0.20322758125 0.8727605437499999 0.191516475 0.8597915390624999 0.19589505000000002 0.83101054375 0.191187490625 0.8184476703125 0.197489596875 0.8252183546875 0.1872554703125 0.807961753125 0.1854277703125 0.7984680578125001 0.19216556093749998 0.804846325 0.212973665625 0.7946003312500001 0.22084858437500002 0.7947202921875001 0.23081695156249998 0.8009785984375 0.241656690625
2 0.5655349234375 1 0.5672385796875 0.9958760609375 0.5644555828125 0.9873955390625 0.54273145 0.964409009375 0.5200288234375 0.9555886359375 0.5104751421875 0.9573422390624999 0.5057351578125 0.97719401875 0.4928861109375 0.9915409640625 0.5028473984375 1 0.5655349234375 1
2 0.6132024703125001 0.96446136875 0.6294068687500001 0.94250526875 0.624879353125 0.9163622515625001 0.58782308125 0.9241630703125001 0.5894476375 0.9318571890625 0.6017243296875 0.933599925 0.6023703921875 0.9554601984375 0.6132024703125001 0.96446136875
2 0.7981427562500001 0.8016390390625 0.8154593390624999 0.8084509265625 0.82258990625 0.8281219078125 0.84974634375 0.825135346875 0.8548324859375 0.8022229140625001 0.8143471546875001 0.7796829390625 0.8062980734374999 0.7791622921875 0.79761665625 0.7897471406250001 0.7981427562500001 0.8016390390625
2 0.93996213125 0.6836961171875 0.940142071875 0.6986486734375 0.8926598609375 0.6993718546875 0.8882060562499999 0.71117879375 0.9068610156249999 0.7337296328125 0.8909427921875 0.747640896875 0.85915260625 0.7474818390625 0.8527880640625 0.759639496875 0.8545325828125 0.777301990625 0.8855242171875 0.8065797515625001 0.9035331125000001 0.807270325 0.90949151875 0.7931891359375001 0.9043316671875001 0.778151615625 0.9160222812500001 0.7630182671875 0.939929603125 0.7446434656250001 0.9667998593749999 0.749701746875 0.9878157890624999 0.744608703125 0.988433603125 0.7092141796875 0.9858335078125 0.7082445875000001 0.9660201125000001 0.6849073406249999 0.9517727015625 0.6785311390625 0.93996213125 0.6836961171875
2 0.09862646875 0.34160323125000003 0.076796103125 0.34161410000000003 0.06319475625 0.3570981703125 0.0880943 0.3575229859375 0.09862646875 0.34160323125000003
2 0.145555128125 0.26305661874999997 0.127952371875 0.264289575 0.1232723640625 0.2891255390625 0.08274078124999999 0.2945671453125 0.06444570468750001 0.3019214125 0.0610903515625 0.30953056874999996 0.11395861249999999 0.3108158828125 0.1259491234375 0.320603459375 0.13741353750000002 0.3184991359375 0.156747090625 0.3019629015625 0.153724175 0.27354563593750003 0.145555128125 0.26305661874999997
2 0.257669915625 0.28643535625 0.2801926015625 0.280303175 0.2853987078125 0.2673591125 0.2566177140625 0.2626515546875 0.2336888875 0.2668602046875 0.22460133125 0.2755215203125 0.228888921875 0.281727796875 0.257669915625 0.28643535625
2 0.33240107343749997 0.22676245156250002 0.309758428125 0.22292625937500002 0.30489847812500004 0.2328096671875 0.32430573906250004 0.2542233859375 0.339591625 0.25141761875 0.3704495671875 0.23776124843750002 0.395741525 0.2071438265625 0.3830586921875 0.2034775609375 0.3395179171875 0.21346766874999998 0.33240107343749997 0.22676245156250002
1 0.2805250359375 0.244276753125 0.30877993125000003 0.23709241093750003 0.316302909375 0.225721159375 0.2867558953125 0.1891849578125 0.26110405000000003 0.18989726875 0.24866114375 0.20616774375000002 0.2283953515625 0.20888855 0.2805250359375 0.244276753125
2 0.46352206249999994 0.1427524953125 0.4357195625 0.12387878593749999 0.4257597421875 0.1237088609375 0.421305934375 0.1355157953125 0.42821030625 0.16821580625000002 0.444654628125 0.1661964453125 0.46352206249999994 0.1427524953125
2 0.4707451359375 0.1064603140625 0.4694804640625 0.128671309375 0.489053940625 0.1320718140625 0.531136375 0.0963743765625 0.4866633578125 0.092549053125 0.4707451359375 0.1064603140625
2 0.5866214140625 0.124153425 0.5994242046875 0.1377880609375 0.6114609734374999 0.11959405625 0.596687465625 0.1013259578125 0.5565482953124999 0.0757253234375 0.54624231875 0.0786160546875 0.567514059375 0.1276606328125 0.5866214140625 0.124153425
2 0.6613525734375 0.064480521875 0.6872905921875 0.055723371875000004 0.6920905578125 0.040855778125 0.715019384375 0.0366471296875 0.7171659359375 0.033402540625 0.6332255359375 0.029492953125 0.6432836921875 0.058805762500000004 0.6386036859375 0.08364172656249999 0.657651059375 0.075150334375 0.6613525734375 0.064480521875