2 0.011276260937500001 0.6261322500000001 0.0296858640625 0.6069061296875 0.0308643734375 0.599069765625 0.0193316109375 0.5919165578125 0.004098165625 0.5964722953125 0.0038392203125000002 0.6239907625 0.011276260937500001 0.6261322500000001
2 0.3606387390625 0.598985121875 0.359625384375 0.618621628125 0.3725665484375 0.622858996875 0.3897976453125 0.611469240625 0.4022433453125 0.5803061796875 0.39827709218749996 0.5615352234375 0.3519875078125 0.5791206234375 0.3606387390625 0.598985121875
2 0.77545889375 0.865339278125 0.7551811109375001 0.8776401828125 0.7503019234375 0.8971854921875 0.7658656765625 0.9162300390624999 0.77798769375 0.9194650671875 0.7907637015625 0.9119022953125 0.80379865625 0.876821053125 0.8002921890625 0.867891146875 0.77545889375 0.865339278125
2 0.3145392828125 0.2735008203125 0.3213513890625 0.2540011109375 0.3139434015625 0.2194206328125 0.2821328515625 0.22456833281250002 0.26794844375000004 0.23504694375000001 0.2765349359375 0.2617910578125 0.3145392828125 0.2735008203125
2 0.011704439062499999 0.932844771875 0.0214694390625 0.9517525234375 0.076704884375 0.952072528125 0.0869520953125 0.8903839703124999 0.06919648125 0.8988122921875 0.054882600000000004 0.9230501359375 0.0297546796875 0.92245735625 0.011704439062499999 0.932844771875
2 0.3555322078125 0.3491774265625 0.3528382578125 0.28325149843749997 0.34065150312500003 0.28689608906249997 0.326632246875 0.309174840625 0.3049460625 0.3243915828125 0.30616025156250004 0.3421146 0.3196259359375 0.349313403125 0.3252952140625 0.3632094328125 0.332207734375 0.3623894828125 0.349374096875 0.357879340625 0.3555322078125 0.3491774265625
2 0.723003040625 0.2467648984375 0.69093354375 0.2794310640625 0.6668546625 0.28476115625 0.6584690015625 0.2953765625 0.6830433484375 0.32544689843749997 0.6835031296875 0.33528795312500004 0.6945113765625 0.3394797234375 0.7148538984374999 0.3202992015625 0.7287370515625 0.2537813109375 0.723003040625 0.2467648984375
2 0.9489111593749999 0.1311826359375 0.9633611406249999 0.151183928125 0.9595309875 0.1766521109375 0.9708338624999999 0.1788847890625 0.9855427890625 0.171367615625 0.9894160218750001 0.1456129765625 0.9918630671875001 0.093073934375 0.9853710078125 0.10156910156250001 0.9718405890625 0.10124991406249999 0.9476969703125 0.113459625 0.9489111593749999 0.1311826359375
2 0.43778770937499994 0.8534413859375001 0.4188535875 0.869706071875 0.4339285015625 0.9113485625 0.43429449218749994 0.9605082218750001 0.43656292968750005 0.9605617359374999 0.47549970156250004 0.9573833546875001 0.4775373890625 0.9438339734375001 0.45506111562499996 0.925609375 0.46255626406249994 0.8628728718750001 0.43778770937499994 0.8534413859375001
2 0.044019626562500004 0.756663396875 0.0387097125 0.733928659375 0.011648875 0.7332902828125001 0.0054907640624999995 0.74199219375 0.00241501875 0.7753423374999999 0.0266300015625 0.8142513812500001 0.0564428984375 0.8159377015624999 0.0681698734375 0.8024520562499999 0.059942742187499995 0.7668692328125 0.044019626562500004 0.756663396875
2 0.74144985625 0.8399614765625 0.75275273125 0.8421941546875 0.786094525 0.76237301875 0.768827746875 0.7482033953125 0.7760996328124999 0.738544740625 0.7765237328125 0.7228264171875 0.7562102640624999 0.7095679421875001 0.7326558999999999 0.717859471875 0.7301694109375 0.7472914296875001 0.7424565859375 0.7623266 0.7548732296875 0.7636025328125 0.7397402046875 0.7868380328125 0.7364993046875 0.808388034375 0.74144985625 0.8399614765625
2 0.33084164375 0.44886306718749996 0.344142171875 0.44426172812500003 0.3564293421875 0.4592968953125 0.35558114375 0.49073354374999995 0.3645917359375 0.5017593359375 0.375075465625 0.5029896703125 0.3832312328125 0.4874537390625 0.392364671875 0.426721928125 0.3692344046875 0.4192951296875 0.35868594374999996 0.424944409375 0.343186928125 0.39902024687500004 0.310621965625 0.3962859828125 0.3063967703125 0.4050334953125 0.3147533734375 0.4268570828125 0.3089903046875 0.45227966718749996 0.3130212921875 0.46417100624999996 0.32127747812499996 0.4673148328125 0.33084164375 0.44886306718749996
2 0.38266848593749997 0.7233654031250001 0.374383246875 0.7526605703125 0.381985440625 0.7666021953125 0.3812667140625 0.7842796140625 0.3688210125 0.8154426718750001 0.37819097031250004 0.8176297515625001 0.3965358375 0.8052832499999999 0.4092471125 0.8046000953125001 0.4096712109375 0.7888817703125001 0.4271612546875 0.7499735453125 0.415103971875 0.7398588984375001 0.41523344531250006 0.72609966875 0.43583491093750004 0.679400678125 0.42682432031250006 0.6683748859375 0.39707615937499996 0.6598089500000001 0.36788819687499996 0.6797638234375001 0.3610760921875 0.6992635359375 0.38266848593749997 0.7233654031250001
2 0.25256564843749996 0.079366803125 0.2521415484375 0.0950851265625 0.269343590625 0.1161343640625 0.2840525140625 0.108617190625 0.3042008296875 0.11007551874999999 0.29404741093750003 0.1324454671875 0.269738634375 0.132855034375 0.259096378125 0.1778229234375 0.26066993125 0.18670723125 0.2714482875 0.185978475 0.300506775 0.179782834375 0.314691184375 0.1693042265625 0.32693605 0.1007816453125 0.2992859609375 0.10406144843750001 0.3096692703125 0.08661202812499999 0.31110672500000003 0.051257196875 0.319851746875 0.031803084375 0.31395257656250003 0.012986528124999999 0.293904684375 0.0302079609375 0.2751000328125 0.032713409375 0.272778696875 0.073945515625 0.25256564843749996 0.079366803125
2 0.6778827875 0.4629480390625 0.7061578109375 0.48130943281249994 0.6975779453125 0.5125636874999999 0.7007897890625 0.52345268125 0.7142554703124999 0.530651484375 0.7125233875 0.5679654109375 0.7274688328125001 0.62336713125 0.721116509375 0.6527078921875 0.7301918390625 0.6568540656249999 0.7432624734375 0.6473322046875001 0.7484362890625 0.6258278015625 0.7787023421875 0.579356803125 0.730178584375 0.540857328125 0.7399369609375 0.5017667078125 0.735381453125 0.48691393125 0.7180499390625 0.479623928125 0.7294466046875 0.44253800156249995 0.71440736875 0.4264548890625 0.7183669953125 0.387227475 0.6830499765625 0.38344526874999996 0.6778827875 0.4629480390625
2 0.6393745921875 0 0.637604509375 0.0471631734375 0.6267614171875 0.054771546875 0.6174271421874999 0.078143840625 0.62286653125 0.0871193421875 0.6407872984375 0.0904911625 0.6385016453125 0.15728264375 0.6575071328125001 0.192136709375 0.67185669375 0.1934582453125 0.6919693265625 0.16935719375 0.70163390625 0.1695851859375 0.7158183171875 0.1591065765625 0.721746540625 0.1454841359375 0.7147336 0.12762432968749998 0.716630834375 0.10211054687500001 0.70316515625 0.09491174531249999 0.684360503125 0.09741719531250001 0.6932349984374999 0.0642038515625 0.6790796453125 0.042243465625 0.6831745515625001 0 0.6393745921875 0