2 0.1767578140625 0.857421875 0.171875 0.8623046859375 0.173828125 0.9130859359375 0.181640625 0.9208984359375 0.189453125 0.9052734359375 0.205078125 0.8935546859375 0.1953125 0.8740234359375 0.1767578140625 0.857421875
2 0.111328125 0.6806640640625 0.109375 0.7138671859375 0.1015625 0.7275390640625 0.1015625 0.7490234359375 0.11328125 0.7568359359375 0.125 0.7431640640625 0.1328125 0.7041015640625 0.1259765640625 0.669921875 0.111328125 0.6806640640625
2 0.1318359359375 0.744140625 0.126953125 0.7568359359375 0.13671875 0.7802734359375 0.13671875 0.8427734359375 0.14453125 0.8447265640625 0.162109375 0.8076171859375 0.15625 0.7919921859375 0.162109375 0.7626953140625 0.1318359359375 0.744140625
2 0.341796875 0.5224609359375 0.34765625 0.5263671859375 0.35546875 0.5185546859375 0.3505859359375 0.494140625 0.33984375 0.4990234359375 0.341796875 0.5224609359375
2 0.349609375 0.5732421859375 0.3671875 0.5791015640625 0.369140625 0.5634765640625 0.3564453140625 0.55078125 0.349609375 0.5576171859375 0.349609375 0.5732421859375
2 0.2646484359375 0.189453125 0.25390625 0.1943359359375 0.251953125 0.2080078140625 0.2421875 0.2138671859375 0.24609375 0.2216796859375 0.2490234359375 0.212890625 0.265625 0.2158203140625 0.26953125 0.2041015640625 0.2646484359375 0.189453125
2 0.267578125 0.2568359359375 0.26953125 0.2861328140625 0.28125 0.2958984359375 0.287109375 0.2900390640625 0.287109375 0.2724609359375 0.2724609359375 0.251953125 0.267578125 0.2568359359375
2 0.310546875 0.4833984359375 0.322265625 0.4873046859375 0.3359375 0.4619140640625 0.328125 0.4365234359375 0.3173828140625 0.4296875 0.310546875 0.4833984359375
2 0.30859375 0.3564453140625 0.30859375 0.3251953140625 0.2783203140625 0.3203125 0.271484375 0.3427734359375 0.30859375 0.3564453140625
2 0.4228515640625 0.732421875 0.412109375 0.7353515640625 0.3984375 0.7666015640625 0.3984375 0.7880859359375 0.408203125 0.7958984359375 0.419921875 0.7724609359375 0.439453125 0.7607421859375 0.4375 0.7451171859375 0.4228515640625 0.732421875
2 0.46875 0.8525390640625 0.4580078140625 0.8359375 0.4375 0.8466796859375 0.427734375 0.8857421859375 0.4296875 0.9013671859375 0.4375 0.9013671859375 0.4521484359375 0.8828125 0.4599609359375 0.890625 0.46875 0.8857421859375 0.46875 0.8525390640625
2 0.3662109359375 0.609375 0.36328125 0.6259765640625 0.380859375 0.6533203140625 0.384765625 0.6787109359375 0.39453125 0.6865234359375 0.404296875 0.6669921859375 0.3984375 0.6181640640625 0.3896484359375 0.607421875 0.3662109359375 0.609375
2 0.4521484359375 0.92578125 0.44921875 0.9462890640625 0.462890625 0.9580078140625 0.470703125 0.9931640640625 0.4775390640625 1 0.50390625 0.9990234359375 0.49609375 0.9189453140625 0.4873046859375 0.91796875 0.4794921859375 0.92578125 0.4521484359375 0.92578125
2 0.919921875 0.3662109359375 0.923828125 0.3212890640625 0.9150390640625 0.310546875 0.90234375 0.3544921859375 0.919921875 0.3662109359375
2 0.9296875 0.3896484359375 0.9462890640625 0.39453125 0.966796875 0.4130859359375 0.966796875 0.3505859359375 0.9599609359375 0.345703125 0.9296875 0.3642578140625 0.9296875 0.3896484359375
2 0.908203125 0.2138671859375 0.90625 0.1884765640625 0.8818359359375 0.177734375 0.876953125 0.2099609359375 0.908203125 0.2138671859375
2 0.8291015640625 0 0.82421875 0.0126953140625 0.83203125 0.0302734359375 0.826171875 0.047851564062500004 0.830078125 0.0595703140625 0.841796875 0.06738281406249999 0.830078125 0.09277343593750001 0.8408203140625 0.103515625 0.84765625 0.10253906406249999 0.865234375 0.0517578140625 0.849609375 0.047851564062500004 0.84375 0.0048828140625 0.8291015640625 0
2 0.623046875 0.3974609359375 0.6171875 0.3798828140625 0.615234375 0.3583984359375 0.625 0.3525390640625 0.623046875 0.3369140640625 0.6005859359375 0.31640625 0.58984375 0.3330078140625 0.599609375 0.3408203140625 0.60546875 0.3623046859375 0.6015625 0.4404296859375 0.611328125 0.4423828140625 0.6201171859375 0.427734375 0.63671875 0.4208984359375 0.638671875 0.4091796859375 0.623046875 0.3974609359375
2 0.546875 0.2275390640625 0.5576171859375 0.244140625 0.56640625 0.2451171859375 0.56640625 0.2099609359375 0.5517578140625 0.20703125 0.544921875 0.2158203140625 0.546875 0.2275390640625
2 0.525390625 0.1630859359375 0.5400390640625 0.173828125 0.55078125 0.1728515640625 0.55078125 0.1552734359375 0.5361328140625 0.140625 0.525390625 0.1513671859375 0.525390625 0.1630859359375
2 0.65625 0.6025390640625 0.66796875 0.6201171859375 0.671875 0.6552734359375 0.677734375 0.6591796859375 0.68359375 0.6416015640625 0.677734375 0.6025390640625 0.6611328140625 0.59375 0.65625 0.6025390640625
2 0.71484375 0.6806640640625 0.720703125 0.6396484359375 0.7119140640625 0.62109375 0.697265625 0.6572265640625 0.71484375 0.6806640640625
2 0.708984375 0.7470703140625 0.724609375 0.7294921859375 0.7236328140625 0.71484375 0.701171875 0.7158203140625 0.708984375 0.7470703140625
2 0.751953125 0.7919921859375 0.751953125 0.7763671859375 0.7392578140625 0.75390625 0.734375 0.7841796859375 0.751953125 0.7919921859375
2 0.76171875 0.8818359359375 0.7578125 0.9228515640625 0.7685546859375 0.9375 0.78125 0.9404296859375 0.76953125 0.8662109359375 0.7470703140625 0.8515625 0.734375 0.8740234359375 0.76171875 0.8818359359375