2 0.033203125 0.1865234359375 0.024414064062499997 0.171875 0.0009765640625 0.16796875 0 0.2490234359375 0.013671875 0.2490234359375 0.013671875 0.2177734359375 0.020507814062499997 0.208984375 0.02734375 0.2119140640625 0.033203125 0.1865234359375
2 0.2822265640625 0.796875 0.28125 0.7880859359375 0.2724609359375 0.787109375 0.2744140640625 0.80078125 0.2890625 0.8017578140625 0.291015625 0.8212890640625 0.259765625 0.8525390640625 0.2724609359375 0.8671875 0.2958984359375 0.85546875 0.3076171859375 0.873046875 0.314453125 0.8720703140625 0.322265625 0.8486328140625 0.306640625 0.8193359359375 0.3046875 0.7998046859375 0.2822265640625 0.796875
2 0.08203125 0.2353515640625 0.07519531406249999 0.2265625 0.0595703140625 0.2265625 0.043945314062500004 0.20703125 0.036132814062500004 0.20703125 0.044921875 0.2490234359375 0.03515625 0.2568359359375 0.03515625 0.2861328140625 0.0537109359375 0.302734375 0.060546875 0.3017578140625 0.076171875 0.2802734359375 0.05859375 0.2529296859375 0.07324218593750001 0.248046875 0.08203125 0.2353515640625
2 0.020507814062499997 0.9140625 0.005859375 0.9541015640625 0.0146484359375 0.96484375 0.033203125 0.9560546859375 0.032226564062500004 0.9921875 0.047851564062500004 0.982421875 0.0537109359375 0.9921875 0.068359375 0.9931640640625 0.0703125 0.9853515640625 0.056640625 0.9716796859375 0.056640625 0.9091796859375 0.020507814062499997 0.9140625
2 0.3525390640625 0.91015625 0.3427734359375 0.908203125 0.310546875 0.9658203140625 0.310546875 0.9794921859375 0.3330078140625 1 0.359375 0.9990234359375 0.357421875 0.9658203140625 0.3671875 0.9541015640625 0.37109375 0.9306640640625 0.3525390640625 0.91015625
2 0.138671875 0.3876953140625 0.1318359359375 0.380859375 0.11230468593750001 0.380859375 0.08691406406249999 0.361328125 0.076171875 0.3701171859375 0.076171875 0.3818359359375 0.1015625 0.4208984359375 0.09375 0.4365234359375 0.099609375 0.4716796859375 0.11035156406249999 0.482421875 0.12109375 0.4814453140625 0.126953125 0.4384765640625 0.146484375 0.4287109359375 0.130859375 0.4111328140625 0.138671875 0.3876953140625
2 0.236328125 0.7216796859375 0.248046875 0.7119140640625 0.259765625 0.6806640640625 0.2255859359375 0.6484375 0.2060546859375 0.658203125 0.189453125 0.6533203140625 0.18359375 0.6396484359375 0.2001953140625 0.638671875 0.21484375 0.6240234359375 0.208984375 0.5908203140625 0.212890625 0.5712890640625 0.203125 0.5458984359375 0.1728515640625 0.513671875 0.166015625 0.5166015640625 0.171875 0.5283203140625 0.138671875 0.5498046859375 0.142578125 0.5634765640625 0.15625 0.5751953140625 0.162109375 0.5927734359375 0.16015625 0.6181640640625 0.171875 0.6318359359375 0.1591796859375 0.630859375 0.140625 0.6435546859375 0.15234375 0.6572265640625 0.14453125 0.6826171859375 0.1494140640625 0.701171875 0.1591796859375 0.701171875 0.1748046859375 0.6875 0.1875 0.6884765640625 0.1875 0.7060546859375 0.171875 0.7119140640625 0.15625 0.7431640640625 0.1572265640625 0.75390625 0.1796875 0.7548828140625 0.1923828140625 0.73046875 0.2041015640625 0.75 0.2333984359375 0.748046875 0.236328125 0.7216796859375
2 0.58203125 0.8427734359375 0.5888671859375 0.85546875 0.603515625 0.8564453140625 0.611328125 0.8349609359375 0.6005859359375 0.826171875 0.5869140640625 0.83203125 0.58203125 0.8427734359375
2 0.638671875 0.9990234359375 0.6640625 0.9990234359375 0.66015625 0.9794921859375 0.6455078140625 0.966796875 0.63671875 0.9755859359375 0.638671875 0.9990234359375
2 0.4462890640625 0.44921875 0.466796875 0.4580078140625 0.466796875 0.4228515640625 0.4521484359375 0.412109375 0.439453125 0.4365234359375 0.4462890640625 0.44921875
2 0.5556640640625 0.779296875 0.5791015640625 0.802734375 0.5859375 0.8017578140625 0.58203125 0.7763671859375 0.5458984359375 0.7421875 0.541015625 0.7841796859375 0.5556640640625 0.779296875
2 0.4287109359375 0.28125 0.416015625 0.3349609359375 0.42578125 0.3388671859375 0.4326171859375 0.357421875 0.439453125 0.3564453140625 0.44140625 0.3349609359375 0.453125 0.3291015640625 0.455078125 0.3173828140625 0.4287109359375 0.28125
2 0.34765625 0.08300781406249999 0.349609375 0.040039064062500004 0.333984375 0.010742185937499999 0.3232421859375 0.00390625 0.3046875 0.0146484359375 0.30078125 0.036132814062500004 0.306640625 0.0615234359375 0.29296875 0.08691406406249999 0.298828125 0.09472656406249999 0.31640625 0.09277343593750001 0.3193359359375 0.0703125 0.3369140640625 0.0859375 0.34765625 0.08300781406249999
2 0.541015625 0.6025390640625 0.5244140640625 0.587890625 0.51171875 0.5888671859375 0.515625 0.5576171859375 0.5087890640625 0.548828125 0.4990234359375 0.548828125 0.486328125 0.5576171859375 0.486328125 0.5771484359375 0.494140625 0.5947265640625 0.513671875 0.6103515640625 0.509765625 0.6318359359375 0.51953125 0.6572265640625 0.515625 0.6865234359375 0.525390625 0.6904296859375 0.54296875 0.6845703140625 0.54296875 0.6650390640625 0.53515625 0.6533203140625 0.541015625 0.6025390640625
2 0.390625 0.1552734359375 0.3779296859375 0.15625 0.375 0.1728515640625 0.3603515640625 0.173828125 0.353515625 0.1884765640625 0.365234375 0.2041015640625 0.36328125 0.2294921859375 0.384765625 0.2373046859375 0.388671875 0.2646484359375 0.3994140640625 0.26171875 0.4130859359375 0.27734375 0.421875 0.2763671859375 0.431640625 0.1591796859375 0.4091796859375 0.16015625 0.3955078140625 0.1328125 0.390625 0.1552734359375
2 0.80859375 0.5302734359375 0.81640625 0.5322265640625 0.828125 0.5263671859375 0.8173828140625 0.486328125 0.80859375 0.4970703140625 0.80859375 0.5302734359375
2 0.83984375 0.6376953140625 0.8623046859375 0.658203125 0.869140625 0.6572265640625 0.869140625 0.6279296859375 0.8603515640625 0.62109375 0.8447265640625 0.623046875 0.83984375 0.6376953140625
2 0.783203125 0.4228515640625 0.78125 0.4462890640625 0.806640625 0.4599609359375 0.8046875 0.4404296859375 0.814453125 0.4248046859375 0.7978515640625 0.4140625 0.783203125 0.4228515640625
2 0.7587890640625 0.310546875 0.748046875 0.3212890640625 0.755859375 0.3408203140625 0.76953125 0.3427734359375 0.7822265640625 0.337890625 0.791015625 0.3212890640625 0.7841796859375 0.314453125 0.7587890640625 0.310546875
2 0.8798828140625 0.73046875 0.865234375 0.7509765640625 0.87109375 0.7783203140625 0.8828125 0.7802734359375 0.900390625 0.7509765640625 0.8984375 0.7373046859375 0.8896484359375 0.73046875 0.8798828140625 0.73046875
2 0.876953125 0.8291015640625 0.8798828140625 0.857421875 0.9072265640625 0.853515625 0.9111328140625 0.859375 0.921875 0.8583984359375 0.9296875 0.8310546859375 0.9150390640625 0.81640625 0.8974609359375 0.814453125 0.876953125 0.8291015640625
2 0.9560546859375 0.943359375 0.9501953140625 0.93359375 0.935546875 0.9423828140625 0.927734375 0.9580078140625 0.9296875 0.9931640640625 0.9365234359375 1 0.970703125 0.9990234359375 0.96875 0.9814453140625 0.953125 0.9716796859375 0.962890625 0.9384765640625 0.9560546859375 0.943359375
2 0.7431640640625 0.072265625 0.7333984359375 0.087890625 0.71875 0.08691406406249999 0.712890625 0.07128906406249999 0.71875 0.043945314062500004 0.7109375 0.032226564062500004 0.7109375 0.010742185937499999 0.6982421859375 0.001953125 0.6875 0.0126953140625 0.681640625 0.0556640640625 0.66796875 0.06542968593750001 0.671875 0.10839843593750001 0.6845703140625 0.115234375 0.6923828140625 0.10546875 0.7138671859375 0.109375 0.7197265640625 0.099609375 0.72265625 0.12402343593750001 0.7392578140625 0.126953125 0.7490234359375 0.146484375 0.763671875 0.1494140640625 0.76953125 0.1318359359375 0.7578125 0.11035156406249999 0.751953125 0.07519531406249999 0.7431640640625 0.072265625