2 0.480296928125 0.8735564281249999 0.48619439375000006 0.8864238390624999 0.496983375 0.8872045796875 0.4953648609375 0.8661160921875 0.480296928125 0.8735564281249999
2 0.8302404328125 0.4431971328125 0.8505932671875 0.45248979375 0.8580311390625001 0.4368552015625 0.8500947921875 0.4305937390625 0.8427620156250001 0.43930472187499997 0.8359457046875001 0.43223569375000004 0.8302404328125 0.4431971328125
2 0.06913256875 0.9765619890625 0.09671309375 0.9840672749999999 0.09438592343749999 0.95492995 0.081050584375 0.95769713125 0.06913256875 0.9765619890625
2 0.080338653125 0.53022073125 0.0689371078125 0.533305578125 0.0665919421875 0.54184431875 0.100175021875 0.5552934078125 0.1172818421875 0.541247125 0.10385040781249999 0.53209988125 0.09265005312499999 0.5401755421875001 0.080338653125 0.53022073125
2 0.5116456640625 0.4503550515625 0.4981091359375 0.44813141874999995 0.4924038640625 0.45909285781250003 0.5048113578125 0.4809620921875 0.52974943125 0.480100878125 0.5301608046874999 0.4712444765625 0.517438034375 0.47014606875 0.5116456640625 0.4503550515625
2 0.3892857390625 0.9032260000000001 0.3861358203125 0.8918014781249999 0.3638491921875 0.8821911546875001 0.346138803125 0.8812649921875 0.34460739218750003 0.8909289609375 0.36069027187499997 0.88960466875 0.3593600515625 0.90425945 0.36637755312500003 0.916319296875 0.3892857390625 0.9032260000000001
2 0.36769223906250004 0.0816474203125 0.3537443359375 0.0882801921875 0.35078660625 0.1006845203125 0.37734319374999997 0.1209117984375 0.3870121375 0.12250010625 0.393837446875 0.1107311046875 0.3890600203125 0.0970561265625 0.36769223906250004 0.0816474203125
2 0.1115373140625 0.2081331359375 0.1364753890625 0.207271925 0.13699185625000002 0.1914919140625 0.11216787343750001 0.16659147968750002 0.0768431953125 0.1766535796875 0.0497701421875 0.17220631250000001 0.046611226562500004 0.1796198265625 0.0914907625 0.1969076796875 0.10563985000000001 0.195265725 0.1115373140625 0.2081331359375
2 0.590829203125 0.8897303593749999 0.6083384015625 0.8856657046875 0.5832081359375 0.86269806875 0.5580688765625 0.8585684656250001 0.5375058546875 0.863123021875 0.551435759375 0.894166321875 0.5684284875000001 0.905881678125 0.5784037203125 0.9055371937500001 0.590829203125 0.8897303593749999
2 0.8127524968750001 0.8290132796874999 0.82019036875 0.8133786859375001 0.8053416125 0.7881337703125 0.7937388765625 0.7862277984375 0.7713381609375001 0.80237911875 0.7311309625 0.8056898515625001 0.7237981859375 0.8144008359375 0.7625700671875 0.832668496875 0.7773317234375 0.8271609546875001 0.8127524968750001 0.8290132796874999
2 0.20950343437500002 0.9609500093750001 0.20747355 0.9487179234375 0.179700834375 0.917383784375 0.1320647609375 0.917491075 0.12055811875 0.9274995296874999 0.1270681484375 0.9365013515625 0.18039150312500002 0.9631086890624999 0.2013569015625 0.9685357625 0.20950343437500002 0.9609500093750001
2 0.25611230156250003 0.5541371421875 0.23119222343749998 0.5173222890625 0.217961975 0.5131658609375 0.17102556875 0.5401600234374999 0.1703079125 0.5509492218750001 0.179058009375 0.5583359109375 0.22964281562500002 0.564662325 0.2434856265625 0.564953165625 0.25611230156250003 0.5541371421875
2 0.4888123109375 0.09361127968750001 0.49654746875000005 0.094881928125 0.509681615625 0.0871239296875 0.5393010171875 0.08802326875000001 0.5653681234375 0.067516459375 0.557029396875 0.05127336406250001 0.52019241875 0.039417825000000004 0.5189422046875001 0.0393230890625 0.503898240625 0.0484948765625 0.4806927671875 0.044682934375 0.47477730625000003 0.06949159218749999 0.4888123109375 0.09361127968750001