2 0.763671875 0.6552734359375 0.765625 0.6435546859375 0.7568359359375 0.638671875 0.755859375 0.6533203140625 0.763671875 0.6552734359375
2 0.015625 0.4091796859375 0.0126953140625 0.384765625 0.005859375 0.3916015640625 0.009765625 0.4072265640625 0.015625 0.4091796859375
2 0.375 0.4521484359375 0.375 0.4404296859375 0.3642578140625 0.4375 0.36328125 0.4501953140625 0.375 0.4521484359375
2 0.404296875 0.4853515640625 0.40625 0.4697265640625 0.3974609359375 0.46484375 0.390625 0.4833984359375 0.404296875 0.4853515640625
2 0.7646484359375 1 0.7705078140625 0.9921875 0.775390625 0.9990234359375 0.78125 0.9892578140625 0.7783203140625 0.970703125 0.76171875 0.9951171859375 0.7646484359375 1
2 0.94921875 0.1943359359375 0.953125 0.2080078140625 0.9638671859375 0.20703125 0.966796875 0.2001953140625 0.9599609359375 0.18359375 0.94921875 0.1943359359375
2 0.8369140640625 0.875 0.8359375 0.8974609359375 0.853515625 0.9033203140625 0.861328125 0.8955078140625 0.859375 0.8837890640625 0.8544921859375 0.876953125 0.8369140640625 0.875
2 0.3359375 0.3427734359375 0.345703125 0.3447265640625 0.353515625 0.3427734359375 0.353515625 0.3134765640625 0.3369140640625 0.306640625 0.3359375 0.3427734359375
2 0.96484375 0.2490234359375 0.9765625 0.2509765640625 0.990234375 0.2373046859375 0.9833984359375 0.212890625 0.966796875 0.2275390640625 0.96484375 0.2490234359375
2 0.091796875 0.7001953140625 0.09472656406249999 0.705078125 0.1171875 0.7041015640625 0.123046875 0.6982421859375 0.12109375 0.6826171859375 0.10644531406249999 0.66796875 0.091796875 0.7001953140625
2 0.0546875 0.5400390640625 0.064453125 0.5537109359375 0.05859375 0.5751953140625 0.06640625 0.5791015640625 0.0859375 0.5595703140625 0.083984375 0.5458984359375 0.07128906406249999 0.529296875 0.0546875 0.5400390640625
2 0.794921875 0.7197265640625 0.7861328140625 0.708984375 0.775390625 0.7236328140625 0.779296875 0.7646484359375 0.798828125 0.7685546859375 0.80859375 0.7958984359375 0.814453125 0.7880859359375 0.810546875 0.7412109359375 0.794921875 0.7412109359375 0.794921875 0.7197265640625