2 0.7025448234375 0.49929722343750005 0.7182915828125 0.5007092281250001 0.720766146875 0.4819239515625 0.7121734796875 0.483211553125 0.7025448234375 0.49929722343750005
2 0.546674521875 0.191859415625 0.558796221875 0.1953676578125 0.5675809421875 0.180295896875 0.5468665765625 0.17807525468750002 0.546674521875 0.191859415625
2 0.7352276140625 0.49617463281249996 0.756785915625 0.497381365625 0.759759090625 0.48251487187500003 0.7470427546875 0.48197993125 0.7352276140625 0.49617463281249996
2 0.3553330578125 0.28620258125000003 0.3341200828125 0.28006315625 0.3240888421875 0.2853379609375 0.324491425 0.29614882656249997 0.350173396875 0.2991781046875 0.3553330578125 0.28620258125000003
2 0.6918486640625 0.15524055 0.711776340625 0.1742186515625 0.7253366171875 0.1737396875 0.7510573625 0.1541333328125 0.7475283265625 0.1493374875 0.7046610203125 0.1488834109375 0.6918486640625 0.15524055
2 0.84373009375 0.431328096875 0.8178560703125 0.44208298125 0.7965470640625 0.4428356390625 0.788453009375 0.448042025 0.7902941640625001 0.4548656796875 0.8372851390625 0.4571423 0.8484096203125 0.45281297656249997 0.8550078546875 0.43585024375000003 0.84373009375 0.431328096875
2 0.46055580625000003 0.218519590625 0.447244840625 0.2209579453125 0.44630487343749997 0.228863934375 0.456048034375 0.244265371875 0.49429306406249995 0.23897812031250001 0.5040750015625 0.23174391875000003 0.492049325 0.2213435984375 0.46055580625000003 0.218519590625
2 0.758289 0.111561665625 0.70836363125 0.101515903125 0.7099167046875 0.12901580625 0.7145389828125001 0.13475713125 0.7339108015625 0.1340728984375 0.760283434375 0.1272367953125 0.7659417046875 0.11818005312499999 0.758289 0.111561665625
2 0.843371728125 0.0996995625 0.837310878125 0.0979454375 0.8415305703125 0.092875903125 0.8548987921875 0.1061811015625 0.8843667296875 0.0773720625 0.8538119640625 0.07469886718749999 0.854189653125 0.077667290625 0.8321899921875 0.08828533125 0.8333404890624999 0.1049743671875 0.843371728125 0.0996995625
2 0.1879284296875 0.36985928125 0.1927427625 0.36181644375 0.2268641234375 0.3547066484375 0.2535433109375 0.3655734921875 0.26163737187499997 0.360367109375 0.2601415453125 0.3486107625 0.24274568125 0.3265909375 0.226998921875 0.32517893125 0.21180802187499997 0.343429265625 0.1798731484375 0.3524300296875 0.1699951890625 0.366556309375 0.1879284296875 0.36985928125
2 0.19663016093750002 0.6982408234374999 0.22643580000000002 0.7030926453124999 0.2374070046875 0.6899118484375 0.23372469375 0.6762645359375 0.257604284375 0.6498345171875 0.2388270984375 0.6475454546875 0.2083880515625 0.668302565625 0.163832865625 0.66987630625 0.1591718171875 0.686770615625 0.130765978125 0.7005672203125 0.1283874390625 0.7124604156250001 0.19663016093750002 0.6982408234374999
2 0.687405734375 0.83147314375 0.6864085171875 0.8236355796874999 0.632762059375 0.8225781390625 0.6131981859375 0.8370465359375 0.61057034375 0.8469803406249999 0.6604957203125 0.8570261 0.6598438328125 0.8442558453125001 0.6778731046875001 0.8406667359375 0.687405734375 0.83147314375
2 0.8495546718749999 0.7676840515625 0.8706143718750001 0.7649720015625 0.8793030625 0.75679231875 0.89698700625 0.7581359 0.9007080890625 0.7491475796875 0.8724370453124999 0.733416471875 0.83862224375 0.7582292125000001 0.8141867890625001 0.7649968921875 0.8014316812500001 0.7870975828125 0.83704886875 0.7917441359375 0.8495546718749999 0.7676840515625
0 0.1964141875 0.9718278343750001 0.2190269625 0.9966156859374999 0.23511905 0.993095 0.22809975468750002 0.9608676781250001 0.2131009078125 0.9653338484375 0.198792725 0.959934640625 0.1964141875 0.9718278343750001
0 0.5565213046874999 0.835112034375 0.5612008312500001 0.8565969140625 0.5809567546875 0.8283443546875 0.596454209375 0.8277969687500001 0.611549084375 0.8164387171874999 0.5663420109375 0.8052422 0.555160278125 0.7938279703125 0.5484087671875 0.801939228125 0.53375525 0.8014727078125 0.5495592625 0.81862826875 0.534962996875 0.8339053 0.5565213046874999 0.835112034375