2 0.0537109359375 0.263671875 0.048828125 0.2802734359375 0.0625 0.2958984359375 0.064453125 0.3232421859375 0.08984375 0.3642578140625 0.09765625 0.3544921859375 0.087890625 0.3134765640625 0.06640625 0.2685546859375 0.0537109359375 0.263671875
2 0 0.12011718593750001 0.005859375 0.12011718593750001 0.01953125 0.11035156406249999 0.01953125 0.10253906406249999 0.0009765640625 0.087890625 0 0.12011718593750001
2 0.119140625 0.4873046859375 0.12890625 0.4990234359375 0.13671875 0.4951171859375 0.13671875 0.4873046859375 0.12011718593750001 0.474609375 0.119140625 0.4873046859375
2 0.1796875 0.6357421859375 0.197265625 0.6396484359375 0.203125 0.6181640640625 0.1923828140625 0.609375 0.1796875 0.6259765640625 0.1796875 0.6357421859375
2 0.1328125 0.5419921859375 0.14453125 0.5458984359375 0.158203125 0.5341796859375 0.158203125 0.5263671859375 0.1416015640625 0.513671875 0.1328125 0.5419921859375
2 0.15625 0.5693359359375 0.1796875 0.5869140640625 0.189453125 0.5751953140625 0.1875 0.5615234359375 0.1591796859375 0.544921875 0.15625 0.5693359359375
2 0.2783203140625 0.884765625 0.271484375 0.9033203140625 0.28125 0.9033203140625 0.2783203140625 0.884765625
2 0.2001953140625 0.728515625 0.189453125 0.7431640640625 0.189453125 0.7548828140625 0.205078125 0.7626953140625 0.228515625 0.7548828140625 0.228515625 0.7373046859375 0.2197265640625 0.720703125 0.2001953140625 0.728515625
2 0.208984375 0.8017578140625 0.20703125 0.8134765640625 0.2158203140625 0.82421875 0.23828125 0.8251953140625 0.248046875 0.8193359359375 0.25 0.8017578140625 0.2333984359375 0.78125 0.208984375 0.8017578140625
2 0.271484375 0.8583984359375 0.2548828140625 0.830078125 0.25 0.8310546859375 0.25 0.8447265640625 0.2353515640625 0.8515625 0.2265625 0.8681640640625 0.2265625 0.8837890640625 0.240234375 0.8857421859375 0.2490234359375 0.876953125 0.2626953140625 0.87890625 0.271484375 0.8720703140625 0.271484375 0.8583984359375
2 0.552734375 0.8271484359375 0.5546875 0.8427734359375 0.564453125 0.8642578140625 0.580078125 0.8720703140625 0.583984375 0.8583984359375 0.578125 0.8251953140625 0.5595703140625 0.81640625 0.552734375 0.8271484359375
2 0.578125 0.9033203140625 0.578125 0.9169921859375 0.5966796859375 0.9375 0.603515625 0.9365234359375 0.611328125 0.9267578140625 0.607421875 0.8955078140625 0.5927734359375 0.884765625 0.578125 0.9033203140625
2 0.46484375 0.5458984359375 0.4765625 0.5537109359375 0.484375 0.5478515640625 0.4775390640625 0.529296875 0.46484375 0.5380859359375 0.46484375 0.5458984359375
2 0.521484375 0.6767578140625 0.53125 0.6572265640625 0.5166015640625 0.6484375 0.515625 0.6748046859375 0.521484375 0.6767578140625
2 0.4111328140625 0.341796875 0.3974609359375 0.337890625 0.38671875 0.3525390640625 0.380859375 0.3740234359375 0.388671875 0.3798828140625 0.4111328140625 0.375 0.41796875 0.3662109359375 0.419921875 0.3564453140625 0.4111328140625 0.341796875
2 0.35546875 0.2119140640625 0.361328125 0.2216796859375 0.3720703140625 0.232421875 0.3828125 0.2314453140625 0.384765625 0.2119140640625 0.3681640640625 0.197265625 0.3583984359375 0.19921875 0.35546875 0.2119140640625
2 0.341796875 0.1552734359375 0.3359375 0.1650390640625 0.345703125 0.1787109359375 0.361328125 0.1708984359375 0.3486328140625 0.123046875 0.33984375 0.1318359359375 0.341796875 0.1552734359375
2 0.6953125 0.1513671859375 0.69140625 0.1630859359375 0.69140625 0.1826171859375 0.703125 0.1865234359375 0.71484375 0.1689453140625 0.71484375 0.1494140640625 0.7080078140625 0.14453125 0.6953125 0.1513671859375
2 0.666015625 0.07324218593750001 0.666015625 0.09082031406249999 0.6767578140625 0.103515625 0.68359375 0.10253906406249999 0.689453125 0.0517578140625 0.6611328140625 0.046875 0.658203125 0.06542968593750001 0.666015625 0.07324218593750001
2 0.83984375 0.5751953140625 0.837890625 0.5595703140625 0.8134765640625 0.54296875 0.810546875 0.5693359359375 0.83984375 0.5751953140625
2 0.783203125 0.4560546859375 0.779296875 0.4677734359375 0.798828125 0.4853515640625 0.80078125 0.5009765640625 0.80859375 0.5029296859375 0.818359375 0.4912109359375 0.81640625 0.4638671859375 0.7939453140625 0.44921875 0.783203125 0.4560546859375
2 0.7587890640625 0.341796875 0.7421875 0.3974609359375 0.7548828140625 0.404296875 0.7666015640625 0.390625 0.783203125 0.4072265640625 0.783203125 0.3759765640625 0.771484375 0.3642578140625 0.771484375 0.3466796859375 0.7587890640625 0.341796875
2 0.8828125 0.7568359359375 0.892578125 0.8095703140625 0.900390625 0.8095703140625 0.90234375 0.7705078140625 0.91015625 0.7548828140625 0.9072265640625 0.73828125 0.8828125 0.7568359359375
2 0.8525390640625 0.6328125 0.833984375 0.6455078140625 0.837890625 0.6767578140625 0.849609375 0.6826171859375 0.857421875 0.6748046859375 0.853515625 0.6611328140625 0.861328125 0.6474609359375 0.8525390640625 0.6328125
2 0.978515625 0.1357421859375 0.978515625 0.1455078140625 0.98828125 0.1494140640625 0.998046875 0.12402343593750001 0.9931640640625 0.107421875 0.984375 0.11230468593750001 0.978515625 0.1357421859375
2 0.94140625 0.0517578140625 0.955078125 0.0576171859375 0.95703125 0.0302734359375 0.9521484359375 0.025390625 0.94140625 0.038085935937499996 0.94140625 0.0517578140625
2 0.919921875 0.9169921859375 0.9375 0.9287109359375 0.939453125 0.8955078140625 0.9248046859375 0.8828125 0.91796875 0.8955078140625 0.919921875 0.9169921859375