2 0.392578125 0.5224609359375 0.3603515640625 0.478515625 0.3515625 0.5166015640625 0.361328125 0.5361328140625 0.359375 0.5732421859375 0.3671875 0.5751953140625 0.3818359359375 0.56640625 0.390625 0.5712890640625 0.3984375 0.5419921859375 0.392578125 0.5224609359375
2 0.306640625 0.3505859359375 0.30859375 0.3408203140625 0.3203125 0.3330078140625 0.318359375 0.3193359359375 0.310546875 0.3154296859375 0.310546875 0.2802734359375 0.2880859359375 0.267578125 0.27734375 0.2490234359375 0.2705078140625 0.248046875 0.265625 0.3408203140625 0.294921875 0.3642578140625 0.294921875 0.4208984359375 0.3037109359375 0.427734375 0.333984375 0.4306640640625 0.337890625 0.3603515640625 0.3271484359375 0.357421875 0.3173828140625 0.36328125 0.306640625 0.3505859359375
2 0.4033203140625 0.6328125 0.37109375 0.6533203140625 0.373046875 0.6630859359375 0.3984375 0.6826171859375 0.39453125 0.6884765640625 0.400390625 0.6923828140625 0.40234375 0.6826171859375 0.419921875 0.6669921859375 0.41796875 0.6494140640625 0.4033203140625 0.6328125
2 0.494140625 0.8251953140625 0.46484375 0.8056640640625 0.4765625 0.7744140640625 0.466796875 0.7646484359375 0.4609375 0.7431640640625 0.4248046859375 0.71875 0.423828125 0.7392578140625 0.43359375 0.7470703140625 0.439453125 0.7666015640625 0.427734375 0.7939453140625 0.427734375 0.8115234359375 0.4345703140625 0.818359375 0.4521484359375 0.81640625 0.484375 0.8798828140625 0.5 0.8837890640625 0.5078125 0.8759765640625 0.5078125 0.8564453140625 0.49609375 0.8447265640625 0.494140625 0.8251953140625
2 0.04296875 0.7548828140625 0.037109375 0.7724609359375 0.037109375 0.7861328140625 0.044921875 0.7919921859375 0.056640625 0.7861328140625 0.060546875 0.7744140640625 0.0537109359375 0.751953125 0.04296875 0.7548828140625
2 0 0.7998046859375 0.025390625 0.8037109359375 0.03125 0.7919921859375 0.02734375 0.7802734359375 0.0009765640625 0.7421875 0 0.7998046859375
2 0.072265625 0.9443359359375 0.06640625 0.9814453140625 0.07421875 0.9833984359375 0.1015625 0.9521484359375 0.10058593593750001 0.884765625 0.06640625 0.9306640640625 0.072265625 0.9443359359375
2 0.5537109359375 0 0.544921875 0.010742185937499999 0.54296875 0.020507814062499997 0.5546875 0.040039064062500004 0.572265625 0.045898435937499996 0.5751953140625 0.03515625 0.591796875 0.036132814062500004 0.60546875 0.010742185937499999 0.6044921859375 0 0.5537109359375 0
2 0.7197265640625 0.341796875 0.7021484359375 0.33984375 0.6953125 0.3564453140625 0.6796875 0.3681640640625 0.681640625 0.3857421859375 0.6962890640625 0.396484375 0.7041015640625 0.392578125 0.712890625 0.4111328140625 0.724609375 0.4130859359375 0.732421875 0.4091796859375 0.740234375 0.3759765640625 0.7333984359375 0.33203125 0.7197265640625 0.341796875
2 0.783203125 0.5615234359375 0.77734375 0.4912109359375 0.7568359359375 0.466796875 0.734375 0.5107421859375 0.716796875 0.5244140640625 0.71484375 0.5400390640625 0.7236328140625 0.55078125 0.7421875 0.5537109359375 0.732421875 0.6064453140625 0.7412109359375 0.61328125 0.76171875 0.6123046859375 0.7763671859375 0.59765625 0.7958984359375 0.59765625 0.802734375 0.5849609359375 0.783203125 0.5615234359375
2 0.6787109359375 0.275390625 0.66796875 0.2548828140625 0.654296875 0.2470703140625 0.65625 0.2216796859375 0.6689453140625 0.21875 0.669921875 0.2080078140625 0.685546875 0.2001953140625 0.685546875 0.1728515640625 0.673828125 0.1279296859375 0.6474609359375 0.13671875 0.640625 0.08496093593750001 0.6240234359375 0.083984375 0.61328125 0.06542968593750001 0.5986328140625 0.056640625 0.591796875 0.08691406406249999 0.5703125 0.08886718593750001 0.564453125 0.12011718593750001 0.5810546859375 0.14453125 0.5947265640625 0.154296875 0.6083984359375 0.150390625 0.61328125 0.1591796859375 0.61328125 0.1826171859375 0.623046875 0.2060546859375 0.623046875 0.2587890640625 0.646484375 0.2822265640625 0.625 0.3056640640625 0.623046875 0.3173828140625 0.6337890640625 0.33203125 0.642578125 0.3330078140625 0.6826171859375 0.3203125 0.69921875 0.2998046859375 0.69921875 0.2841796859375 0.6787109359375 0.275390625
2 0.7998046859375 0.7578125 0.79296875 0.7939453140625 0.814453125 0.7958984359375 0.8271484359375 0.79296875 0.828125 0.7841796859375 0.8173828140625 0.767578125 0.7998046859375 0.7578125
2 0.849609375 0.8955078140625 0.857421875 0.8681640640625 0.8388671859375 0.857421875 0.841796875 0.8876953140625 0.849609375 0.8955078140625
1 0.939453125 0.3369140640625 0.9453125 0.3134765640625 0.943359375 0.2939453140625 0.9306640640625 0.298828125 0.92578125 0.2919921859375 0.9189453140625 0.2578125 0.91015625 0.2744140640625 0.89453125 0.2861328140625 0.880859375 0.3232421859375 0.884765625 0.3486328140625 0.865234375 0.3681640640625 0.888671875 0.3994140640625 0.892578125 0.4189453140625 0.89453125 0.4443359359375 0.884765625 0.4814453140625 0.9052734359375 0.462890625 0.9140625 0.4892578140625 0.927734375 0.4931640640625 0.935546875 0.4794921859375 0.931640625 0.4423828140625 0.943359375 0.4208984359375 0.939453125 0.3369140640625
2 0.978515625 0.1513671859375 0.994140625 0.1591796859375 1 0.1572265640625 0.9990234359375 0.130859375 0.9765625 0.1416015640625 0.978515625 0.1513671859375