2 0.049804685937499996 0.462890625 0.046875 0.4873046859375 0.052734375 0.5048828140625 0.046875 0.5224609359375 0.07421875 0.5439453140625 0.08203125 0.5244140640625 0.064453125 0.5068359359375 0.068359375 0.4833984359375 0.049804685937499996 0.462890625
2 0.013671875 0.3173828140625 0.0009765640625 0.26953125 0.00390625 0.3310546859375 0.013671875 0.3173828140625
2 0.255859375 0.07714843593750001 0.267578125 0.08300781406249999 0.2734375 0.07910156406249999 0.271484375 0.0556640640625 0.2548828140625 0.0390625 0.255859375 0.07714843593750001
2 0.326171875 0.2001953140625 0.333984375 0.2509765640625 0.341796875 0.2587890640625 0.349609375 0.2236328140625 0.341796875 0.1865234359375 0.3349609359375 0.18359375 0.326171875 0.2001953140625
2 0.2744140640625 0.103515625 0.26953125 0.1279296859375 0.275390625 0.1494140640625 0.267578125 0.1669921859375 0.2724609359375 0.173828125 0.2822265640625 0.166015625 0.2919921859375 0.16796875 0.31640625 0.1943359359375 0.314453125 0.1669921859375 0.2890625 0.1396484359375 0.28125 0.10644531406249999 0.2744140640625 0.103515625
2 0.3515625 0.3916015640625 0.373046875 0.3994140640625 0.357421875 0.4150390640625 0.35546875 0.4384765640625 0.390625 0.4501953140625 0.390625 0.3876953140625 0.3779296859375 0.36328125 0.3623046859375 0.365234375 0.3515625 0.3916015640625
2 0.419921875 0.5166015640625 0.43359375 0.5576171859375 0.4453125 0.5380859359375 0.447265625 0.5126953140625 0.4423828140625 0.5078125 0.419921875 0.5166015640625
2 0.4541015640625 0.552734375 0.44921875 0.5595703140625 0.453125 0.6357421859375 0.47265625 0.6396484359375 0.478515625 0.6337890640625 0.48046875 0.5986328140625 0.46875 0.5595703140625 0.4541015640625 0.552734375
2 0.5078125 0.7822265640625 0.515625 0.7998046859375 0.533203125 0.8076171859375 0.537109375 0.7763671859375 0.5087890640625 0.728515625 0.50390625 0.7353515640625 0.5078125 0.7822265640625
2 0.60546875 0.9248046859375 0.61328125 0.9033203140625 0.6064453140625 0.89453125 0.568359375 0.9267578140625 0.57421875 0.9697265640625 0.583984375 0.9794921859375 0.5927734359375 0.94921875 0.6025390640625 0.962890625 0.609375 0.9599609359375 0.60546875 0.9248046859375
2 0.232421875 0.8662109359375 0.251953125 0.8994140640625 0.259765625 0.8505859359375 0.2451171859375 0.830078125 0.2373046859375 0.830078125 0.232421875 0.8662109359375
2 0.1640625 0.7900390640625 0.1787109359375 0.8125 0.1875 0.8115234359375 0.1875 0.7744140640625 0.1728515640625 0.767578125 0.1640625 0.7783203140625 0.1640625 0.7900390640625
2 0.279296875 0.9990234359375 0.2705078140625 0.98046875 0.259765625 0.9814453140625 0.2587890640625 1 0.279296875 0.9990234359375
2 0.099609375 0.6259765640625 0.109375 0.6279296859375 0.115234375 0.6220703140625 0.11230468593750001 0.607421875 0.099609375 0.6181640640625 0.099609375 0.6259765640625
2 0.833984375 0.8369140640625 0.84765625 0.8408203140625 0.849609375 0.8193359359375 0.8349609359375 0.80078125 0.828125 0.8095703140625 0.833984375 0.8369140640625
2 0.833984375 0.7333984359375 0.845703125 0.7705078140625 0.861328125 0.7763671859375 0.857421875 0.7158203140625 0.8515625 0.7001953140625 0.8427734359375 0.6953125 0.833984375 0.7333984359375
2 0.853515625 0.8603515640625 0.89453125 0.9072265640625 0.8984375 0.8857421859375 0.892578125 0.8486328140625 0.8544921859375 0.837890625 0.853515625 0.8603515640625
2 0.8046875 0.5947265640625 0.7998046859375 0.587890625 0.78515625 0.6298828140625 0.775390625 0.6376953140625 0.779296875 0.6630859359375 0.79296875 0.6650390640625 0.8037109359375 0.662109375 0.810546875 0.6474609359375 0.802734375 0.6376953140625 0.8046875 0.5947265640625
2 0.6474609359375 0.193359375 0.63671875 0.2138671859375 0.662109375 0.2353515640625 0.673828125 0.2216796859375 0.671875 0.2041015640625 0.6669921859375 0.197265625 0.6474609359375 0.193359375
2 0.625 0.09277343593750001 0.6328125 0.08105468593750001 0.6201171859375 0.056640625 0.6171875 0.08886718593750001 0.625 0.09277343593750001
2 0.947265625 0.1884765640625 0.9609375 0.1923828140625 0.970703125 0.1845703140625 0.970703125 0.1748046859375 0.9560546859375 0.158203125 0.947265625 0.1884765640625
2 0.728515625 0.4658203140625 0.734375 0.4658203140625 0.744140625 0.4560546859375 0.7373046859375 0.4453125 0.728515625 0.4501953140625 0.728515625 0.4658203140625