2 0 0.3720703140625 0.009765625 0.3779296859375 0.0283203140625 0.373046875 0.034179685937499996 0.353515625 0.08203125 0.3427734359375 0.034179685937499996 0.34765625 0.04296875 0.3291015640625 0.0234375 0.3212890640625 0.015625 0.2919921859375 0.0068359359375 0.28515625 0 0.2978515640625 0 0.3720703140625
2 0.095703125 0.4462890640625 0.07910156406249999 0.439453125 0.06933593593750001 0.451171875 0.052734375 0.4560546859375 0.0546875 0.4775390640625 0.048828125 0.4931640640625 0.08984375 0.5224609359375 0.1015625 0.5107421859375 0.099609375 0.4873046859375 0.08984375 0.4814453140625 0.095703125 0.4462890640625
2 0.1728515640625 0.666015625 0.166015625 0.7060546859375 0.16796875 0.7314453140625 0.17578125 0.7373046859375 0.193359375 0.7138671859375 0.193359375 0.7001953140625 0.189453125 0.6806640640625 0.1728515640625 0.666015625
2 0.2119140640625 0.73828125 0.1875 0.7529296859375 0.2109375 0.7919921859375 0.2109375 0.7998046859375 0.1953125 0.8154296859375 0.232421875 0.8193359359375 0.23046875 0.7998046859375 0.244140625 0.7900390640625 0.232421875 0.7529296859375 0.2119140640625 0.73828125
2 0.236328125 0.9384765640625 0.2548828140625 0.953125 0.275390625 0.9560546859375 0.2890625 0.9345703140625 0.2724609359375 0.8984375 0.23828125 0.9208984359375 0.236328125 0.9384765640625
2 0.556640625 0.9228515640625 0.5625 0.8974609359375 0.5537109359375 0.888671875 0.5390625 0.9150390640625 0.556640625 0.9228515640625
2 0.55859375 0.9599609359375 0.560546875 0.9736328140625 0.5908203140625 1 0.6171875 0.9990234359375 0.619140625 0.9814453140625 0.60546875 0.9658203140625 0.6025390640625 0.947265625 0.55859375 0.9599609359375
2 0.5595703140625 0.7734375 0.5341796859375 0.7734375 0.51953125 0.7861328140625 0.53125 0.7998046859375 0.533203125 0.8310546859375 0.5498046859375 0.810546875 0.5654296859375 0.810546875 0.572265625 0.8017578140625 0.5595703140625 0.7734375
2 0.466796875 0.6982421859375 0.46875 0.7119140640625 0.478515625 0.7138671859375 0.49609375 0.6904296859375 0.4853515640625 0.66796875 0.4765625 0.6708984359375 0.466796875 0.6982421859375
2 0.416015625 0.4404296859375 0.42578125 0.4111328140625 0.4072265640625 0.412109375 0.3955078140625 0.40234375 0.390625 0.4443359359375 0.40234375 0.4775390640625 0.4140625 0.4892578140625 0.412109375 0.5185546859375 0.41796875 0.5185546859375 0.423828125 0.4931640640625 0.435546875 0.4833984359375 0.443359375 0.4599609359375 0.416015625 0.4404296859375
2 0.3544921859375 0.22265625 0.3447265640625 0.236328125 0.3271484359375 0.216796875 0.328125 0.2763671859375 0.33984375 0.2880859359375 0.34765625 0.3134765640625 0.35546875 0.3154296859375 0.373046875 0.2880859359375 0.361328125 0.2431640640625 0.36328125 0.2275390640625 0.3544921859375 0.22265625
2 0.2958984359375 0.126953125 0.2880859359375 0.103515625 0.2734375 0.12207031406249999 0.2734375 0.1318359359375 0.2822265640625 0.1484375 0.296875 0.1494140640625 0.30859375 0.1357421859375 0.3125 0.11816406406249999 0.3056640640625 0.115234375 0.2958984359375 0.126953125
2 0.7666015640625 0.408203125 0.7578125 0.3974609359375 0.755859375 0.3779296859375 0.7470703140625 0.373046875 0.73828125 0.3876953140625 0.740234375 0.4501953140625 0.7490234359375 0.455078125 0.7626953140625 0.435546875 0.771484375 0.4541015640625 0.794921875 0.4365234359375 0.794921875 0.3974609359375 0.7880859359375 0.39453125 0.7666015640625 0.408203125
2 0.69921875 0.3154296859375 0.724609375 0.3349609359375 0.7265625 0.2841796859375 0.7216796859375 0.283203125 0.701171875 0.3037109359375 0.69921875 0.3154296859375
2 0.837890625 0.8154296859375 0.84375 0.8544921859375 0.8544921859375 0.83984375 0.873046875 0.8388671859375 0.8564453140625 0.8046875 0.837890625 0.8154296859375
2 0.822265625 0.7216796859375 0.8291015640625 0.736328125 0.8515625 0.7392578140625 0.85546875 0.7353515640625 0.8466796859375 0.720703125 0.8310546859375 0.716796875 0.822265625 0.7216796859375
2 0.84375 0.9033203140625 0.8740234359375 0.93359375 0.8828125 0.9326171859375 0.88671875 0.9228515640625 0.876953125 0.9091796859375 0.8466796859375 0.8828125 0.84375 0.9033203140625