2 0.10546875 0.09082031406249999 0.10546875 0.07519531406249999 0.08496093593750001 0.0625 0.083984375 0.08496093593750001 0.10546875 0.09082031406249999
2 0.05078125 0.0595703140625 0.05078125 0.07714843593750001 0.0556640640625 0.083984375 0.06640625 0.08300781406249999 0.072265625 0.07714843593750001 0.072265625 0.0595703140625 0.0576171859375 0.052734375 0.05078125 0.0595703140625
2 0.10644531406249999 0.103515625 0.08691406406249999 0.1015625 0.08203125 0.10644531406249999 0.0859375 0.1376953140625 0.078125 0.1591796859375 0.08886718593750001 0.177734375 0.10449218593750001 0.1796875 0.11621093593750001 0.19921875 0.125 0.1982421859375 0.12890625 0.1806640640625 0.123046875 0.12207031406249999 0.11328125 0.11816406406249999 0.10644531406249999 0.103515625
2 0.15234375 0.3505859359375 0.1552734359375 0.3671875 0.1689453140625 0.359375 0.1796875 0.3662109359375 0.203125 0.3388671859375 0.1923828140625 0.32421875 0.1669921859375 0.333984375 0.15234375 0.3505859359375
2 0.212890625 0.5322265640625 0.232421875 0.5439453140625 0.2353515640625 0.494140625 0.22265625 0.4990234359375 0.212890625 0.5185546859375 0.212890625 0.5322265640625
2 0.265625 0.6591796859375 0.2734375 0.6669921859375 0.28125 0.6494140640625 0.2802734359375 0.607421875 0.265625 0.6240234359375 0.265625 0.6591796859375
2 0.3525390640625 0.91796875 0.34375 0.9345703140625 0.33984375 0.9892578140625 0.3505859359375 1 0.376953125 0.9990234359375 0.373046875 0.9814453140625 0.359375 0.9716796859375 0.361328125 0.9326171859375 0.3525390640625 0.91796875
2 0.025390625 0.9990234359375 0.02734375 0.9619140640625 0.0009765640625 0.955078125 0.00390625 0.9990234359375 0.025390625 0.9990234359375
2 0.5263671859375 0.43359375 0.533203125 0.4326171859375 0.537109375 0.4033203140625 0.5244140640625 0.392578125 0.517578125 0.4228515640625 0.5263671859375 0.43359375
2 0.51953125 0.4677734359375 0.51953125 0.4775390640625 0.533203125 0.4814453140625 0.54296875 0.4716796859375 0.5458984359375 0.443359375 0.5322265640625 0.447265625 0.51953125 0.4677734359375
2 0.447265625 0.2314453140625 0.4453125 0.2451171859375 0.470703125 0.2587890640625 0.474609375 0.2275390640625 0.4638671859375 0.201171875 0.4609375 0.2236328140625 0.447265625 0.2314453140625
2 0.595703125 0.7275390640625 0.58984375 0.7666015640625 0.591796875 0.7783203140625 0.6015625 0.7802734359375 0.625 0.7333984359375 0.6201171859375 0.724609375 0.6044921859375 0.720703125 0.595703125 0.7275390640625
2 0.56640625 0.6298828140625 0.591796875 0.6826171859375 0.599609375 0.6826171859375 0.59765625 0.6357421859375 0.5712890640625 0.609375 0.564453125 0.6162109359375 0.56640625 0.6298828140625
2 0.671875 0.8525390640625 0.6650390640625 0.841796875 0.6435546859375 0.841796875 0.6337890640625 0.814453125 0.6123046859375 0.810546875 0.60546875 0.8154296859375 0.60546875 0.8271484359375 0.623046875 0.8427734359375 0.626953125 0.8779296859375 0.640625 0.8876953140625 0.66015625 0.9208984359375 0.65625 0.9482421859375 0.67578125 0.9658203140625 0.68359375 0.9833984359375 0.69140625 0.9853515640625 0.69140625 0.9482421859375 0.677734375 0.9326171859375 0.669921875 0.8818359359375 0.671875 0.8525390640625
2 0.83203125 0.3388671859375 0.837890625 0.3447265640625 0.853515625 0.3369140640625 0.845703125 0.3134765640625 0.8388671859375 0.310546875 0.83203125 0.3388671859375
2 0.794921875 0.1904296859375 0.798828125 0.1767578140625 0.7822265640625 0.1484375 0.7734375 0.1806640640625 0.794921875 0.1904296859375
2 0.90625 0.8466796859375 0.91796875 0.8681640640625 0.90234375 0.8798828140625 0.90625 0.8818359359375 0.9169921859375 0.87890625 0.927734375 0.8642578140625 0.9130859359375 0.8203125 0.90625 0.8466796859375
2 0.76171875 0.0595703140625 0.76171875 0.0048828140625 0.7470703140625 0 0.744140625 0.045898435937499996 0.76171875 0.0595703140625
2 0.7958984359375 0.22265625 0.791015625 0.2548828140625 0.78125 0.2685546859375 0.794921875 0.2900390640625 0.8046875 0.2802734359375 0.80859375 0.2548828140625 0.806640625 0.2373046859375 0.7958984359375 0.22265625
2 0.908203125 0.6259765640625 0.912109375 0.5966796859375 0.8798828140625 0.578125 0.876953125 0.6220703140625 0.908203125 0.6259765640625
2 0.8896484359375 0.517578125 0.86328125 0.5341796859375 0.8515625 0.5576171859375 0.849609375 0.5712890640625 0.86328125 0.5751953140625 0.876953125 0.5673828140625 0.8818359359375 0.548828125 0.8984375 0.5517578140625 0.8896484359375 0.517578125
2 0.85546875 0.4052734359375 0.8349609359375 0.392578125 0.8203125 0.4072265640625 0.81640625 0.4248046859375 0.818359375 0.4404296859375 0.828125 0.4423828140625 0.8369140640625 0.435546875 0.8525390640625 0.439453125 0.857421875 0.4306640640625 0.85546875 0.4052734359375
2 0.9560546859375 0.732421875 0.9453125 0.7353515640625 0.9296875 0.7666015640625 0.923828125 0.8173828140625 0.93359375 0.8212890640625 0.9453125 0.8095703140625 0.947265625 0.7861328140625 0.9609375 0.7626953140625 0.9560546859375 0.732421875