2 0.8232421859375 0.654296875 0.814453125 0.6669921859375 0.828125 0.6728515640625 0.8232421859375 0.654296875
2 0.814453125 0.7451171859375 0.822265625 0.7470703140625 0.83203125 0.7294921859375 0.8173828140625 0.712890625 0.8125 0.7314453140625 0.814453125 0.7451171859375
2 0 0.5126953140625 0.00390625 0.5439453140625 0.01953125 0.5341796859375 0.01953125 0.5185546859375 0.010742185937499999 0.51171875 0 0.5126953140625
2 0 0.4345703140625 0.01171875 0.4404296859375 0.015625 0.3916015640625 0.0048828140625 0.388671875 0 0.3916015640625 0 0.4345703140625
2 0.8583984359375 0.78125 0.861328125 0.8095703140625 0.875 0.8291015640625 0.8828125 0.8193359359375 0.876953125 0.7939453140625 0.8681640640625 0.78125 0.8583984359375 0.78125
2 0.6904296859375 0.275390625 0.68359375 0.2880859359375 0.68359375 0.3037109359375 0.69140625 0.3134765640625 0.71484375 0.2958984359375 0.712890625 0.2841796859375 0.7001953140625 0.2734375 0.6904296859375 0.275390625
2 0.349609375 0.3232421859375 0.361328125 0.3271484359375 0.365234375 0.2802734359375 0.3564453140625 0.267578125 0.341796875 0.2998046859375 0.349609375 0.3232421859375
2 0.810546875 0.5205078140625 0.8125 0.5458984359375 0.826171875 0.5478515640625 0.845703125 0.5126953140625 0.8388671859375 0.50390625 0.8232421859375 0.505859375 0.810546875 0.5205078140625
2 0.4482421859375 0.6484375 0.44921875 0.7041015640625 0.458984375 0.7099609359375 0.470703125 0.6982421859375 0.470703125 0.6611328140625 0.4619140640625 0.6484375 0.4482421859375 0.6484375
2 0.46875 0.7763671859375 0.4921875 0.7802734359375 0.5107421859375 0.76953125 0.51171875 0.7607421859375 0.4697265640625 0.736328125 0.46875 0.7763671859375
2 0.001953125 0.5947265640625 0.018554685937500003 0.619140625 0.03515625 0.6240234359375 0.046875 0.6201171859375 0.045898435937499996 0.59375 0.024414064062499997 0.583984375 0.001953125 0.5947265640625
2 0.6162109359375 0 0.625 0.0576171859375 0.63671875 0.0615234359375 0.6484375 0.043945314062500004 0.65234375 0.008789064062500001 0.6455078140625 0 0.6162109359375 0
2 0.6748046859375 0.0625 0.6640625 0.06738281406249999 0.646484375 0.09863281406249999 0.65625 0.1396484359375 0.6708984359375 0.134765625 0.67578125 0.12402343593750001 0.6796875 0.07128906406249999 0.6748046859375 0.0625
2 0.3427734359375 0.330078125 0.3359375 0.3447265640625 0.341796875 0.3603515640625 0.337890625 0.3896484359375 0.3447265640625 0.3984375 0.353515625 0.3974609359375 0.375 0.3740234359375 0.37890625 0.3525390640625 0.3720703140625 0.341796875 0.3427734359375 0.330078125
2 0.658203125 0.2021484359375 0.6708984359375 0.21484375 0.69140625 0.2158203140625 0.705078125 0.2119140640625 0.708984375 0.1865234359375 0.6826171859375 0.14453125 0.658203125 0.2021484359375
2 0.392578125 0.4248046859375 0.3818359359375 0.419921875 0.375 0.4287109359375 0.3828125 0.4638671859375 0.37890625 0.4873046859375 0.400390625 0.5048828140625 0.4013671859375 0.513671875 0.421875 0.5146484359375 0.4296875 0.5068359359375 0.423828125 0.4599609359375 0.4091796859375 0.453125 0.392578125 0.4248046859375
2 0.201171875 0.022460935937500003 0.2197265640625 0.04296875 0.2353515640625 0.056640625 0.2412109359375 0.052734375 0.2548828140625 0.064453125 0.267578125 0.06542968593750001 0.263671875 0.020507814062499997 0.2685546859375 0 0.201171875 0.0009765640625 0.201171875 0.022460935937500003
2 0.3291015640625 0.169921875 0.3134765640625 0.169921875 0.2919921859375 0.1328125 0.28125 0.1650390640625 0.279296875 0.2041015640625 0.296875 0.2431640640625 0.30859375 0.2490234359375 0.314453125 0.2236328140625 0.33984375 0.1982421859375 0.341796875 0.1826171859375 0.3291015640625 0.169921875
2 0.18359375 0.9091796859375 0.181640625 0.8759765640625 0.15625 0.8427734359375 0.140625 0.7666015640625 0.125 0.7626953140625 0.11621093593750001 0.73828125 0.09667968593750001 0.740234375 0.09277343593750001 0.751953125 0.078125 0.7529296859375 0.09375 0.7568359359375 0.095703125 0.7802734359375 0.10644531406249999 0.78125 0.123046875 0.7998046859375 0.109375 0.8154296859375 0.125 0.8271484359375 0.13671875 0.8486328140625 0.12890625 0.8759765640625 0.140625 0.8916015640625 0.140625 0.9052734359375 0.15625 0.9111328140625 0.15625 0.9208984359375 0.140625 0.9384765640625 0.13671875 0.9677734359375 0.1416015640625 0.974609375 0.154296875 0.9736328140625 0.1865234359375 0.96484375 0.189453125 0.9580078140625 0.173828125 0.9345703140625 0.18359375 0.9091796859375
2 0.5888671859375 0.919921875 0.5791015640625 0.919921875 0.572265625 0.9345703140625 0.5703125 0.9619140640625 0.58203125 0.9736328140625 0.587890625 0.9677734359375 0.58203125 0.9404296859375 0.591796875 0.9287109359375 0.5888671859375 0.919921875
2 0.9501953140625 1 0.9921875 0.9990234359375 0.9697265640625 0.96875 0.9599609359375 0.96875 0.947265625 0.9853515640625 0.9501953140625 1