0 0.85546875 0.3427734359375 0.853515625 0.3037109359375 0.861328125 0.2900390640625 0.859375 0.2607421859375 0.8515625 0.2490234359375 0.853515625 0.2314453140625 0.841796875 0.2080078140625 0.814453125 0.1865234359375 0.81640625 0.1376953140625 0.8076171859375 0.134765625 0.7939453140625 0.1484375 0.7783203140625 0.1484375 0.7607421859375 0.173828125 0.748046875 0.1748046859375 0.736328125 0.2255859359375 0.716796875 0.2587890640625 0.71484375 0.2861328140625 0.701171875 0.2958984359375 0.701171875 0.3212890640625 0.7138671859375 0.341796875 0.740234375 0.3447265640625 0.740234375 0.3603515640625 0.7646484359375 0.38671875 0.783203125 0.3896484359375 0.78515625 0.4013671859375 0.77734375 0.4169921859375 0.7880859359375 0.435546875 0.8203125 0.4365234359375 0.830078125 0.3955078140625 0.8623046859375 0.375 0.865234375 0.3603515640625 0.85546875 0.3427734359375
0 0.572265625 0.5556640640625 0.56640625 0.4892578140625 0.572265625 0.4599609359375 0.560546875 0.4462890640625 0.5625 0.4228515640625 0.55078125 0.4169921859375 0.546875 0.3935546859375 0.5400390640625 0.392578125 0.5234375 0.4091796859375 0.5185546859375 0.44140625 0.4912109359375 0.439453125 0.484375 0.4326171859375 0.490234375 0.4013671859375 0.4716796859375 0.384765625 0.4765625 0.4189453140625 0.46484375 0.4619140640625 0.451171875 0.4677734359375 0.455078125 0.4814453140625 0.4453125 0.4931640640625 0.455078125 0.5341796859375 0.447265625 0.5576171859375 0.4580078140625 0.591796875 0.4794921859375 0.583984375 0.5126953140625 0.619140625 0.525390625 0.6220703140625 0.5322265640625 0.638671875 0.5390625 0.6376953140625 0.544921875 0.6142578140625 0.5625 0.5927734359375 0.55859375 0.5654296859375 0.572265625 0.5556640640625
0 0.619140625 0.9365234359375 0.609375 0.9306640640625 0.609375 0.9150390640625 0.6025390640625 0.90625 0.5947265640625 0.923828125 0.56640625 0.9208984359375 0.560546875 0.9990234359375 0.607421875 0.9990234359375 0.634765625 0.9853515640625 0.642578125 0.9619140640625 0.6279296859375 0.955078125 0.619140625 0.9365234359375
0 0.76171875 0.9462890640625 0.7578125 0.9716796859375 0.7607421859375 0.978515625 0.767578125 0.9775390640625 0.78125 0.9697265640625 0.7890625 0.9541015640625 0.7861328140625 0.947265625 0.76171875 0.9462890640625
0 0.724609375 0.9228515640625 0.71484375 0.9345703140625 0.71484375 0.9521484359375 0.728515625 0.9931640640625 0.7421875 0.9931640640625 0.7578125 0.9326171859375 0.740234375 0.9150390640625 0.7314453140625 0.89453125 0.724609375 0.9228515640625
2 0.076171875 0.1962890640625 0.0859375 0.1845703140625 0.07128906406249999 0.16796875 0.0703125 0.1923828140625 0.076171875 0.1962890640625
2 0.193359375 0.5751953140625 0.19921875 0.5791015640625 0.212890625 0.5615234359375 0.2021484359375 0.533203125 0.19140625 0.5478515640625 0.193359375 0.5751953140625
2 0.20703125 0.6142578140625 0.20703125 0.6572265640625 0.2197265640625 0.673828125 0.23046875 0.6728515640625 0.24609375 0.6318359359375 0.2236328140625 0.572265625 0.216796875 0.5771484359375 0.20703125 0.6142578140625
2 0.330078125 0.8251953140625 0.333984375 0.7998046859375 0.3212890640625 0.791015625 0.3134765640625 0.80078125 0.283203125 0.8056640640625 0.28515625 0.8369140640625 0.3017578140625 0.84375 0.32421875 0.8349609359375 0.328125 0.8505859359375 0.322265625 0.8720703140625 0.3359375 0.8935546859375 0.34375 0.8759765640625 0.33984375 0.8466796859375 0.34765625 0.8212890640625 0.330078125 0.8251953140625
2 0.15234375 0.3564453140625 0.1337890640625 0.337890625 0.1259765640625 0.33984375 0.11035156406249999 0.330078125 0.111328125 0.3837890640625 0.12109375 0.3935546859375 0.12109375 0.4091796859375 0.134765625 0.4189453140625 0.13671875 0.4404296859375 0.14453125 0.4482421859375 0.15625 0.4208984359375 0.154296875 0.3974609359375 0.142578125 0.3857421859375 0.15234375 0.3564453140625
2 0.3681640640625 0.9375 0.3505859359375 0.916015625 0.3408203140625 0.916015625 0.337890625 0.9443359359375 0.328125 0.9580078140625 0.330078125 0.9697265640625 0.3642578140625 0.982421875 0.3818359359375 0.955078125 0.388671875 0.9931640640625 0.3955078140625 1 0.41015625 0.9990234359375 0.404296875 0.9482421859375 0.392578125 0.9306640640625 0.3818359359375 0.92578125 0.3681640640625 0.9375
2 0.4921875 0.2978515640625 0.47265625 0.2919921859375 0.4697265640625 0.232421875 0.458984375 0.2392578140625 0.439453125 0.2744140640625 0.466796875 0.3232421859375 0.4609375 0.3408203140625 0.46484375 0.3525390640625 0.4736328140625 0.341796875 0.4873046859375 0.341796875 0.4921875 0.3330078140625 0.4921875 0.2978515640625
2 0.642578125 0.8525390640625 0.64453125 0.8720703140625 0.654296875 0.8759765640625 0.66796875 0.8583984359375 0.6591796859375 0.826171875 0.650390625 0.8291015640625 0.642578125 0.8525390640625
2 0.59375 0.7490234359375 0.61328125 0.7783203140625 0.630859375 0.7666015640625 0.634765625 0.7470703140625 0.6005859359375 0.70703125 0.59375 0.7490234359375
2 0.9111328140625 0.54296875 0.8955078140625 0.548828125 0.875 0.5791015640625 0.875 0.6123046859375 0.880859375 0.6123046859375 0.8955078140625 0.5859375 0.9111328140625 0.59375 0.91796875 0.5908203140625 0.9111328140625 0.54296875
2 1 0.7841796859375 0.9814453140625 0.767578125 0.9658203140625 0.765625 0.95703125 0.7373046859375 0.9462890640625 0.724609375 0.9384765640625 0.724609375 0.931640625 0.7431640640625 0.966796875 0.8095703140625 0.9609375 0.8388671859375 0.974609375 0.8486328140625 0.9814453140625 0.826171875 1 0.8291015640625 1 0.7841796859375
0 0.4248046859375 0.150390625 0.408203125 0.1533203140625 0.404296875 0.10644531406249999 0.3818359359375 0.091796875 0.3662109359375 0.08984375 0.359375 0.10253906406249999 0.36328125 0.11621093593750001 0.357421875 0.1396484359375 0.34765625 0.1455078140625 0.35546875 0.1572265640625 0.3515625 0.1728515640625 0.3876953140625 0.193359375 0.396484375 0.1923828140625 0.4111328140625 0.16796875 0.4267578140625 0.185546875 0.43359375 0.1650390640625 0.4248046859375 0.150390625