2 0.09375 0.0576171859375 0.07714843593750001 0.048828125 0.056640625 0.06933593593750001 0.0703125 0.10644531406249999 0.0537109359375 0.11328125 0.044921875 0.1259765640625 0.047851564062500004 0.142578125 0.0703125 0.1474609359375 0.091796875 0.1357421859375 0.080078125 0.08691406406249999 0.099609375 0.07128906406249999 0.09375 0.0576171859375
2 0.185546875 0.3291015640625 0.1708984359375 0.326171875 0.1513671859375 0.337890625 0.1318359359375 0.322265625 0.12207031406249999 0.333984375 0.11230468593750001 0.330078125 0.09765625 0.3564453140625 0.099609375 0.3701171859375 0.11425781406249999 0.37890625 0.1357421859375 0.37109375 0.14453125 0.3896484359375 0.158203125 0.3955078140625 0.16796875 0.3876953140625 0.1640625 0.3681640640625 0.18359375 0.3466796859375 0.185546875 0.3291015640625
2 0.1962890640625 0.46484375 0.1884765640625 0.455078125 0.1767578140625 0.453125 0.171875 0.4599609359375 0.17578125 0.4873046859375 0.1904296859375 0.501953125 0.2001953140625 0.498046875 0.205078125 0.5224609359375 0.212890625 0.5224609359375 0.236328125 0.4873046859375 0.21484375 0.4755859359375 0.2119140640625 0.447265625 0.1962890640625 0.46484375
2 0.2451171859375 0.68359375 0.228515625 0.6826171859375 0.2578125 0.7236328140625 0.265625 0.6962890640625 0.263671875 0.6669921859375 0.2587890640625 0.6640625 0.2451171859375 0.68359375
2 0.2685546859375 0.71875 0.2626953140625 0.666015625 0.2431640640625 0.68359375 0.228515625 0.6826171859375 0.2685546859375 0.740234375 0.2841796859375 0.744140625 0.2958984359375 0.734375 0.3037109359375 0.744140625 0.314453125 0.7451171859375 0.330078125 0.7373046859375 0.33203125 0.7197265640625 0.3017578140625 0.681640625 0.2685546859375 0.71875
2 0.357421875 0.7919921859375 0.328125 0.7861328140625 0.326171875 0.7431640640625 0.3212890640625 0.740234375 0.3125 0.7490234359375 0.3125 0.7900390640625 0.298828125 0.8134765640625 0.3173828140625 0.826171875 0.333984375 0.8232421859375 0.3359375 0.8583984359375 0.341796875 0.8583984359375 0.3642578140625 0.85546875 0.373046875 0.8349609359375 0.35546875 0.8193359359375 0.357421875 0.7919921859375
2 0.6171875 0.6220703140625 0.60546875 0.6396484359375 0.6103515640625 0.654296875 0.623046875 0.6533203140625 0.64453125 0.6376953140625 0.6298828140625 0.591796875 0.623046875 0.5947265640625 0.6171875 0.6220703140625
2 0.732421875 0.8740234359375 0.73046875 0.8935546859375 0.71875 0.9130859359375 0.7275390640625 0.923828125 0.740234375 0.9248046859375 0.76171875 0.9072265640625 0.771484375 0.8818359359375 0.7529296859375 0.861328125 0.732421875 0.8740234359375
2 0.693359375 0.7275390640625 0.689453125 0.6708984359375 0.6806640640625 0.666015625 0.666015625 0.6728515640625 0.658203125 0.7158203140625 0.669921875 0.7802734359375 0.68359375 0.7861328140625 0.69140625 0.7685546859375 0.705078125 0.7626953140625 0.70703125 0.7490234359375 0.693359375 0.7275390640625
2 0.5234375 0.3310546859375 0.53125 0.3330078140625 0.5546875 0.3173828140625 0.5400390640625 0.26953125 0.5234375 0.2900390640625 0.5234375 0.3310546859375
2 0.43359375 0.0126953140625 0.443359375 0.032226564062500004 0.453125 0.034179685937499996 0.4794921859375 0.025390625 0.494140625 0.0009765640625 0.4345703140625 0 0.43359375 0.0126953140625
2 0.5947265640625 0.384765625 0.58984375 0.3603515640625 0.5751953140625 0.353515625 0.580078125 0.4169921859375 0.5625 0.4326171859375 0.55859375 0.4501953140625 0.5712890640625 0.46484375 0.607421875 0.4658203140625 0.615234375 0.4599609359375 0.626953125 0.4189453140625 0.61328125 0.3837890640625 0.5947265640625 0.384765625
2 0.88671875 0.3291015640625 0.89453125 0.3369140640625 0.900390625 0.3330078140625 0.8994140640625 0.2890625 0.884765625 0.3076171859375 0.88671875 0.3291015640625
2 1 0.5439453140625 0.9931640640625 0.541015625 0.97265625 0.5478515640625 0.96484375 0.5771484359375 0.986328125 0.6103515640625 1 0.6181640640625 1 0.5439453140625
2 0.876953125 0.2158203140625 0.876953125 0.1982421859375 0.8984375 0.1474609359375 0.8916015640625 0.13671875 0.8759765640625 0.138671875 0.8544921859375 0.119140625 0.849609375 0.1474609359375 0.859375 0.1767578140625 0.8515625 0.1962890640625 0.873046875 0.2470703140625 0.873046875 0.2626953140625 0.892578125 0.2646484359375 0.90625 0.2568359359375 0.912109375 0.2392578140625 0.9052734359375 0.2265625 0.876953125 0.2158203140625