0 0.625 0.5009765640625 0.625 0.4677734359375 0.6162109359375 0.4609375 0.6025390640625 0.48046875 0.5791015640625 0.447265625 0.5654296859375 0.46875 0.548828125 0.4658203140625 0.55078125 0.4892578140625 0.541015625 0.4990234359375 0.54296875 0.5087890640625 0.556640625 0.5166015640625 0.55859375 0.5341796859375 0.5732421859375 0.55078125 0.5908203140625 0.552734375 0.6123046859375 0.5703125 0.625 0.5712890640625 0.62890625 0.5517578140625 0.6484375 0.5400390640625 0.640625 0.5146484359375 0.625 0.5009765640625
0 0.810546875 0.9287109359375 0.818359375 0.9130859359375 0.8125 0.8740234359375 0.7998046859375 0.861328125 0.7900390640625 0.8671875 0.78125 0.8583984359375 0.78515625 0.8291015640625 0.7783203140625 0.77734375 0.7548828140625 0.78125 0.73828125 0.8037109359375 0.73828125 0.8212890640625 0.71875 0.8232421859375 0.720703125 0.8486328140625 0.705078125 0.8623046859375 0.7109375 0.8818359359375 0.689453125 0.8974609359375 0.6875 0.9072265640625 0.689453125 0.9228515640625 0.7119140640625 0.9453125 0.7353515640625 0.953125 0.76171875 0.9736328140625 0.7607421859375 1 0.79296875 0.9990234359375 0.796875 0.9775390640625 0.8115234359375 0.974609375 0.826171875 0.9521484359375 0.810546875 0.9287109359375
2 0.5703125 0.08300781406249999 0.5859375 0.0576171859375 0.5791015640625 0 0.560546875 0.0126953140625 0.5517578140625 0.03515625 0.529296875 0.0283203140625 0.544921875 0.08105468593750001 0.5380859359375 0.083984375 0.5244140640625 0.072265625 0.513671875 0.07519531406249999 0.513671875 0.12011718593750001 0.501953125 0.1279296859375 0.498046875 0.1396484359375 0.5009765640625 0.15625 0.5107421859375 0.16015625 0.5263671859375 0.154296875 0.5390625 0.1767578140625 0.548828125 0.1787109359375 0.580078125 0.1513671859375 0.587890625 0.11816406406249999 0.58203125 0.09667968593750001 0.5703125 0.08300781406249999
2 0.671875 0.3193359359375 0.6494140640625 0.3203125 0.64453125 0.2998046859375 0.615234375 0.2744140640625 0.6220703140625 0.259765625 0.65625 0.2607421859375 0.65625 0.2119140640625 0.6494140640625 0.20703125 0.6357421859375 0.22265625 0.626953125 0.2099609359375 0.630859375 0.1826171859375 0.6025390640625 0.17578125 0.5908203140625 0.20703125 0.5771484359375 0.193359375 0.572265625 0.1982421859375 0.568359375 0.2607421859375 0.5546875 0.2744140640625 0.5546875 0.2880859359375 0.5771484359375 0.30859375 0.60546875 0.3037109359375 0.611328125 0.3662109359375 0.6171875 0.3876953140625 0.623046875 0.3876953140625 0.6357421859375 0.34375 0.6572265640625 0.36328125 0.6640625 0.3623046859375 0.671875 0.3193359359375
2 0.2451171859375 0.23828125 0.2255859359375 0.236328125 0.21875 0.2431640640625 0.228515625 0.2646484359375 0.2265625 0.2841796859375 0.2314453140625 0.291015625 0.240234375 0.2900390640625 0.24609375 0.2744140640625 0.263671875 0.2626953140625 0.2587890640625 0.23046875 0.2451171859375 0.23828125
2 0.36328125 0.6376953140625 0.3681640640625 0.64453125 0.3935546859375 0.630859375 0.408203125 0.6337890640625 0.41015625 0.6025390640625 0.3974609359375 0.56640625 0.3857421859375 0.58203125 0.376953125 0.5810546859375 0.3701171859375 0.611328125 0.3603515640625 0.60546875 0.34375 0.6103515640625 0.3505859359375 0.609375 0.34765625 0.6181640640625 0.359375 0.6240234359375 0.357421875 0.6455078140625 0.365234375 0.6455078140625 0.361328125 0.6376953140625 0.3662109359375 0.625 0.37109375 0.6259765640625 0.36328125 0.6376953140625
2 0.1494140640625 0 0.1484375 0.036132814062500004 0.13671875 0.043945314062500004 0.146484375 0.06347656406249999 0.14453125 0.09277343593750001 0.1533203140625 0.09765625 0.171875 0.08105468593750001 0.169921875 0.0615234359375 0.1806640640625 0.052734375 0.181640625 0.07128906406249999 0.193359375 0.08300781406249999 0.1875 0.08886718593750001 0.2001953140625 0.087890625 0.205078125 0.09863281406249999 0.2001953140625 0.103515625 0.1923828140625 0.09375 0.1953125 0.10839843593750001 0.20703125 0.11621093593750001 0.22265625 0.10839843593750001 0.1962890640625 0.05078125 0.193359375 0.0576171859375 0.203125 0.07324218593750001 0.189453125 0.06738281406249999 0.193359375 0.045898435937499996 0.18359375 0.043945314062500004 0.18359375 0.018554685937500003 0.1650390640625 0 0.1494140640625 0
2 0.37890625 0.5068359359375 0.3681640640625 0.4921875 0.353515625 0.4873046859375 0.3466796859375 0.46875 0.3349609359375 0.474609375 0.3203125 0.4580078140625 0.32421875 0.4228515640625 0.30078125 0.3818359359375 0.3046875 0.3466796859375 0.2744140640625 0.29296875 0.2578125 0.3115234359375 0.265625 0.3291015640625 0.265625 0.3681640640625 0.255859375 0.3857421859375 0.279296875 0.4072265640625 0.26953125 0.4443359359375 0.2744140640625 0.451171875 0.302734375 0.4521484359375 0.31640625 0.5009765640625 0.3046875 0.5322265640625 0.3154296859375 0.541015625 0.3369140640625 0.529296875 0.33984375 0.5595703140625 0.34765625 0.5654296859375 0.359375 0.5595703140625 0.36328125 0.5439453140625 0.376953125 0.5302734359375 0.37890625 0.5068359359375
2 0.443359375 0.7705078140625 0.4267578140625 0.740234375 0.4052734359375 0.734375 0.396484375 0.7646484359375 0.40234375 0.7939453140625 0.4169921859375 0.806640625 0.431640625 0.8095703140625 0.4462890640625 0.791015625 0.4619140640625 0.794921875 0.466796875 0.7861328140625 0.443359375 0.7705078140625
2 0.51171875 0.9638671859375 0.517578125 0.9404296859375 0.515625 0.9072265640625 0.5 0.8837890640625 0.498046875 0.8486328140625 0.4833984359375 0.8359375 0.46875 0.8837890640625 0.486328125 0.8955078140625 0.486328125 0.9423828140625 0.4921875 0.9482421859375 0.498046875 0.9970703140625 0.57421875 0.9990234359375 0.5576171859375 0.962890625 0.5322265640625 0.99609375 0.51953125 0.9892578140625 0.51171875 0.9638671859375
2 0.1962890640625 0.92578125 0.19140625 0.9326171859375 0.19921875 0.9462890640625 0.203125 0.9833984359375 0.2158203140625 1 0.232421875 0.9990234359375 0.22265625 0.9619140640625 0.23046875 0.9423828140625 0.2197265640625 0.9296875 0.1962890640625 0.92578125
2 0.087890625 0.6767578140625 0.08984375 0.7177734359375 0.099609375 0.7216796859375 0.109375 0.7119140640625 0.11328125 0.6806640640625 0.09472656406249999 0.666015625 0.087890625 0.6767578140625
2 0.04296875 0.5341796859375 0.040039064062500004 0.517578125 0.02734375 0.5263671859375 0.03125 0.5361328140625 0.021484375 0.5673828140625 0.021484375 0.5771484359375 0.037109375 0.5830078140625 0.05078125 0.5693359359375 0.046875 0.5478515640625 0.056640625 0.5439453140625 0.04296875 0.5341796859375
2 0.017578125 0.4267578140625 0.021484375 0.4521484359375 0.044921875 0.4580078140625 0.05078125 0.4384765640625 0.04296875 0.4208984359375 0.024414064062499997 0.41796875 0.017578125 0.4267578140625
2 0.93359375 0.07910156406249999 0.9150390640625 0.060546875 0.888671875 0.09277343593750001 0.8916015640625 0.09765625 0.8994140640625 0.09375 0.904296875 0.11230468593750001 0.912109375 0.11425781406249999 0.916015625 0.09667968593750001 0.9267578140625 0.095703125 0.93359375 0.08691406406249999 0.93359375 0.07910156406249999
2 0.94140625 0.1318359359375 0.931640625 0.1318359359375 0.9228515640625 0.109375 0.90234375 0.1416015640625 0.90234375 0.1630859359375 0.896484375 0.1689453140625 0.8984375 0.2060546859375 0.91796875 0.2080078140625 0.91796875 0.1748046859375 0.939453125 0.1630859359375 0.94140625 0.1416015640625 0.94140625 0.1318359359375
2 0.9716796859375 0.349609375 0.96484375 0.3408203140625 0.96875 0.3388671859375 0.958984375 0.3369140640625 0.97265625 0.3193359359375 0.97265625 0.2978515640625 0.958984375 0.2900390640625 0.970703125 0.2607421859375 0.9482421859375 0.251953125 0.94140625 0.3037109359375 0.92578125 0.3310546859375 0.9443359359375 0.33203125 0.951171875 0.3623046859375 0.9619140640625 0.36328125 0.98046875 0.3779296859375 0.9921875 0.3681640640625 0.9921875 0.3544921859375 0.9853515640625 0.34765625 0.9716796859375 0.349609375
1 0.9111328140625 0.484375 0.896484375 0.4951171859375 0.892578125 0.5087890640625 0.9033203140625 0.521484375 0.919921875 0.5224609359375 0.93359375 0.5146484359375 0.9296875 0.5087890640625 0.939453125 0.4951171859375 0.9111328140625 0.484375
2 0.69921875 0.5458984359375 0.70703125 0.5322265640625 0.693359375 0.5224609359375 0.6884765640625 0.50390625 0.66015625 0.5380859359375 0.658203125 0.5498046859375 0.666015625 0.5576171859375 0.66796875 0.5771484359375 0.6787109359375 0.5625 0.6884765640625 0.5703125 0.703125 0.5615234359375 0.69921875 0.5458984359375