2 0.080078125 0.9052734359375 0.087890625 0.8935546859375 0.07324218593750001 0.865234375 0.0703125 0.8994140640625 0.080078125 0.9052734359375
2 0 0.8388671859375 0.013671875 0.8408203140625 0.03125 0.8154296859375 0.02734375 0.8017578140625 0.0146484359375 0.79296875 0 0.8388671859375
2 0.103515625 0.9482421859375 0.11328125 0.9677734359375 0.123046875 0.9736328140625 0.134765625 0.9599609359375 0.13671875 0.9443359359375 0.10253906406249999 0.923828125 0.103515625 0.9482421859375
2 0.244140625 0.3291015640625 0.244140625 0.3154296859375 0.2294921859375 0.30859375 0.224609375 0.3271484359375 0.244140625 0.3291015640625
2 0.44921875 0.9951171859375 0.4501953140625 1 0.490234375 0.9990234359375 0.4833984359375 0.98828125 0.4677734359375 0.984375 0.4560546859375 0.984375 0.44921875 0.9951171859375
2 0.162109375 0.1630859359375 0.185546875 0.1845703140625 0.1875 0.1533203140625 0.1826171859375 0.140625 0.1728515640625 0.140625 0.162109375 0.1630859359375
2 0.2421875 0.4345703140625 0.271484375 0.4443359359375 0.27734375 0.4267578140625 0.2607421859375 0.40625 0.2421875 0.4208984359375 0.2421875 0.4345703140625
2 0.1826171859375 0.203125 0.171875 0.2099609359375 0.171875 0.2216796859375 0.181640625 0.2490234359375 0.1953125 0.2529296859375 0.203125 0.2431640640625 0.203125 0.2138671859375 0.1962890640625 0.205078125 0.1826171859375 0.203125
2 0.2490234359375 0.353515625 0.2197265640625 0.37109375 0.212890625 0.3857421859375 0.2197265640625 0.396484375 0.244140625 0.3974609359375 0.259765625 0.3837890640625 0.265625 0.3681640640625 0.2626953140625 0.357421875 0.2490234359375 0.353515625
2 0.10253906406249999 0.015625 0.1015625 0.034179685937499996 0.1259765640625 0.0625 0.140625 0.0615234359375 0.14453125 0.0537109359375 0.13671875 0.010742185937499999 0.1298828140625 0.00390625 0.10253906406249999 0.015625
2 0.43359375 0.8642578140625 0.4375 0.8857421859375 0.427734375 0.9052734359375 0.4375 0.9326171859375 0.4443359359375 0.939453125 0.45703125 0.9384765640625 0.46484375 0.9306640640625 0.46484375 0.8798828140625 0.4423828140625 0.857421875 0.43359375 0.8642578140625
2 0.2978515640625 0.505859375 0.28125 0.5283203140625 0.28125 0.5673828140625 0.294921875 0.5673828140625 0.3193359359375 0.556640625 0.328125 0.5439453140625 0.3173828140625 0.5 0.2978515640625 0.505859375
2 0.3525390640625 0.62890625 0.34375 0.6630859359375 0.3515625 0.6884765640625 0.384765625 0.7373046859375 0.384765625 0.7646484359375 0.400390625 0.7705078140625 0.408203125 0.7294921859375 0.384765625 0.6982421859375 0.369140625 0.6435546859375 0.3525390640625 0.62890625
2 0.736328125 0.6943359359375 0.744140625 0.6982421859375 0.751953125 0.6962890640625 0.75390625 0.6845703140625 0.7412109359375 0.677734375 0.736328125 0.6943359359375
2 0.587890625 0.1748046859375 0.587890625 0.2021484359375 0.59765625 0.2060546859375 0.6064453140625 0.205078125 0.61328125 0.1904296859375 0.5986328140625 0.158203125 0.587890625 0.1748046859375
2 0.6142578140625 0.236328125 0.599609375 0.2490234359375 0.599609375 0.2626953140625 0.609375 0.2939453140625 0.619140625 0.2978515640625 0.62890625 0.2900390640625 0.62890625 0.2744140640625 0.62109375 0.2392578140625 0.6142578140625 0.236328125
2 0.6630859359375 0.322265625 0.623046875 0.3447265640625 0.62109375 0.3564453140625 0.640625 0.3720703140625 0.6796875 0.3505859359375 0.68359375 0.3310546859375 0.6767578140625 0.32421875 0.6630859359375 0.322265625
2 0.7177734359375 0.541015625 0.708984375 0.5478515640625 0.705078125 0.5927734359375 0.697265625 0.6064453140625 0.7001953140625 0.61328125 0.7109375 0.6142578140625 0.75 0.5888671859375 0.75 0.5810546859375 0.728515625 0.5615234359375 0.7177734359375 0.541015625
2 0.7001953140625 0.41796875 0.6728515640625 0.419921875 0.66015625 0.4306640640625 0.66015625 0.4541015640625 0.66796875 0.4853515640625 0.67578125 0.4931640640625 0.685546875 0.4677734359375 0.71875 0.4462890640625 0.71484375 0.4326171859375 0.7001953140625 0.41796875
2 0.5888671859375 0.037109375 0.56640625 0.038085935937499996 0.5556640640625 0.005859375 0.548828125 0.0126953140625 0.552734375 0.08496093593750001 0.53125 0.10449218593750001 0.5546875 0.1376953140625 0.5859375 0.10058593593750001 0.583984375 0.06933593593750001 0.59375 0.047851564062500004 0.5888671859375 0.037109375
2 0.849609375 0.8349609359375 0.845703125 0.8193359359375 0.83203125 0.8095703140625 0.828125 0.7939453140625 0.8076171859375 0.77734375 0.810546875 0.8251953140625 0.828125 0.8681640640625 0.837890625 0.8759765640625 0.841796875 0.8583984359375 0.8564453140625 0.857421875 0.86328125 0.8486328140625 0.849609375 0.8349609359375