2 0.4195605140625 0.8191400515625 0.43318729375 0.8189805203124999 0.4391267 0.8081284984374999 0.42639380937500004 0.8072973390625 0.4195605140625 0.8191400515625
2 0.5487170296875 0.8019443687500001 0.5681838609375001 0.801716465625 0.5798044109375 0.788837484375 0.5574970109375 0.7900788671875 0.5487170296875 0.8019443687500001
2 0.39335974375 0.8204270140625001 0.3895657328125 0.8096889468749999 0.366046628125 0.8080038375 0.36668225468750004 0.8158382046874999 0.3729990265625 0.8216456093750001 0.39335974375 0.8204270140625001
2 0.09760468125 0.3092708171875 0.072615609375 0.313484275 0.06935786875 0.3213642234375 0.07404576874999999 0.3311116 0.077303509375 0.323231653125 0.1032460171875 0.330769746875 0.11323769531250001 0.3218307359375 0.09760468125 0.3092708171875
2 0.7386977640625 0.6938558078125 0.7283882734375 0.69887763125 0.730235603125 0.7096384921875 0.7410813593750001 0.7232346828125 0.7603892828125 0.7210481875 0.7646998203125001 0.7141361390625 0.7528012687500001 0.69957205 0.7386977640625 0.6938558078125
2 0.142994275 0.280312878125 0.15046319375 0.2763045328125 0.1080533328125 0.2699394515625 0.1081724359375 0.295423934375 0.1448415984375 0.2910737359375 0.142994275 0.280312878125
2 0.5495115609375001 0.811737328125 0.5249396640625 0.8090843203125001 0.5248801125 0.7963420765625 0.5029898828125 0.79071699375 0.5003677671875 0.8064313078125 0.52631026875 0.8139694015625001 0.55173625 0.8391576109375001 0.559940153125 0.8321999859375 0.5495115609375001 0.811737328125
2 0.023352715625 0.2826937734375 0.0492554140625 0.31375775781250004 0.0646104234375 0.2988746015625 0.061869209375 0.2891044375 0.0360260609375 0.2707826921875 0.026133737499999997 0.2689380515625 0.023352715625 0.2826937734375
2 0.1584276109375 0.6026265609375 0.17674229375 0.6122144078125 0.2059425375 0.6118725546875 0.2193508640625 0.5970121890625 0.1784109703125 0.5847485421874999 0.16315531875 0.58884805 0.1584276109375 0.6026265609375
2 0.296961534375 0.12461485624999999 0.2833347484375 0.1247743890625 0.2787659546875 0.14051149375 0.2832949453125 0.14830027968749998 0.31118413437500003 0.15581558281250002 0.3248109140625 0.15565605 0.33821924062500003 0.1407956875 0.296961534375 0.12461485624999999
2 0.9729156218749999 0.662687209375 0.9768685406250001 0.67538386875 0.9965166421875 0.6745138671875 0.996700225 0.6429584953124999 0.9918461828125 0.6438412890625 0.9736904125000001 0.6362120328125 0.95760041875 0.654044471875 0.9729156218749999 0.662687209375
2 0.15965809375 0.9300076546874999 0.1654385921875 0.9171970406250001 0.1111897296875 0.9090101109375001 0.09446410937500001 0.9190081843750001 0.0931530546875 0.9268653406249999 0.1036809984375 0.936544346875 0.1288289765625 0.9342894828125001 0.139039109375 0.94005130625 0.15965809375 0.9300076546874999
2 0 0.3650849578125 0.00245540625 0.3613565078125 0.0185055890625 0.36704995937499996 0.0335427875 0.348249621875 0.029589871875 0.335552959375 0.0138575015625 0.3337766921875 0 0.321036615625 0 0.3650849578125
2 0.0139756328125 0.647447640625 0.0074006046874999995 0.6504652953125001 0.0094068390625 0.6631847453125 0.026251553125 0.6786711578125 0.062126184375000004 0.664528 0.07732228906250001 0.6476862515625 0.070111634375 0.642869540625 0.0139756328125 0.647447640625
2 0.960819640625 0.2854417921875 0.9174760828125 0.3035932953125 0.9161650281249999 0.31145045 0.9562110359375 0.3247047890625 0.9768300140624999 0.3146611359375 0.9739101531250001 0.2666642453125 0.9628656796874999 0.2746353546875 0.960819640625 0.2854417921875
2 0.26954874375000004 0.21903748437499998 0.2651786578125 0.2132072890625 0.2523066 0.24668567187499998 0.268515690625 0.254337715625 0.3093960328125 0.2538591203125 0.3168054046875 0.2371085328125 0.3152163421875 0.217522615625 0.3430459828125 0.212295678125 0.34882647968749997 0.19948506875 0.33708683281249996 0.1868795671875 0.317620003125 0.18710746875 0.29795445468750004 0.208902671875 0.2857976375 0.20316363750000002 0.28091102968750004 0.21498355937500002 0.26954874375000004 0.21903748437499998
2 0.7914976953124999 0.3599608109375 0.7817642765625 0.3600747625 0.76551538125 0.375948609375 0.8161291437499999 0.3753560625 0.8383371875 0.384898328125 0.8482693140625001 0.3632170765625 0.8856734656249999 0.35591759375 0.8427868859375 0.343676740625 0.846143984375 0.325013140625 0.8321398390624999 0.30851324999999996 0.8203008328125 0.3066914 0.7955302234375 0.3256056890625 0.8086404796875 0.343096275 0.7962253984375 0.3461822984375 0.7914976953124999 0.3599608109375
2 0.22882730156250003 0.22147467187499997 0.2316083234375 0.20771894999999999 0.2625963453125 0.2053957140625 0.273899084375 0.1885995484375 0.268575559375 0.1710178 0.2552070390625 0.1623522765625 0.24563253437500002 0.16442481874999998 0.2471222390625 0.19479438437500002 0.1998257671875 0.2002492265625 0.1917807734375 0.209165446875 0.20125592343749998 0.21787655312499998 0.175154515625 0.20837986718749998 0.1618455421875 0.21245658281250002 0.14291498125 0.23130250000000002 0.15781301406249998 0.24681170156249999 0.1452390265625 0.24793913750000002 0.1371940328125 0.2568553578125 0.1374124890625 0.2715561890625 0.14051132500000002 0.26171764999999997 0.15771365625 0.25759535312500004 0.20069959062499998 0.259052559375 0.20912194999999997 0.266795765625 0.2132735796875 0.2579251265625 0.20769179218749997 0.24916843906250002 0.190648365625 0.2552493265625 0.177120940625 0.2446252109375 0.177796371875 0.2289336875 0.19168141875 0.2199490953125 0.2137305546875 0.22753276875 0.22882730156250003 0.22147467187499997
2 0.31444059062499996 0.5321842593749999 0.3308085859375 0.54179489375 0.34832873124999997 0.54158978125 0.37983328437499997 0.52161643125 0.4273880140625 0.5073365328125 0.433645234375 0.5004016953125 0.43253288906250004 0.4866915515625 0.4094309546875 0.4781399765625 0.382495203125 0.482376225 0.3706163953125 0.5040802656250001 0.3406216140625 0.4946291625 0.3176387796875 0.51156206875 0.31444059062499996 0.5321842593749999
2 0.669690996875 0.3476636671875 0.6863172546875 0.348449246875 0.6861185421875 0.3700165421875 0.69438199375 0.3758011609375 0.6812914828125 0.3945787078125 0.6446223125 0.39892890625 0.6418412906250001 0.41268462812499995 0.6757294390624999 0.422090153125 0.7062407421875 0.413891140625 0.7187153734375 0.4235473578125 0.730395471875 0.42341061562500004 0.74549221875 0.41735251875 0.7532194 0.404519115625 0.7345869078125 0.3910140875 0.734527359375 0.3782718453125 0.703161971875 0.36393565781250004 0.6907866953124999 0.343495790625 0.6688964656249999 0.3378707078125 0.669690996875 0.3476636671875
2 0.5020772124999999 0.4672530859375 0.5083939828124999 0.473060490625 0.5474865515625 0.4745632765625 0.5794678171875 0.4604657 0.5969879687499999 0.4602605859375 0.6287507796875 0.43146217968749995 0.6281151546875 0.4236278109375 0.6150644468750001 0.41887946718749997 0.576766409375 0.42716963906250005 0.5467716328125001 0.41771853437499995 0.535945615625 0.44039047968749995 0.5051760453125 0.45741454687500005 0.5020772124999999 0.4672530859375
2 0.942265153125 0.7051957609375 0.9539452515625 0.70505901875 0.9600435656249999 0.6961655875 0.9317770124999999 0.6719908625000001 0.8908966703125 0.6724694578125 0.8819577828125 0.6823763671874999 0.8711120265625001 0.6687801765625 0.8513273828125 0.6650908953125 0.8202995484375 0.6909400234375 0.7932048921875 0.6932176796875 0.7923705562500001 0.7069506125 0.8061562406249999 0.7087496703125 0.8078446625 0.7175519375 0.8230009562499999 0.7242360828125001 0.8424677875000001 0.7240081796875 0.85156558125 0.7160598609375 0.8852948171874999 0.72350679375 0.8912342234375 0.712654771875 0.8782828734375 0.6971227796874999 0.880328915625 0.6863163421875 0.8966969125 0.6959269781249999 0.92557934375 0.6916679390625 0.942265153125 0.7051957609375
2 0.5741455796875 0.05863533125 0.5557910921875 0.072573375 0.5142751249999999 0.0652176046875 0.48956406250000006 0.09687413593750001 0.466044959375 0.09518902812499999 0.4548415796875 0.10120154374999998 0.422661596875 0.13686642031250001 0.46449537812499997 0.14813937500000002 0.46622360625 0.13341575 0.4853130734375 0.116528425 0.53155675 0.1101056828125 0.53854895 0.1002215625 0.5677492015625 0.099879709375 0.5823294171875 0.11147172812499999 0.6097418875 0.11311125468750001 0.6200513796875 0.10808942656250001 0.628295090625 0.0776059109375 0.664169721875 0.06346275312500001 0.6760087265625 0.065284603125 0.6801603578125001 0.0564139640625 0.6777731640625 0.051358579687499996 0.6269165734375 0.047504896875 0.6340755875 0.06479529687499999 0.6224550375 0.07767428125 0.5877723640625 0.0584758 0.5741455796875 0.05863533125