2 0.091796875 0.3388671859375 0.111328125 0.3271484359375 0.08886718593750001 0.3203125 0.083984375 0.3369140640625 0.091796875 0.3388671859375
2 0.0517578140625 0.279296875 0.064453125 0.2783203140625 0.06640625 0.2666015640625 0.0576171859375 0.259765625 0.04296875 0.2646484359375 0.0517578140625 0.279296875
2 0.013671875 0.0146484359375 0.0009765640625 0.01171875 0 0.0517578140625 0.016601564062499997 0.068359375 0.029296875 0.06933593593750001 0.03515625 0.06738281406249999 0.037109375 0.0537109359375 0.009765625 0.0263671859375 0.013671875 0.0146484359375
2 0 0.2158203140625 0.016601564062499997 0.212890625 0.03125 0.2275390640625 0.03125 0.2080078140625 0.045898435937499996 0.2109375 0.060546875 0.1904296859375 0.040039064062500004 0.1796875 0.02734375 0.1572265640625 0.016601564062499997 0.15234375 0.013671875 0.1689453140625 0 0.1708984359375 0 0.2158203140625
2 0.1376953140625 0.390625 0.1279296859375 0.390625 0.10546875 0.4150390640625 0.123046875 0.4345703140625 0.119140625 0.4541015640625 0.1484375 0.4638671859375 0.16015625 0.4560546859375 0.15625 0.4345703140625 0.162109375 0.4189453140625 0.1376953140625 0.390625
2 0.2373046859375 0.681640625 0.251953125 0.6806640640625 0.244140625 0.7080078140625 0.232421875 0.7177734359375 0.240234375 0.7412109359375 0.248046875 0.7431640640625 0.263671875 0.6845703140625 0.2646484359375 0.646484375 0.232421875 0.6650390640625 0.2373046859375 0.681640625
2 0.181640625 0.5634765640625 0.1875 0.5849609359375 0.1953125 0.5908203140625 0.203125 0.5478515640625 0.1845703140625 0.546875 0.1796875 0.5498046859375 0.181640625 0.5634765640625
2 0.30859375 0.8095703140625 0.3017578140625 0.802734375 0.287109375 0.8251953140625 0.28125 0.8486328140625 0.2880859359375 0.85546875 0.30078125 0.8525390640625 0.302734375 0.8896484359375 0.32421875 0.9150390640625 0.326171875 0.8525390640625 0.3193359359375 0.837890625 0.310546875 0.8408203140625 0.30859375 0.8095703140625
2 0.041015625 0.9091796859375 0.048828125 0.9130859359375 0.080078125 0.8623046859375 0.08496093593750001 0.84375 0.04296875 0.8935546859375 0.041015625 0.9091796859375
2 0.01171875 0.8916015640625 0.017578125 0.8935546859375 0.029296875 0.8779296859375 0.032226564062500004 0.83984375 0.005859375 0.8642578140625 0.01171875 0.8916015640625
2 0.04296875 0.9443359359375 0.048828125 0.9619140640625 0.044921875 0.9794921859375 0.0703125 0.9931640640625 0.08984375 0.9541015640625 0.08105468593750001 0.943359375 0.0517578140625 0.935546875 0.04296875 0.9443359359375
2 0.287109375 0.0126953140625 0.298828125 0.016601564062499997 0.30078125 0.047851564062500004 0.328125 0.049804685937499996 0.345703125 0.036132814062500004 0.34765625 0.0009765640625 0.2880859359375 0 0.287109375 0.0126953140625
2 0.447265625 0.2568359359375 0.447265625 0.2392578140625 0.458984375 0.2275390640625 0.458984375 0.2138671859375 0.44140625 0.1962890640625 0.443359375 0.1728515640625 0.4384765640625 0.16796875 0.427734375 0.2021484359375 0.4140625 0.2060546859375 0.408203125 0.1708984359375 0.416015625 0.1435546859375 0.40625 0.1279296859375 0.40625 0.09277343593750001 0.3955078140625 0.09375 0.3896484359375 0.083984375 0.3798828140625 0.083984375 0.37109375 0.06347656406249999 0.3642578140625 0.0625 0.357421875 0.09277343593750001 0.3466796859375 0.091796875 0.326171875 0.11230468593750001 0.341796875 0.1318359359375 0.3447265640625 0.150390625 0.3857421859375 0.1484375 0.3916015640625 0.142578125 0.396484375 0.1474609359375 0.40234375 0.1669921859375 0.3798828140625 0.171875 0.375 0.1806640640625 0.37890625 0.2119140640625 0.373046875 0.2333984359375 0.3779296859375 0.23828125 0.40625 0.2353515640625 0.421875 0.2685546859375 0.42578125 0.2998046859375 0.44140625 0.2919921859375 0.443359375 0.2744140640625 0.455078125 0.2666015640625 0.447265625 0.2568359359375
2 0.5302734359375 0.541015625 0.525390625 0.5673828140625 0.53125 0.5849609359375 0.5390625 0.5869140640625 0.55078125 0.5615234359375 0.546875 0.5439453140625 0.5380859359375 0.546875 0.5302734359375 0.541015625
2 0.4521484359375 0.3984375 0.443359375 0.4208984359375 0.44921875 0.4384765640625 0.45703125 0.4404296859375 0.470703125 0.4306640640625 0.47265625 0.4150390640625 0.4638671859375 0.40234375 0.4521484359375 0.3984375
2 0.5029296859375 0.47265625 0.4873046859375 0.462890625 0.486328125 0.5224609359375 0.51953125 0.5244140640625 0.52734375 0.5048828140625 0.525390625 0.4833984359375 0.5166015640625 0.470703125 0.5029296859375 0.47265625
2 0.623046875 0.8720703140625 0.60546875 0.8564453140625 0.611328125 0.8056640640625 0.5927734359375 0.775390625 0.5859375 0.7880859359375 0.5859375 0.8134765640625 0.603515625 0.8466796859375 0.595703125 0.8740234359375 0.59765625 0.9150390640625 0.60546875 0.9638671859375 0.6171875 0.9677734359375 0.63671875 0.9541015640625 0.6171875 0.9072265640625 0.625 0.8896484359375 0.623046875 0.8720703140625
2 0.544921875 0.7021484359375 0.5546875 0.7041015640625 0.55859375 0.6708984359375 0.5517578140625 0.66015625 0.541015625 0.6826171859375 0.544921875 0.7021484359375
2 0.689453125 0.0576171859375 0.689453125 0.06738281406249999 0.70703125 0.08300781406249999 0.716796875 0.07324218593750001 0.72265625 0.0517578140625 0.7021484359375 0.041015625 0.689453125 0.0576171859375
2 0.7578125 0.12207031406249999 0.775390625 0.10253906406249999 0.7744140640625 0.072265625 0.7548828140625 0.083984375 0.7451171859375 0.078125 0.734375 0.08105468593750001 0.732421875 0.11035156406249999 0.716796875 0.1318359359375 0.720703125 0.1474609359375 0.734375 0.1611328140625 0.728515625 0.1904296859375 0.73046875 0.2099609359375 0.73828125 0.2177734359375 0.7587890640625 0.21484375 0.765625 0.1982421859375 0.7578125 0.1748046859375 0.7578125 0.12207031406249999
2 0.8291015640625 0.28515625 0.802734375 0.3173828140625 0.80859375 0.3427734359375 0.82421875 0.3466796859375 0.830078125 0.3427734359375 0.822265625 0.3173828140625 0.83203125 0.2978515640625 0.8291015640625 0.28515625
2 0.7841796859375 0.3203125 0.7734375 0.3369140640625 0.771484375 0.3603515640625 0.78125 0.3837890640625 0.7890625 0.3857421859375 0.796875 0.3681640640625 0.796875 0.3408203140625 0.79296875 0.3232421859375 0.7841796859375 0.3203125
2 0.861328125 0.7861328140625 0.8681640640625 0.796875 0.876953125 0.7958984359375 0.876953125 0.7783203140625 0.8681640640625 0.771484375 0.859375 0.7783203140625 0.861328125 0.7861328140625
2 0.921875 0.8720703140625 0.912109375 0.8603515640625 0.9111328140625 0.84375 0.89453125 0.8564453140625 0.900390625 0.8974609359375 0.9072265640625 0.888671875 0.9150390640625 0.892578125 0.919921875 0.8876953140625 0.921875 0.8720703140625
2 0.9248046859375 0.916015625 0.919921875 0.9208984359375 0.921875 0.9443359359375 0.931640625 0.9501953140625 0.9453125 0.9423828140625 0.955078125 0.9267578140625 0.9521484359375 0.91796875 0.9248046859375 0.916015625
2 0.890625 0.6611328140625 0.900390625 0.6220703140625 0.8720703140625 0.599609375 0.8603515640625 0.603515625 0.859375 0.5791015640625 0.8427734359375 0.564453125 0.83203125 0.5751953140625 0.853515625 0.6083984359375 0.84765625 0.6396484359375 0.85546875 0.6708984359375 0.84765625 0.6943359359375 0.85546875 0.7060546859375 0.857421875 0.7353515640625 0.869140625 0.7412109359375 0.880859375 0.7197265640625 0.873046875 0.6962890640625 0.876953125 0.6630859359375 0.890625 0.6611328140625
1 0.6923828140625 0.625 0.6962890640625 0.630859375 0.7021484359375 0.625 0.7060546859375 0.630859375 0.71484375 0.6240234359375 0.712890625 0.6201171859375 0.7158203140625 0.6171875 0.72265625 0.6162109359375 0.7236328140625 0.611328125 0.732421875 0.6181640640625 0.7265625 0.6240234359375 0.7314453140625 0.625 0.7353515640625 0.6328125 0.7392578140625 0.634765625 0.7421875 0.6318359359375 0.73046875 0.5947265640625 0.732421875 0.5888671859375 0.7373046859375 0.587890625 0.7421875 0.6044921859375 0.7421875 0.5791015640625 0.736328125 0.5751953140625 0.736328125 0.5595703140625 0.7421875 0.5537109359375 0.7421875 0.5458984359375 0.73828125 0.5439453140625 0.7353515640625 0.5546875 0.7294921859375 0.556640625 0.7265625 0.5537109359375 0.7275390640625 0.548828125 0.734375 0.5478515640625 0.734375 0.5400390640625 0.7275390640625 0.537109375 0.73046875 0.5341796859375 0.71875 0.5244140640625 0.720703125 0.5107421859375 0.703125 0.4951171859375 0.7021484359375 0.490234375 0.6982421859375 0.490234375 0.6943359359375 0.498046875 0.6904296859375 0.4921875 0.6865234359375 0.5 0.6787109359375 0.50390625 0.6728515640625 0.501953125 0.6591796859375 0.509765625 0.6552734359375 0.501953125 0.6455078140625 0.50390625 0.64453125 0.5068359359375 0.65234375 0.5107421859375 0.6474609359375 0.51171875 0.646484375 0.5185546859375 0.642578125 0.5205078140625 0.646484375 0.5244140640625 0.646484375 0.5341796859375 0.638671875 0.5361328140625 0.6328125 0.5556640640625 0.630859375 0.5771484359375 0.63671875 0.5947265640625 0.63671875 0.6220703140625 0.6552734359375 0.646484375 0.671875 0.6474609359375 0.671875 0.6337890640625 0.6787109359375 0.625 0.6865234359375 0.62890625 0.6923828140625 0.625