2 0 0.1650390640625 0.02734375 0.1708984359375 0.044921875 0.12402343593750001 0.041992185937499996 0.119140625 0.0009765640625 0.115234375 0 0.1650390640625
2 0.13671875 0.3740234359375 0.1337890640625 0.333984375 0.1171875 0.3447265640625 0.1171875 0.3740234359375 0.111328125 0.3818359359375 0.119140625 0.4189453140625 0.12890625 0.4228515640625 0.1484375 0.4091796859375 0.15625 0.3916015640625 0.1474609359375 0.376953125 0.13671875 0.3740234359375
2 0.06738281406249999 0.203125 0.041992185937499996 0.16796875 0.037109375 0.1943359359375 0.021484375 0.2001953140625 0.0234375 0.2177734359375 0.015625 0.2333984359375 0.0390625 0.2490234359375 0.041015625 0.2724609359375 0.0546875 0.2919921859375 0.076171875 0.2998046859375 0.08203125 0.2685546859375 0.068359375 0.2236328140625 0.087890625 0.2080078140625 0.06738281406249999 0.203125
2 0.1591796859375 0.53515625 0.173828125 0.5380859359375 0.171875 0.5087890640625 0.1474609359375 0.5 0.146484375 0.5185546859375 0.1591796859375 0.53515625
2 0.193359375 0.6298828140625 0.201171875 0.6318359359375 0.208984375 0.5869140640625 0.1943359359375 0.578125 0.1875 0.6162109359375 0.193359375 0.6298828140625
2 0.23828125 0.7021484359375 0.24609375 0.7021484359375 0.2578125 0.6787109359375 0.2529296859375 0.669921875 0.236328125 0.6865234359375 0.23828125 0.7021484359375
2 0.24609375 0.7041015640625 0.2421875 0.7333984359375 0.2421875 0.7431640640625 0.25 0.7451171859375 0.259765625 0.7255859359375 0.259765625 0.7080078140625 0.2529296859375 0.703125 0.24609375 0.7041015640625
2 0.302734375 0.8056640640625 0.302734375 0.7958984359375 0.2841796859375 0.7890625 0.27734375 0.8037109359375 0.287109375 0.8193359359375 0.2890625 0.8408203140625 0.298828125 0.8466796859375 0.3017578140625 0.837890625 0.31640625 0.8369140640625 0.31640625 0.8212890640625 0.302734375 0.8056640640625
2 0.78515625 0.1923828140625 0.79296875 0.1650390640625 0.7744140640625 0.146484375 0.751953125 0.1689453140625 0.7578125 0.1982421859375 0.748046875 0.2373046859375 0.755859375 0.2392578140625 0.7646484359375 0.224609375 0.7822265640625 0.220703125 0.791015625 0.2099609359375 0.78515625 0.1923828140625
2 0.763671875 0.09082031406249999 0.74609375 0.08300781406249999 0.759765625 0.06933593593750001 0.759765625 0.0595703140625 0.7412109359375 0.046875 0.732421875 0.0576171859375 0.73828125 0.08496093593750001 0.712890625 0.10058593593750001 0.72265625 0.1279296859375 0.732421875 0.1357421859375 0.728515625 0.1689453140625 0.73828125 0.1708984359375 0.751953125 0.1591796859375 0.755859375 0.1337890640625 0.7734375 0.11621093593750001 0.763671875 0.09082031406249999
2 0.7734375 0.3369140640625 0.7861328140625 0.35546875 0.802734375 0.3564453140625 0.8046875 0.3291015640625 0.7958984359375 0.3203125 0.7802734359375 0.3203125 0.7734375 0.3369140640625
2 0.96875 0.9990234359375 0.966796875 0.9775390640625 0.9501953140625 0.970703125 0.9375 0.9990234359375 0.96875 0.9990234359375
2 0.974609375 0.8154296859375 0.9599609359375 0.8046875 0.94140625 0.8134765640625 0.94140625 0.8408203140625 0.923828125 0.8623046859375 0.92578125 0.8896484359375 0.9453125 0.9130859359375 0.953125 0.8818359359375 0.96875 0.8720703140625 0.978515625 0.8447265640625 0.974609375 0.8154296859375
2 0.83203125 0.5458984359375 0.841796875 0.5107421859375 0.83984375 0.4873046859375 0.853515625 0.4755859359375 0.8466796859375 0.45703125 0.814453125 0.4716796859375 0.8046875 0.5283203140625 0.80859375 0.5419921859375 0.83203125 0.5654296859375 0.826171875 0.6064453140625 0.841796875 0.6083984359375 0.869140625 0.5712890640625 0.8642578140625 0.552734375 0.8447265640625 0.5546875 0.83203125 0.5458984359375
2 0.9228515640625 0.697265625 0.90625 0.6923828140625 0.91015625 0.6201171859375 0.9013671859375 0.611328125 0.8818359359375 0.625 0.859375 0.6240234359375 0.859375 0.6689453140625 0.888671875 0.7470703140625 0.875 0.7802734359375 0.896484375 0.7978515640625 0.919921875 0.7919921859375 0.921875 0.7216796859375 0.9296875 0.7119140640625 0.9228515640625 0.697265625
2 0.37890625 0.1806640640625 0.388671875 0.1845703140625 0.3984375 0.1572265640625 0.3916015640625 0.134765625 0.373046875 0.1474609359375 0.37890625 0.1806640640625
0 0.427734375 0.043945314062500004 0.447265625 0.034179685937499996 0.447265625 0.0009765640625 0.3642578140625 0 0.35546875 0.0146484359375 0.35546875 0.032226564062500004 0.365234375 0.06542968593750001 0.37109375 0.06738281406249999 0.3837890640625 0.02734375 0.3994140640625 0.05078125 0.4208984359375 0.060546875 0.427734375 0.043945314062500004
0 0.75390625 0.4736328140625 0.755859375 0.4599609359375 0.7421875 0.4462890640625 0.7392578140625 0.41015625 0.7255859359375 0.4296875 0.7158203140625 0.423828125 0.703125 0.4267578140625 0.689453125 0.4873046859375 0.697265625 0.5185546859375 0.71875 0.5380859359375 0.7109375 0.5673828140625 0.7197265640625 0.5703125 0.7314453140625 0.560546875 0.7421875 0.5693359359375 0.76953125 0.5166015640625 0.74609375 0.5009765640625 0.7421875 0.4814453140625 0.75390625 0.4736328140625
0 0.560546875 0.4228515640625 0.580078125 0.3818359359375 0.5625 0.3740234359375 0.5625 0.3310546859375 0.556640625 0.3193359359375 0.560546875 0.2822265640625 0.5478515640625 0.27734375 0.5361328140625 0.259765625 0.5107421859375 0.265625 0.50390625 0.2275390640625 0.4931640640625 0.21875 0.48046875 0.2705078140625 0.4619140640625 0.275390625 0.455078125 0.2841796859375 0.453125 0.3173828140625 0.4609375 0.3369140640625 0.451171875 0.3720703140625 0.453125 0.4326171859375 0.45703125 0.4521484359375 0.466796875 0.4619140640625 0.466796875 0.4794921859375 0.482421875 0.4931640640625 0.482421875 0.5146484359375 0.525390625 0.5556640640625 0.546875 0.5146484359375 0.546875 0.4912109359375 0.5625 0.4384765640625 0.560546875 0.4228515640625
2 0.439453125 0.3154296859375 0.443359375 0.2900390640625 0.4326171859375 0.29296875 0.427734375 0.2705078140625 0.3994140640625 0.25 0.400390625 0.2880859359375 0.392578125 0.2978515640625 0.404296875 0.3017578140625 0.400390625 0.3212890640625 0.412109375 0.3310546859375 0.41015625 0.3818359359375 0.4208984359375 0.3984375 0.431640625 0.4013671859375 0.4365234359375 0.4140625 0.443359375 0.4130859359375 0.451171875 0.4052734359375 0.453125 0.3720703140625 0.451171875 0.3310546859375 0.439453125 0.3154296859375
2 0.56640625 0.6474609359375 0.5576171859375 0.638671875 0.5380859359375 0.662109375 0.5234375 0.6650390640625 0.53125 0.6748046859375 0.53125 0.6923828140625 0.5361328140625 0.6953125 0.5458984359375 0.6875 0.5576171859375 0.70703125 0.5673828140625 0.703125 0.5751953140625 0.71484375 0.583984375 0.7138671859375 0.591796875 0.6845703140625 0.5791015640625 0.669921875 0.564453125 0.6748046859375 0.56640625 0.6474609359375
2 0.6044921859375 0.78515625 0.5849609359375 0.765625 0.578125 0.7958984359375 0.5869140640625 0.802734375 0.6015625 0.8017578140625 0.611328125 0.7978515640625 0.611328125 0.7841796859375 0.6083984359375 0.779296875 0.6044921859375 0.78515625
2 0.642578125 0.8681640640625 0.646484375 0.8564453140625 0.6318359359375 0.84375 0.62109375 0.8662109359375 0.642578125 0.8681640640625
2 0.671875 0.9384765640625 0.6650390640625 0.9375 0.654296875 0.9775390640625 0.6650390640625 1 0.6796875 0.9990234359375 0.677734375 0.9892578140625 0.685546875 0.9853515640625 0.685546875 0.9775390640625 0.671875 0.9384765640625
2 0.3359375 0.09863281406249999 0.3427734359375 0.10546875 0.359375 0.10644531406249999 0.361328125 0.08886718593750001 0.3486328140625 0.072265625 0.337890625 0.08496093593750001 0.3359375 0.09863281406249999