2 0.761948675 0.022525792187499998 0.7463852578125 0.02752863125 0.7411186125 0.041719484375 0.752419153125 0.06884158124999999 0.808745909375 0.055023932812499995 0.7995711671875 0.0449851234375 0.7655132625000001 0.03681854375 0.761948675 0.022525792187499998
2 0.6809907484375 0.0788141171875 0.6751553515625 0.0543462828125 0.6876694359375 0.049956060937500005 0.69469163125 0.0310349203125 0.682956071875 0.0246374375 0.6396319109374999 0.037093578125 0.6335599953125 0.050195473437500006 0.6424714703125 0.08592735625 0.6612827171875 0.09715701875 0.6809907484375 0.0788141171875
2 0.4478027703125 0.128163578125 0.452317640625 0.13663708593749999 0.46195414375 0.13782794062499998 0.4852000203125 0.12190113124999999 0.49607681562500006 0.1034563328125 0.462190665625 0.100258209375 0.4478027703125 0.128163578125
2 0.3261195296875 0.1388518671875 0.357299853125 0.15259951875 0.364810559375 0.1367070828125 0.3433850015625 0.10536542499999998 0.3261195296875 0.1388518671875
2 0.8770686171875001 0.37712157031250004 0.8536242421875 0.37620326406250004 0.8410566640624999 0.3568401609375 0.82581000625 0.35990324687499997 0.8202266 0.37603385 0.8337712046875 0.401454371875 0.8510901687500001 0.39172125156250004 0.8881706578124999 0.3873985484375 0.8770686171875001 0.37712157031250004
2 0.9069551578124999 0.386751553125 0.9728269031250001 0.40478628437499997 0.9774600328125 0.39447492500000003 0.964258934375 0.3789913203125 0.9780400578125 0.3668421046875 0.9537904140625001 0.364834840625 0.9069551578124999 0.386751553125
2 0.629664496875 0.4593448578125 0.6566467125 0.46267925468750004 0.6893573453124999 0.4429748421875 0.7144122578125 0.446071065625 0.72402201875 0.4353852609375 0.743756796875 0.42891901875 0.7450238328125 0.421160025 0.7175531046875 0.414796921875 0.687403296875 0.430860009375 0.6299545125 0.44552844843750006 0.626760171875 0.453049271875 0.629664496875 0.4593448578125
2 0.5063707109375 0.4678552265625 0.486147421875 0.4712927609375 0.4777779546875 0.46234291250000004 0.4479181546875 0.464589590625 0.4447238203125 0.4721104125 0.4759041421875 0.4858580640625 0.505130425 0.4874908828125 0.5232546578124999 0.4788467234375 0.5063707109375 0.4678552265625
2 0.19211782500000002 0.52598636875 0.2133181359375 0.5286062499999999 0.23368643437499997 0.5182605140625001 0.22643899687500002 0.508459875 0.20909328125 0.506316334375 0.1973844703125 0.5117955109375 0.19211782500000002 0.52598636875
2 0.619590096875 0.83408949375 0.573968384375 0.8244938890625001 0.57077405 0.8320147109375 0.6080797812500001 0.8564137890625 0.6308906375000001 0.8612115906250001 0.6421644359374999 0.876457028125 0.6537282421875 0.87788605625 0.662189225 0.856174378125 0.68111873125 0.8486191734374999 0.677409134375 0.841234628125 0.6494498953125001 0.8318428156250001 0.6465188203125 0.8136705671875 0.6227576874999999 0.8146920109375 0.6168307796875 0.8208857 0.619590096875 0.83408949375
2 0.8760126749999999 0.8351047312500001 0.8660326625 0.8239769593749999 0.889450290625 0.81301860625 0.8645403796875 0.803014175 0.84400033125 0.8083914578125 0.80545430625 0.8036280343750001 0.7980886109374999 0.8126122625000001 0.826708115625 0.8300012406249999 0.8723298265625001 0.8395968437500001 0.8760126749999999 0.8351047312500001
2 0.2421065203125 0.9061745609375 0.2450108453125 0.9124701484375001 0.2639670984375 0.9167916078125 0.284335396875 0.90644586875 0.28560243281250003 0.8986868749999999 0.275794171875 0.8925275640624999 0.2421065203125 0.9061745609375
2 0.35122218906249997 0.8761231687500001 0.32651077968750003 0.88296385625 0.32107238125 0.8921862562499999 0.325442240625 0.907567965625 0.3355672578125 0.9117875312500001 0.3631562484375 0.8993657687500001 0.367789375 0.8890544078125 0.35122218906249997 0.8761231687500001
2 0.1912181640625 0.9107698125000001 0.1953627796875 0.8974297468750001 0.1820166765625 0.8888543421874999 0.15523295937499998 0.9023650625 0.1525271359375 0.9129145937500001 0.15640848125 0.9252675984375 0.182440421875 0.9344212390625 0.1983205984375 0.9274786531249999 0.1912181640625 0.9107698125000001
2 0.834363828125 0.8072006015625 0.80545430625 0.8036280343750001 0.79840536875 0.8106725140625001 0.8286354140625001 0.830239409375 0.8662311624999999 0.840822078125 0.8740853734374999 0.8348665609375001 0.8660326625 0.8239769593749999 0.8910608328125 0.8151965234375 0.8756156781250001 0.8014144921874999 0.8837866484375001 0.793519225 0.9006438453125 0.79263405625 0.8898585640625001 0.78041733125 0.8648036453125 0.7773211046874999 0.84250805 0.7874286734375 0.834363828125 0.8072006015625