0 0.775390625 0.4599609359375 0.771484375 0.4365234359375 0.7626953140625 0.42578125 0.75390625 0.4404296859375 0.755859375 0.4521484359375 0.748046875 0.4580078140625 0.75 0.4658203140625 0.73828125 0.4794921859375 0.7470703140625 0.5 0.7626953140625 0.48828125 0.77734375 0.5009765640625 0.779296875 0.4833984359375 0.7978515640625 0.482421875 0.798828125 0.4775390640625 0.775390625 0.4599609359375
2 0.11816406406249999 0.19921875 0.115234375 0.2529296859375 0.123046875 0.2568359359375 0.140625 0.2431640640625 0.142578125 0.2333984359375 0.126953125 0.2021484359375 0.11816406406249999 0.19921875
2 0.07324218593750001 0.234375 0.099609375 0.2353515640625 0.1015625 0.1904296859375 0.08886718593750001 0.17578125 0.0703125 0.2294921859375 0.07324218593750001 0.234375
2 0.0517578140625 0.0078125 0.043945314062500004 0.0078125 0.0390625 0.022460935937500003 0.0546875 0.0556640640625 0.046875 0.07714843593750001 0.060546875 0.10839843593750001 0.076171875 0.11425781406249999 0.087890625 0.09472656406249999 0.07421875 0.08105468593750001 0.060546875 0.018554685937500003 0.0517578140625 0.0078125
2 0.1796875 0.4580078140625 0.173828125 0.4794921859375 0.17578125 0.5029296859375 0.185546875 0.5087890640625 0.205078125 0.5009765640625 0.197265625 0.4912109359375 0.1904296859375 0.451171875 0.1796875 0.4580078140625
2 0.134765625 0.3837890640625 0.140625 0.4189453140625 0.154296875 0.3974609359375 0.154296875 0.3896484359375 0.1416015640625 0.37890625 0.134765625 0.3837890640625
2 0.103515625 0.3505859359375 0.103515625 0.3623046859375 0.11328125 0.3642578140625 0.126953125 0.3447265640625 0.11621093593750001 0.328125 0.109375 0.3310546859375 0.103515625 0.3505859359375
2 0.228515625 0.6279296859375 0.2353515640625 0.638671875 0.2421875 0.6376953140625 0.25 0.6201171859375 0.2431640640625 0.607421875 0.2353515640625 0.607421875 0.228515625 0.6279296859375
2 0.3037109359375 0.70703125 0.2958984359375 0.70703125 0.271484375 0.7236328140625 0.26953125 0.7353515640625 0.287109375 0.7529296859375 0.29296875 0.7861328140625 0.310546875 0.8017578140625 0.31640625 0.7861328140625 0.296875 0.7490234359375 0.30859375 0.7158203140625 0.3037109359375 0.70703125
2 0.640625 0.7861328140625 0.6240234359375 0.775390625 0.6103515640625 0.783203125 0.5986328140625 0.763671875 0.5947265640625 0.76953125 0.5888671859375 0.763671875 0.60546875 0.8037109359375 0.603515625 0.8447265640625 0.6201171859375 0.84765625 0.6328125 0.8798828140625 0.64453125 0.8857421859375 0.64453125 0.8564453140625 0.6328125 0.8408203140625 0.6328125 0.8056640640625 0.640625 0.7861328140625
2 0.396484375 0.1435546859375 0.408203125 0.1943359359375 0.416015625 0.1982421859375 0.423828125 0.1591796859375 0.416015625 0.1416015640625 0.4013671859375 0.130859375 0.396484375 0.1435546859375
2 0.3818359359375 0.056640625 0.365234375 0.09863281406249999 0.37109375 0.10449218593750001 0.3818359359375 0.09375 0.408203125 0.09472656406249999 0.384765625 0.06933593593750001 0.3818359359375 0.056640625
2 0.4443359359375 0.232421875 0.44140625 0.2431640640625 0.453125 0.2666015640625 0.4404296859375 0.271484375 0.439453125 0.2783203140625 0.455078125 0.2939453140625 0.462890625 0.2861328140625 0.455078125 0.2646484359375 0.458984375 0.2353515640625 0.4443359359375 0.232421875
2 0.89453125 0.8388671859375 0.888671875 0.8544921859375 0.896484375 0.8564453140625 0.921875 0.8408203140625 0.9228515640625 0.822265625 0.890625 0.8232421859375 0.89453125 0.8388671859375
2 0.787109375 0.3603515640625 0.7744140640625 0.3515625 0.76953125 0.4013671859375 0.779296875 0.4208984359375 0.79296875 0.4287109359375 0.8046875 0.3818359359375 0.7998046859375 0.376953125 0.7900390640625 0.38671875 0.787109375 0.3603515640625
2 0.712890625 0.1513671859375 0.716796875 0.1337890640625 0.7080078140625 0.130859375 0.693359375 0.1572265640625 0.703125 0.1650390640625 0.720703125 0.2158203140625 0.7421875 0.2333984359375 0.74609375 0.2001953140625 0.72265625 0.1865234359375 0.72265625 0.1669921859375 0.712890625 0.1513671859375
2 0.68359375 0.09863281406249999 0.71484375 0.10839843593750001 0.703125 0.07519531406249999 0.6923828140625 0.0703125 0.693359375 0.08300781406249999 0.68359375 0.09863281406249999