2 0.5793209734375 0.07483872968750001 0.572997953125 0.0503666359375 0.566611978125 0.053261403124999995 0.5657461765625 0.0679173421875 0.5712663515624999 0.07967851718749999 0.5793209734375 0.07483872968750001
2 0.00351373125 0.040162135937499996 0.0166359828125 0.039285771875 0.019989014062499998 0.0285540140625 0.0023406734375 0.026754026562499998 0.00351373125 0.040162135937499996
2 0.0998061296875 0.8998863359374999 0.11949404374999999 0.9019565593750001 0.1220284890625 0.8853555953125 0.10014194843749999 0.8744758765625 0.0998061296875 0.8998863359374999
2 0.7789708703125 0.6995910859375 0.7542927640625 0.69651420625 0.7359691546875 0.70422599375 0.7351190890625 0.71204021875 0.7606315218749999 0.7141445875 0.7789708703125 0.6995910859375
2 0.541435578125 0.7490234 0.5126016015625 0.74396735625 0.5048198390625 0.7507635421875001 0.5072913265625 0.76152944375 0.5311351125 0.7655788328125 0.541435578125 0.7490234
2 0.026322596875 0.2895572453125 0.072068659375 0.2976446390625 0.0898308109375 0.29286176406250003 0.079593303125 0.282050334375 0.0593596671875 0.276067309375 0.028841304687500003 0.279798 0.026322596875 0.2895572453125
2 0.3001483734375 0.500326378125 0.276850309375 0.5001897953125 0.275150184375 0.5158182453125 0.28179328125 0.521721596875 0.3225648953125 0.5219606203125 0.32673650468750004 0.517098071875 0.3201091484375 0.5043530031250001 0.3001483734375 0.500326378125
2 0.63658508125 0.7427394031250001 0.6634932953125 0.74094235 0.6937860171875 0.7147301109375 0.6441412015625 0.713461665625 0.63658508125 0.7427394031250001
2 0.6382536171875001 0.3791559703125 0.6326862234374999 0.3879199390625 0.63597629375 0.404555046875 0.6517497140625 0.4202859359375 0.6686775453125 0.41647557187500006 0.67870515 0.39796373749999997 0.6518441578124999 0.37923564375 0.6382536171875001 0.3791559703125
2 0.4576987984375 0.134724596875 0.4038981125 0.13147698593749998 0.39497768906249997 0.15097271406249999 0.4102368703125 0.1491073671875 0.4254645703125 0.1609254515625 0.442665259375 0.1590714890625 0.4562715359375 0.15230944531249999 0.4576987984375 0.134724596875
2 0.8113991546875001 0.34791679375 0.8017545875 0.320493021875 0.785965425 0.311603846875 0.764320265625 0.316363959375 0.7645459031249999 0.3388455078125 0.7720075875 0.35061806562500003 0.7864167046875 0.35656694375 0.8058317578124999 0.3566807640625 0.8113991546875001 0.34791679375
2 0.104413175 0.5851901859375 0.059212832812500005 0.581015596875 0.0605141765625 0.6181644671875001 0.0896997125 0.5909683343750001 0.15128216249999998 0.58741975625 0.15660817968750002 0.5630159531250001 0.1269556140625 0.5520907015625001 0.104413175 0.5851901859375
2 0.0719532015625 0.22727108125 0.08634657968750001 0.24006167656250002 0.0868765640625 0.250816196875 0.1185021078125 0.2480693953125 0.115951921875 0.27151207187500004 0.1259165703125 0.2803671 0.1631252515625 0.262014615625 0.14181591093749998 0.241364265625 0.1210050765625 0.2451518671875 0.11108764687499999 0.2157716921875 0.0944326828125 0.221538459375 0.0741990484375 0.215555434375 0.0719532015625 0.22727108125
2 0.9401315546875001 0.6936940765624999 0.9501276828125 0.688865675 0.9509934812499999 0.67420973125 0.9651454812500001 0.6713604921874999 0.9602025078124999 0.64982869375 0.9266669343749999 0.6388806781249999 0.915532146875 0.656408621875 0.8902925749999999 0.6562606546875001 0.8902610984375 0.669944084375 0.90964466875 0.6837413359375 0.9401315546875001 0.6936940765624999
2 0.20686156875 0.179191921875 0.238985621875 0.200883071875 0.25230329375 0.1990063453125 0.2658623515625 0.2127694515625 0.297472159375 0.216864365625 0.3055267828125 0.21202458124999998 0.30416247812499997 0.2022425703125 0.2867361515625 0.1816149875 0.2567949859375 0.17557505 0.2435087890625 0.163768346875 0.2310096984375 0.1715142796875 0.2096531359375 0.17138907812499998 0.20686156875 0.179191921875
2 1 0.2397182359375 0.9958840984374999 0.21020737031249997 0.9628942468749999 0.20317216249999998 0.951166515625 0.2373124453125 0.9547451875 0.2490622390625 0.9394702640625001 0.257769303125 0.9256068687499999 0.255733225 0.9250296640625001 0.26550385312499997 0.92944265625 0.276281134375 0.9416374109375001 0.28026223125 0.932171265625 0.29584515312500004 0.9410129921875001 0.31055800625 0.9640381953125001 0.3087381890625 0.9718356937499999 0.2951002859375 1 0.30014850000000004 1 0.284953046875 0.9632983109375 0.268660403125 0.99633538125 0.2551704703125 1 0.24716138281250002 1 0.2397182359375
2 0.5810999 0.3866401171875 0.5552831296875 0.39626277656250003 0.517030228125 0.38626451093749997 0.49982953593749996 0.3881184734375 0.4656852859375 0.4006245203125 0.46899109531249994 0.410417909375 0.48173156875 0.4183118078125 0.4706282578125 0.42215631875000004 0.4694895984375 0.4348558609375 0.422620609375 0.432626290625 0.40816426874999995 0.44720255781249996 0.4086942484375 0.4579570765625 0.4486157984375 0.4660103234375 0.4677265140625 0.4778511734375 0.471111021875 0.4534359859375 0.50413235 0.44678776718749996 0.51358275625 0.4380465578125 0.516117203125 0.42144559687500005 0.589348684375 0.417965309375 0.6123424109375 0.4298289234375 0.6217928140625 0.42108771875000006 0.6198827875 0.40739290156249996 0.6096452796875 0.39658147499999996 0.5810999 0.3866401171875