2 0.6653013921875 0 0.662613259375 0.009530875 0.6720907640625 0.0222825015625 0.6729074734375 0.056470390625 0.7042338531250001 0.05665227187500001 0.7155708078125 0.048904803125 0.731439215625 0.0529035796875 0.7455591078125 0.0422422859375 0.7476237796875 0.025651028125000003 0.7717383796874999 0.0189544109375 0.775760946875 0.00237451875 0.8030689203125 0.000579746875 0.8034421593750001 0 0.6653013921875 0
2 0.36807427812500004 0.14064673125 0.36487674531250003 0.1543014265625 0.3733239953125 0.1660704078125 0.3924925453125 0.15836840937500002 0.3902226578125 0.1710518265625 0.405471246875 0.1818836375 0.41474769843750003 0.17217088281249998 0.4245371875 0.1722277203125 0.447523090625 0.14403799374999998 0.4186718171875 0.13508053281250001 0.4051717484375 0.138908796875 0.3908507984375 0.1271057125 0.3816769625 0.13877238593750002 0.36807427812500004 0.14064673125
2 0.2392467484375 0.22193831562500002 0.23594660625000002 0.2336390921875 0.269538715625 0.239694096875 0.27376650156250004 0.227022046875 0.2900495078125 0.220279953125 0.30551164375 0.19790651406249998 0.2849024 0.196810196875 0.2874801171875 0.18998853124999998 0.271406490625 0.1820819171875 0.2716158703125 0.1674332125 0.2540973953125 0.1692848234375 0.23884047812500003 0.19556610000000002 0.2574876578125 0.21520759531250003 0.2392467484375 0.22193831562500002
2 0.2173187859375 0.5870823656249999 0.2291687875 0.589104490625 0.23927026875 0.576466540625 0.23453359843750002 0.56081245625 0.24885870625 0.554059 0.2646245046875 0.5561038593750001 0.27276809062499996 0.54345454375 0.233716890625 0.5266245671875 0.22124290625 0.549992015625 0.2011508734375 0.5401087484375 0.190429571875 0.559579728125 0.2173187859375 0.5870823656249999
2 0.6430536265625 0.38250196875000003 0.64150616875 0.3903062734375 0.6887009546875 0.39448693281249997 0.695916896875 0.3828088921875 0.703748490625 0.3828543625 0.7102420015625001 0.37605543125 0.7001446812500001 0.3701368421875 0.7057105499999999 0.3643091859375 0.700666053125 0.34279335 0.666556740625 0.3455252921875 0.6505857234375 0.33957259687499997 0.6430577921875 0.3639454234375 0.6555234484375 0.3776910625 0.6430536265625 0.38250196875000003
2 0.8149466046875 0.338573553125 0.82720704375 0.34841135156249997 0.8358636734375 0.3455316265625 0.8353506265625 0.3357620359375 0.8260783437500001 0.326918246875 0.8182467484375 0.326872778125 0.8149466046875 0.338573553125
2 0.8625601515625 0.313456803125 0.8432889921875001 0.31920488125 0.8380309531250001 0.330894290625 0.8693573328124999 0.331076171875 0.8745086015625001 0.3359893890625 0.86935316875 0.3496327125 0.8764623359374999 0.35455729687500004 0.9014019765624999 0.3449354828125 0.9194334984375001 0.35285346562500003 0.9409703875 0.3529785078125 0.9370587515625 0.334399228125 0.9559194734375 0.320835478125 0.899452403125 0.30781102968749996 0.8830709484374999 0.29404265937499996 0.8625601515625 0.313456803125
2 1 0.2533718984375 0.9879849281249999 0.24191207499999998 0.9657214546875 0.2652226859375 0.9420214515625001 0.2611784390625 0.9287266000000001 0.26891453906249996 0.9612842890625 0.29254344374999997 0.972518634375 0.28284205625 0.990242328125 0.2848982828125 0.9934398625 0.2712435875 1 0.2689153203125 1 0.2533718984375
2 1 0.6270301468749999 0.9904752312499999 0.624777803125 0.9802711375 0.6354618328125 0.9818144343749999 0.6462140703125 1 0.6532764484375 1 0.6270301468749999
2 0.8092974796875 0.71553205625 0.8173384578125 0.70092881875 0.7611792109375 0.6937661312500001 0.7585973312500001 0.7191443375000001 0.7940447265625 0.723256790625 0.8092974796875 0.71553205625
2 0.619270371875 0.74958856875 0.59979399375 0.7514288125 0.5887648640625 0.7650380359375 0.6036030203125 0.7680541734374999 0.598550196875 0.78365141875 0.607719875 0.7905412843749999 0.636883134375 0.7868039625 0.6509988640625 0.7946992093749999 0.678409446875 0.7948583546875 0.68304766875 0.790001975 0.6638832796874999 0.779147434375 0.6594544375 0.7693551046875 0.624417478125 0.7730583265625001 0.626379540625 0.75451315 0.619270371875 0.74958856875
2 0.48365398906249996 0.7761476984375 0.464895875 0.791665371875 0.45098536874999995 0.7876779609375 0.4184193515625 0.80116214375 0.41913761562499996 0.8148395718750001 0.42727703906250003 0.8207467984375001 0.4480956625 0.8071944125 0.4618009515625 0.807273984375 0.4863218265625 0.8269495812500001 0.5000271203125 0.8270291546875 0.5092009562500001 0.8153624796875001 0.537021975 0.8233373015625001 0.5480511031249999 0.8097280765624999 0.5606235328125 0.8068710890625 0.5277538515625 0.795936971875 0.5170408796875 0.778294865625 0.48365398906249996 0.7761476984375
2 0.2493009875 0.8792898156250001 0.24188399062500002 0.8685034765624999 0.22364308593749999 0.8752342000000001 0.2178678375 0.8957105578125001 0.2442481640625 0.8948870624999999 0.2493009875 0.8792898156250001
2 0.38008225156250003 0.8165661390625001 0.38265996874999997 0.809744478125 0.375242971875 0.7989581375 0.35185079531249996 0.8007756453124999 0.32927949375 0.8182245015625 0.34690058437500004 0.8183268109374999 0.3571005109375 0.826199321875 0.36421384218749997 0.8125673609374999 0.38008225156250003 0.8165661390625001
2 0.270021165625 0.8452269671874999 0.2615697515625 0.8520145296875 0.255794503125 0.8724908859375 0.263933925 0.8783981125 0.29289196562500003 0.8707529515625 0.2945462015625 0.84634601875 0.2854791359375 0.8414100703124999 0.270021165625 0.8452269671874999