2 0.828125 0.4326171859375 0.83984375 0.4248046859375 0.8388671859375 0.4140625 0.818359375 0.4189453140625 0.828125 0.4326171859375
2 0.341796875 0.1435546859375 0.3359375 0.1513671859375 0.34765625 0.1552734359375 0.353515625 0.1337890640625 0.3369140640625 0.12890625 0.33203125 0.1376953140625 0.341796875 0.1435546859375
2 0.99609375 0.8212890640625 0.9990234359375 0.79296875 0.970703125 0.7998046859375 0.9755859359375 0.8125 0.99609375 0.8212890640625
2 0.5625 0.8662109359375 0.5546875 0.8798828140625 0.5595703140625 0.890625 0.568359375 0.8916015640625 0.576171875 0.8564453140625 0.5595703140625 0.841796875 0.552734375 0.8564453140625 0.5625 0.8662109359375
2 0.4248046859375 0.458984375 0.40625 0.4677734359375 0.40625 0.4814453140625 0.41796875 0.4853515640625 0.4375 0.4697265640625 0.4326171859375 0.4453125 0.423828125 0.4462890640625 0.4248046859375 0.458984375
2 0.8720703140625 0.517578125 0.861328125 0.5224609359375 0.85546875 0.5458984359375 0.857421875 0.5634765640625 0.8671875 0.5634765640625 0.86328125 0.5478515640625 0.8779296859375 0.546875 0.888671875 0.5380859359375 0.8720703140625 0.517578125
2 0.078125 0.6435546859375 0.06640625 0.6669921859375 0.07519531406249999 0.6796875 0.087890625 0.6806640640625 0.103515625 0.6513671859375 0.103515625 0.6416015640625 0.09082031406249999 0.63671875 0.078125 0.6435546859375
2 0.2275390640625 0.875 0.2119140640625 0.876953125 0.19140625 0.9052734359375 0.20703125 0.9384765640625 0.20703125 0.9658203140625 0.21484375 0.9677734359375 0.224609375 0.9208984359375 0.220703125 0.9072265640625 0.232421875 0.8994140640625 0.2275390640625 0.875
2 0.826171875 0.3212890640625 0.8193359359375 0.3046875 0.80078125 0.3330078140625 0.80078125 0.3583984359375 0.80859375 0.3779296859375 0.8369140640625 0.359375 0.845703125 0.3408203140625 0.84375 0.3310546859375 0.826171875 0.3212890640625
2 0.7138671859375 0.107421875 0.69140625 0.1259765640625 0.69140625 0.1376953140625 0.7109375 0.1572265640625 0.720703125 0.1962890640625 0.73046875 0.2021484359375 0.7421875 0.1611328140625 0.734375 0.1474609359375 0.73046875 0.11230468593750001 0.7138671859375 0.107421875
2 0.9580078140625 0.685546875 0.9462890640625 0.689453125 0.919921875 0.7216796859375 0.927734375 0.7685546859375 0.939453125 0.7783203140625 0.947265625 0.7705078140625 0.96484375 0.7138671859375 0.966796875 0.6923828140625 0.9580078140625 0.685546875
2 0.5498046859375 0.703125 0.517578125 0.7333984359375 0.515625 0.7470703140625 0.5498046859375 0.7890625 0.560546875 0.7880859359375 0.56640625 0.7783203140625 0.564453125 0.7275390640625 0.5625 0.7138671859375 0.5498046859375 0.703125
2 0.044921875 0.4970703140625 0.020507814062499997 0.474609375 0.005859375 0.4853515640625 0 0.5244140640625 0.01171875 0.5380859359375 0.01171875 0.5615234359375 0.037109375 0.5634765640625 0.05859375 0.5458984359375 0.05859375 0.5380859359375 0.048828125 0.5263671859375 0.044921875 0.4970703140625