2 0.4560546859375 0.95703125 0.4453125 0.9658203140625 0.44921875 0.9873046859375 0.4638671859375 1 0.4814453140625 0.9921875 0.4892578140625 1 0.521484375 0.9990234359375 0.498046875 0.9814453140625 0.49609375 0.9697265640625 0.4775390640625 0.953125 0.4560546859375 0.95703125
2 0.4765625 0.9052734359375 0.45703125 0.8837890640625 0.458984375 0.8603515640625 0.4443359359375 0.841796875 0.412109375 0.8720703140625 0.43359375 0.8955078140625 0.43359375 0.9208984359375 0.44140625 0.9287109359375 0.4541015640625 0.919921875 0.4677734359375 0.92578125 0.4765625 0.9130859359375 0.4765625 0.9052734359375
2 0.435546875 0.7080078140625 0.4130859359375 0.6875 0.3935546859375 0.693359375 0.3818359359375 0.70703125 0.3662109359375 0.70703125 0.35546875 0.7353515640625 0.36328125 0.7666015640625 0.3896484359375 0.763671875 0.396484375 0.7861328140625 0.40234375 0.7880859359375 0.41796875 0.7587890640625 0.416015625 0.7373046859375 0.4375 0.7236328140625 0.435546875 0.7080078140625
2 0.296875 0.4521484359375 0.296875 0.4228515640625 0.3046875 0.4033203140625 0.2841796859375 0.376953125 0.2685546859375 0.37890625 0.255859375 0.3681640640625 0.251953125 0.3564453140625 0.2578125 0.3349609359375 0.23828125 0.3232421859375 0.236328125 0.2744140640625 0.2255859359375 0.271484375 0.201171875 0.2880859359375 0.21875 0.3271484359375 0.216796875 0.3818359359375 0.2216796859375 0.388671875 0.2353515640625 0.388671875 0.251953125 0.4091796859375 0.244140625 0.4306640640625 0.251953125 0.4443359359375 0.248046875 0.4658203140625 0.2890625 0.4912109359375 0.291015625 0.5009765640625 0.271484375 0.5126953140625 0.26953125 0.5244140640625 0.28515625 0.5498046859375 0.287109375 0.5654296859375 0.294921875 0.5673828140625 0.3125 0.5595703140625 0.3203125 0.5380859359375 0.31640625 0.4970703140625 0.296875 0.4521484359375
2 0.1748046859375 0.16015625 0.16015625 0.1650390640625 0.126953125 0.11230468593750001 0.1416015640625 0.1015625 0.169921875 0.10644531406249999 0.17578125 0.09472656406249999 0.173828125 0.038085935937499996 0.1669921859375 0.029296875 0.1474609359375 0.033203125 0.1337890640625 0.021484375 0.11621093593750001 0.037109375 0.09667968593750001 0.017578125 0.08886718593750001 0.017578125 0.08203125 0.0302734359375 0.091796875 0.08886718593750001 0.080078125 0.10449218593750001 0.078125 0.1279296859375 0.08886718593750001 0.138671875 0.11621093593750001 0.130859375 0.1337890640625 0.154296875 0.1435546859375 0.154296875 0.154296875 0.1650390640625 0.158203125 0.1748046859375 0.15234375 0.1904296859375 0.16796875 0.2177734359375 0.166015625 0.2470703140625 0.189453125 0.2548828140625 0.193359375 0.2392578140625 0.2109375 0.2255859359375 0.208984375 0.2080078140625 0.1748046859375 0.16015625
2 0.0517578140625 0.6953125 0.046875 0.7021484359375 0.048828125 0.7373046859375 0.060546875 0.7451171859375 0.06640625 0.7353515640625 0.06640625 0.7060546859375 0.0595703140625 0.6953125 0.0517578140625 0.6953125
2 0 0.6865234359375 0.015625 0.7001953140625 0.018554685937500003 0.689453125 0.0390625 0.6826171859375 0.038085935937499996 0.66015625 0.022460935937500003 0.66015625 0.0126953140625 0.671875 0 0.6728515640625 0 0.6865234359375
2 0.1640625 0.9716796859375 0.162109375 0.9814453140625 0.1728515640625 1 0.21484375 0.9990234359375 0.2109375 0.9716796859375 0.2021484359375 0.9609375 0.1748046859375 0.962890625 0.1640625 0.9716796859375
2 0.146484375 0.8291015640625 0.1337890640625 0.82421875 0.123046875 0.8095703140625 0.115234375 0.7353515640625 0.10253906406249999 0.7265625 0.08105468593750001 0.734375 0.0703125 0.7548828140625 0.09765625 0.7861328140625 0.08984375 0.8310546859375 0.1171875 0.8486328140625 0.115234375 0.9052734359375 0.13671875 0.9306640640625 0.14453125 0.8994140640625 0.13671875 0.8701171859375 0.150390625 0.8408203140625 0.146484375 0.8291015640625
2 0.5 0.08105468593750001 0.5078125 0.0576171859375 0.4912109359375 0.052734375 0.48828125 0.06933593593750001 0.5 0.08105468593750001
2 0.5078125 0.1806640640625 0.509765625 0.1923828140625 0.5234375 0.2216796859375 0.53125 0.2236328140625 0.537109375 0.1982421859375 0.5234375 0.1728515640625 0.5146484359375 0.169921875 0.5078125 0.1806640640625
2 0.6884765640625 0.666015625 0.685546875 0.6943359359375 0.69921875 0.7099609359375 0.70703125 0.7509765640625 0.71484375 0.7548828140625 0.7265625 0.7158203140625 0.70703125 0.6982421859375 0.6953125 0.6669921859375 0.6884765640625 0.666015625
2 0.7646484359375 0.896484375 0.759765625 0.8974609359375 0.75390625 0.9287109359375 0.7578125 0.9443359359375 0.783203125 0.9208984359375 0.783203125 0.9091796859375 0.7705078140625 0.90625 0.7646484359375 0.896484375