2 0 0.6005859359375 0.02734375 0.6103515640625 0.025390625 0.5810546859375 0.03125 0.5673828140625 0.0009765640625 0.568359375 0 0.6005859359375
2 0.08203125 0.7841796859375 0.08203125 0.8251953140625 0.095703125 0.8271484359375 0.12109375 0.7919921859375 0.123046875 0.7802734359375 0.11425781406249999 0.7734375 0.08203125 0.7841796859375
2 0.05859375 0.6435546859375 0.05859375 0.6884765640625 0.044921875 0.7138671859375 0.044921875 0.7216796859375 0.0546875 0.7255859359375 0.087890625 0.7119140640625 0.08203125 0.6689453140625 0.06542968593750001 0.638671875 0.05859375 0.6435546859375
2 0.15625 0.8955078140625 0.146484375 0.8798828140625 0.15625 0.8447265640625 0.1435546859375 0.83203125 0.10546875 0.8759765640625 0.1328125 0.9033203140625 0.1328125 0.9111328140625 0.1171875 0.9189453140625 0.1171875 0.9287109359375 0.126953125 0.9384765640625 0.123046875 0.9619140640625 0.13671875 0.9697265640625 0.150390625 0.9560546859375 0.150390625 0.9365234359375 0.158203125 0.9228515640625 0.15625 0.8955078140625
2 0.48046875 0.8681640640625 0.490234375 0.8720703140625 0.515625 0.8505859359375 0.5166015640625 0.828125 0.48828125 0.8291015640625 0.48046875 0.8681640640625
2 0.2822265640625 0.220703125 0.2734375 0.2314453140625 0.2734375 0.2470703140625 0.294921875 0.2548828140625 0.30859375 0.2470703140625 0.310546875 0.2177734359375 0.3037109359375 0.212890625 0.2822265640625 0.220703125
2 0.5380859359375 0.927734375 0.525390625 0.9384765640625 0.525390625 0.9521484359375 0.533203125 0.9619140640625 0.52734375 0.9814453140625 0.53515625 0.9833984359375 0.55078125 0.9755859359375 0.560546875 0.9521484359375 0.55859375 0.9423828140625 0.5380859359375 0.927734375
2 0.296875 0.2783203140625 0.2763671859375 0.283203125 0.2734375 0.2939453140625 0.2958984359375 0.31640625 0.310546875 0.3154296859375 0.3203125 0.3037109359375 0.3203125 0.2919921859375 0.3017578140625 0.265625 0.296875 0.2783203140625
2 0.3583984359375 0.4140625 0.3310546859375 0.40234375 0.322265625 0.4052734359375 0.322265625 0.4287109359375 0.3046875 0.4541015640625 0.3095703140625 0.46875 0.322265625 0.4677734359375 0.3427734359375 0.4609375 0.345703125 0.4423828140625 0.361328125 0.4306640640625 0.3583984359375 0.4140625
2 0.4482421859375 0.607421875 0.4404296859375 0.607421875 0.43359375 0.6396484359375 0.435546875 0.6669921859375 0.4150390640625 0.66796875 0.41015625 0.6767578140625 0.4287109359375 0.71484375 0.453125 0.7158203140625 0.4609375 0.7021484359375 0.453125 0.6923828140625 0.453125 0.6162109359375 0.4482421859375 0.607421875
2 0.595703125 0.0283203140625 0.595703125 0.0615234359375 0.60546875 0.06542968593750001 0.625 0.040039064062500004 0.6201171859375 0.03125 0.6005859359375 0.0234375 0.595703125 0.0283203140625
2 0.6748046859375 0.220703125 0.693359375 0.2197265640625 0.70703125 0.2041015640625 0.6884765640625 0.1796875 0.666015625 0.2080078140625 0.6748046859375 0.220703125
2 0.796875 0.5263671859375 0.794921875 0.5458984359375 0.81640625 0.5615234359375 0.8388671859375 0.556640625 0.84765625 0.5380859359375 0.8076171859375 0.521484375 0.796875 0.5263671859375
2 0.8603515640625 0.6796875 0.8408203140625 0.671875 0.8359375 0.6806640640625 0.83984375 0.7177734359375 0.8623046859375 0.75 0.876953125 0.7509765640625 0.8984375 0.7177734359375 0.892578125 0.6884765640625 0.8740234359375 0.67578125 0.8603515640625 0.6796875
2 0.22265625 0.016601564062499997 0.2236328140625 0 0.201171875 0.0009765640625 0.2138671859375 0.015625 0.22265625 0.016601564062499997