2 0.107421875 0.2958984359375 0.10058593593750001 0.28515625 0.068359375 0.2998046859375 0.078125 0.3388671859375 0.060546875 0.3466796859375 0.056640625 0.3623046859375 0.080078125 0.3759765640625 0.1015625 0.3701171859375 0.091796875 0.3330078140625 0.09375 0.3095703140625 0.107421875 0.2958984359375
2 0.2080078140625 0.673828125 0.1884765640625 0.666015625 0.1796875 0.6748046859375 0.181640625 0.7001953140625 0.1943359359375 0.71875 0.220703125 0.7373046859375 0.244140625 0.7001953140625 0.2265625 0.6904296859375 0.2216796859375 0.669921875 0.2080078140625 0.673828125
2 0.2705078140625 0.890625 0.2626953140625 0.88671875 0.2568359359375 0.892578125 0.2392578140625 0.892578125 0.23828125 0.9013671859375 0.2705078140625 0.94140625 0.3125 0.9541015640625 0.318359375 0.9990234359375 0.337890625 0.9990234359375 0.3359375 0.9169921859375 0.2998046859375 0.90234375 0.2783203140625 0.923828125 0.2705078140625 0.890625
2 0.1923828140625 0.544921875 0.154296875 0.5439453140625 0.15625 0.4990234359375 0.1494140640625 0.48828125 0.1416015640625 0.48828125 0.1328125 0.5224609359375 0.142578125 0.5361328140625 0.12109375 0.5517578140625 0.107421875 0.5830078140625 0.11425781406249999 0.59375 0.169921875 0.6123046859375 0.1796875 0.6083984359375 0.18359375 0.5830078140625 0.19921875 0.5537109359375 0.1923828140625 0.544921875
2 0.4287109359375 0.1484375 0.4375 0.1474609359375 0.435546875 0.1259765640625 0.4248046859375 0.125 0.419921875 0.1396484359375 0.4287109359375 0.1484375
2 0.880859375 0.5263671859375 0.890625 0.5361328140625 0.89453125 0.5263671859375 0.8896484359375 0.5 0.880859375 0.5107421859375 0.880859375 0.5263671859375
2 0.380859375 0.020507814062499997 0.40234375 0.024414064062499997 0.416015625 0.0009765640625 0.3876953140625 0 0.37890625 0.0126953140625 0.380859375 0.020507814062499997
2 0.533203125 0.4931640640625 0.52734375 0.5087890640625 0.52734375 0.5322265640625 0.533203125 0.5380859359375 0.55859375 0.5283203140625 0.548828125 0.5146484359375 0.5439453140625 0.486328125 0.533203125 0.4931640640625
2 0.8759765640625 0.44140625 0.8671875 0.4541015640625 0.8671875 0.4658203140625 0.87890625 0.4775390640625 0.8896484359375 0.4765625 0.90625 0.4599609359375 0.8916015640625 0.439453125 0.8759765640625 0.44140625
2 0.60546875 0.8388671859375 0.6103515640625 0.84765625 0.626953125 0.8466796859375 0.646484375 0.8349609359375 0.6318359359375 0.794921875 0.623046875 0.7998046859375 0.60546875 0.8388671859375
2 0.8876953140625 0.36328125 0.8720703140625 0.365234375 0.8525390640625 0.345703125 0.84765625 0.3701171859375 0.859375 0.3935546859375 0.857421875 0.4052734359375 0.875 0.4052734359375 0.876953125 0.3935546859375 0.890625 0.3876953140625 0.892578125 0.3701171859375 0.8876953140625 0.36328125
2 1 0.7548828140625 0.9755859359375 0.74609375 0.96484375 0.7587890640625 0.96484375 0.7861328140625 0.984375 0.8193359359375 0.986328125 0.8388671859375 1 0.8525390640625 1 0.7548828140625
2 0.689453125 0.8759765640625 0.6767578140625 0.869140625 0.666015625 0.8779296859375 0.66015625 0.9111328140625 0.671875 0.9501953140625 0.669921875 0.9755859359375 0.685546875 0.9814453140625 0.703125 0.9619140640625 0.70703125 0.9443359359375 0.6953125 0.9208984359375 0.689453125 0.8759765640625
2 0.591796875 0.5810546859375 0.5849609359375 0.578125 0.578125 0.5947265640625 0.583984375 0.6220703140625 0.578125 0.6357421859375 0.5625 0.6435546859375 0.5625 0.6533203140625 0.5732421859375 0.66796875 0.6171875 0.6748046859375 0.62890625 0.6337890640625 0.615234375 0.5966796859375 0.5927734359375 0.59375 0.591796875 0.5810546859375
2 0.48046875 0.1943359359375 0.4765625 0.1767578140625 0.482421875 0.1708984359375 0.482421875 0.1533203140625 0.47265625 0.1357421859375 0.4619140640625 0.1328125 0.453125 0.1396484359375 0.451171875 0.1552734359375 0.42578125 0.1689453140625 0.423828125 0.1845703140625 0.4453125 0.2373046859375 0.4541015640625 0.24609375 0.48046875 0.2509765640625 0.49609375 0.2333984359375 0.50390625 0.2060546859375 0.4970703140625 0.193359375 0.48046875 0.1943359359375