2 0.7188144125 0.10087666875000001 0.7227914625 0.10780628125 0.7410618671875 0.08656876718749999 0.7522050140625 0.0906845828125 0.7576804015625 0.08588114687500001 0.763559046875 0.070305353125 0.7227137875 0.06272720781249999 0.7133575375000001 0.06746237656250001 0.7132040015625 0.0762792265625 0.7283241984375 0.087324653125 0.7188144125 0.10087666875000001
2 0.6313802749999999 0.13069704843750002 0.6293436578125 0.1238015734375 0.611879765625 0.12349437187500001 0.610938228125 0.115638209375 0.5866541515625 0.12305063593750001 0.5699394296875 0.11687691250000001 0.5650596734375 0.124630675 0.5838498515625 0.1602394125 0.5872886234375 0.14854050000000002 0.6313802749999999 0.13069704843750002
2 0.4996621109375 0.1646381921875 0.489959946875 0.164467525 0.478624428125 0.146629025 0.461199378125 0.16886136093749998 0.45835624375000006 0.1835105984375 0.485022846875 0.1878994828125 0.4895955265625 0.1977794203125 0.49735725468750003 0.1979159546875 0.5294030578125 0.19064006093750002 0.5408532796875 0.1771221765625 0.5566264578125 0.1754397359375 0.5584707015625 0.16861252499999999 0.5547433734375 0.15972740937500002 0.5441958578125 0.158561921875 0.54340785 0.14188890781250002 0.53370569375 0.1417182390625 0.4996621109375 0.1646381921875
2 0.86731154375 0 0.8166610390625 0.0428209015625 0.8240195109374999 0.05372979375 0.8176414203125001 0.07321660156250001 0.824807515625 0.07040280625 0.8318200765625001 0.0764058640625 0.8288419171875001 0.06165422499999999 0.8413298625 0.0628538453125 0.8644800203124999 0.03386256875 0.887707859375 0.0499503625 0.9111465781250001 0.0415431140625 0.9122601671874999 0.002364696875 0.882058609375 0.0028133828125 0.8770107218750001 0 0.86731154375 0
2 0.31359333437500003 0.23584132812499997 0.31985672656249997 0.24771090624999997 0.33518781249999996 0.2342612890625 0.35678228437500004 0.2326812515625 0.364255453125 0.2122337546875 0.3573002421875 0.1905525078125 0.3229680953125 0.19288843125 0.3208741296875 0.20167115 0.333208540625 0.21168761875 0.3073872921875 0.20829355624999998 0.3024501859375 0.2317255125 0.31359333437500003 0.23584132812499997
2 0.1479851203125 0.283885575 0.1148830828125 0.3146616921875 0.1065257203125 0.31157483125 0.1035475578125 0.296823190625 0.0853345046875 0.3023825109375 0.07275036875 0.294321546875 0.06254876718749999 0.29806189375000003 0.073538375 0.3109945625 0.06571929843749999 0.326536221875 0.0783996171875 0.341458528125 0.10412468281250001 0.33799124687500004 0.1189563171875 0.32845264531249996 0.1613960984375 0.33115908906249997 0.172346875 0.32155222031249997 0.187620609375 0.3237807953125 0.1911555609375 0.31894322656249996 0.1762462484375 0.2834027546875 0.166447903125 0.27637074687499996 0.1479851203125 0.283885575
2 0 0.40783647968750003 0.0008988531250000001 0.40771179843749994 0.001455646875 0.3881225890625 0.014846298437499999 0.374638834375 0.0030113328125000003 0.36071135 0.00247305 0.342082828125 0 0.342229584375 0 0.40783647968750003
2 0.0432166671875 0.045874642187499995 0.0344172125 0.031020604687499998 0.0294412703125 0.031913025 0.0237938390625 0.0837510390625 0.0441008609375 0.069409 0.0432166671875 0.045874642187499995
2 0.0825876390625 0 0.0866738484375 0.0025413296875000002 0.11359017499999999 0.0049747062500000005 0.1158765171875 0.009914676562499999 0.09153509531250001 0.033005298437500004 0.117798440625 0.0481665375 0.1527835640625 0.033102746875 0.171899325 0.012860053125000001 0.154089528125 0.007647017187500001 0.14363819687499998 0.013342871875 0.1443873640625 0.00747635 0.1302087109375 0.0042870859375 0.1290131125 0 0.0825876390625 0
2 0 0.67369515625 0.0010190015625 0.673280396875 0.0135642984375 0.6588018265625 0.002574690625 0.6458691578125 0 0.6458238671875 0 0.67369515625
2 0.035811753125 0.6444939203125 0.07586900625000001 0.635399053125 0.0920454453125 0.6229442546875 0.08831811875 0.6140591375 0.06265040625 0.601848225 0.0180204671875 0.6010631546874999 0.012391543750000001 0.6146834390625 0.018309028124999998 0.6216471796875 0.015811803125000003 0.6412022562499999 0.035811753125 0.6444939203125
2 0.18118880625 0.5568957875 0.1649161828125 0.56248924375 0.15014189375 0.5563496531250001 0.14376380312499998 0.5758364593749999 0.1592299078125 0.5917877218750001 0.1965975640625 0.5885252421875 0.20530083124999998 0.596517940625 0.22833629218749998 0.5988830515625 0.24197666562500003 0.5834437921875 0.2691427140625 0.5839216609375 0.2773077015625 0.5732858390625 0.26960332187499997 0.5574711109375 0.2737912578125 0.5399056734375 0.25623118125 0.5327371296875001 0.21730784218750002 0.5634108484375 0.18118880625 0.5568957875
2 0.42128260468749995 0.50428209375 0.4205334359375 0.510148615625 0.4339629234375 0.5192044 0.44464546250000003 0.5497707671875001 0.4582284890625 0.5500097015625001 0.4733098453125 0.5385155921875 0.4891792125 0.54369449375 0.4775939703125 0.5278114984375 0.4871037546875 0.5142594828125 0.47342454375000004 0.50715920625 0.46910158593749995 0.49532376093749997 0.45720927031249997 0.497074465625 0.44794920625 0.5086709765624999 0.42128260468749995 0.50428209375
2 0.5483318984375 0.45359966875 0.5735001671875 0.46972159687500004 0.5988793171875 0.46134848437500003 0.5915208484375001 0.450439590625 0.571174984375 0.4422420921875 0.551520940625 0.4438562640625 0.5483318984375 0.45359966875
2 0.8328632609375 0.3880483578125 0.7879835984375 0.38921879375 0.8003180125 0.399235265625 0.8216627624999999 0.399610734375 0.8235458453125 0.4153230609375 0.8482720203125 0.4196778109375 0.85349768125 0.4168298828125 0.8563981671875001 0.386502453125 0.9070417718750001 0.401112609375 0.9084439203124999 0.38251821874999997 0.9254657125 0.3710582421875 0.878799159375 0.363377696875 0.8528243703125 0.368800484375 0.8328632609375 0.3880483578125
2 0.8156748734375 0.743467903125 0.8177114937500001 0.750363378125 0.8460688031249999 0.756741903125 0.8456655468750001 0.7675142625 0.808893525 0.7737270671875 0.82307218125 0.776916328125 0.819633415625 0.788615240625 0.8289323156249999 0.799558265625 0.8483366359375 0.7998996015625 0.8575966984375001 0.788303090625 0.8779425640625 0.7965005890625 0.8519862874999999 0.7637056484375 0.8683550984374999 0.7649735359375 0.9024948703125 0.748914925 0.8793632203125 0.739688471875 0.8209005359375 0.740619975 0.8156748734375 0.743467903125
2 0.507301534375 0.8281988203124999 0.5003463234375001 0.8065175671875 0.4881081 0.8033624390625 0.4592901796875 0.8234344671875 0.45475633281250005 0.8360940640625 0.478790684375 0.83063714375 0.47907924687500003 0.851221175 0.490818025 0.8582873171875001 0.507301534375 0.8281988203124999
2 0.36632330625 0.8737364734374999 0.3816543859375 0.8602868562499999 0.4003095390625 0.8664947125 0.40797508125000004 0.859769903125 0.3983302703125 0.8439210421875 0.40092368125 0.8312273125 0.3708183140625 0.8385373390625 0.34609213906249997 0.8341825875 0.3431528203125 0.8419704843750001 0.3640943125 0.8531183125 0.36632330625 0.8737364734374999
2 0.3022113734375 0.8275309937499999 0.267322434375 0.8494561265625 0.26607382031250004 0.8592336671874999 0.24880230625 0.872649146875 0.24889849531250002 0.8795104921875 0.26392250625 0.8836945765625 0.28253881875000003 0.8673628984375 0.2988687921875 0.8460912484374999 0.3022113734375 0.8275309937499999
2 0.11990876406249999 0.9301587828125 0.1503988859375 0.9502941281249999 0.166133225 0.9260721500000001 0.15151247343750002 0.9111157125 0.11990876406249999 0.9301587828125
2 0.000101425 0.924131490625 0.030648890625 0.9285886421875 0.037622615625 0.9120521609375001 0.0236936828125 0.9069073921875 0.000101425 0.924131490625
2 0 0.96519225 0.0216773890625 0.960769184375 0.015221623437500002 0.935176915625 0.007113984375 0.930134546875 0 0.9338340625000001 0 0.96519225