2 0.30164955625 0.2976159734375 0.302463790625 0.2779516578125 0.288946928125 0.248646253125 0.2883983 0.20572541718749998 0.2733761515625 0.20107137812500003 0.24835786875000002 0.227191278125 0.2638246859375 0.2562128015625 0.2530335453125 0.2734204375 0.2537149765625 0.285048696875 0.275609125 0.3062934859375 0.288454175 0.30735531875 0.30164955625 0.2976159734375
2 0.29777668125 0.44965956875 0.3084446328125 0.4471292 0.314644821875 0.4354763734375 0.3326486859375 0.4406736140625 0.3344946796875 0.42183637812499997 0.3495264421875 0.40987511249999997 0.3488450109375 0.39824685 0.317541815625 0.38423560156250003 0.30905095625 0.3903581765625 0.3103002453125 0.4116766546875 0.30261400781250003 0.41475022343749995 0.3013454859375 0.4266623640625 0.29021362968750003 0.438055875 0.29777668125 0.44965956875
2 0.45959207968750004 0.6772650859375 0.4645333625 0.6609090953125001 0.4563928375 0.6562304937500001 0.457339875 0.605273603125 0.4535727734375 0.5745487890625001 0.4464640125 0.570697265625 0.434508303125 0.6183703953124999 0.41592696562500003 0.6200982500000001 0.4158037796875 0.6347755171875 0.4265756890625 0.650798496875 0.4257614546875 0.6704628125000001 0.43711084062500005 0.6795607046875001 0.45959207968750004 0.6772650859375
2 0.49944201093749996 0.7867836640625 0.4959771609375 0.8283342171875001 0.5058404953125 0.8288528546875 0.5108953515625 0.8144349046875 0.527877065625 0.80218975625 0.5276595359375 0.781698359375 0.5040329609375 0.7812288515625 0.49944201093749996 0.7867836640625
2 0.56326885 0.885970565625 0.550660559375 0.8721695078125 0.5455960859375 0.9032027640625 0.5558001375 0.9095355312500001 0.5510859984375001 0.9297676078125001 0.5515402843749999 0.93751978125 0.5573901421875 0.9366681375000001 0.574258284375 0.92248494375 0.5800138031250001 0.8864646359374999 0.56326885 0.885970565625
2 0.1662831328125 0.9408334 0.176960703125 0.921687715625 0.164702740625 0.8970854796875001 0.15621188749999998 0.9032080578125001 0.15264308124999998 0.9262052578125 0.1324525078125 0.934031125 0.1431108453125 0.9481160640624999 0.14229661093749998 0.9677803796875001 0.15662770937499998 0.97742146875 0.16948237500000002 0.9618679921875 0.1662831328125 0.9408334
2 0.151384175 0.9215020890625001 0.1324525078125 0.934031125 0.1411608921875 0.9483999453124999 0.1424101828125 0.9697184203125 0.15662770937499998 0.97742146875 0.16948237500000002 0.9618679921875 0.1682330859375 0.9405495171875 0.17707427343749998 0.9236257609375 0.1611531703125 0.8868520640625001 0.17103573593750002 0.85414008125 0.15773639687500002 0.8453260703125001 0.1474091609375 0.8536705734375 0.13374026249999998 0.8888883609375 0.1244447859375 0.8980599421875001 0.1339577875 0.909379759375 0.152539125 0.9076519062499999 0.151384175 0.9215020890625001
2 0.12668919218750002 0.78534498125 0.0914668578125 0.8051321140625 0.0976382 0.8433252187500001 0.1073879625 0.8419058109374999 0.1326430078125 0.8030466875 0.12668919218750002 0.78534498125
2 0.0867160734375 0.690503675 0.068267540625 0.66093895 0.0598902578125 0.66899956875 0.0642252171875 0.7094146 0.05010202968750001 0.7368802140625 0.0556015578125 0.7468297500000001 0.062369604687500003 0.7448671453125 0.0910510359375 0.7309186999999999 0.082229078125 0.7146118390625 0.0867160734375 0.690503675
2 0 0.6202089671875 0.0003887625 0.6268430046875 0.0179287234375 0.64090338125 0.024696770312499998 0.638940771875 0.0190932875 0.6104378890625 0.027934476562499998 0.5935141328125 0.005453234374999999 0.595809746875 0 0.6006775421875 0 0.6202089671875
2 0.8919137015624999 0.6045531671875 0.8927279359375 0.5848888515625 0.871855934375 0.581086453125 0.8625604546875 0.5902580359375 0.8461658312499999 0.578962784375 0.839624928125 0.5848014796875 0.848200509375 0.6304628765625 0.8702082296875 0.6536457062500001 0.8829397109375 0.6527694984375 0.9024584671874999 0.616700059375 0.8919137015624999 0.6045531671875
2 0.813197521875 0.46941964531249997 0.83717443125 0.459087975 0.84108395 0.4419049015625 0.7964718015625001 0.43569495625 0.7882080859375 0.4456936171875 0.7910666125 0.46091408125 0.813197521875 0.46941964531249997
2 0.72695675625 0.2562211921875 0.7119153781249999 0.28479777031250003 0.720055903125 0.2894763765625 0.72291443125 0.3046968421875 0.7366776703125 0.3046477125 0.7454052875 0.2857859171875 0.7310741890625 0.2761448265625 0.733951946875 0.2581346703125 0.72695675625 0.2562211921875
2 0.6669162515625 0.15452848125000002 0.6829797734375 0.1433942953125 0.683443678125 0.134531159375 0.660281009375 0.1251985140625 0.6428353890625 0.14630680000000001 0.6501712984375 0.1540344109375 0.6669162515625 0.15452848125000002
2 0.562114265625 0 0.5619421124999999 0.007581079687500001 0.57398254375 0.011691915625 0.5836457015625001 0 0.562114265625 0