2 0.198560265625 0.8312906828125 0.15969804062499998 0.8660136734374999 0.1974480703125 0.872781365625 0.2142660125 0.844452796875 0.208197671875 0.8332720312499999 0.198560265625 0.8312906828125
2 0.3418928734375 0.8448652890625 0.32073300625 0.8285952296874999 0.291264696875 0.843396521875 0.3128534140625 0.8746545125 0.325631028125 0.8524485203125 0.340907925 0.8506227000000001 0.3418928734375 0.8448652890625
2 0.8066828515625 0.41396293125000005 0.7881495125 0.38233977812500003 0.775642096875 0.373808478125 0.7645484812500001 0.3745077 0.757881625 0.3959833671875 0.735080175 0.38930899218750004 0.7294406828125 0.3931161578125 0.730197846875 0.406184953125 0.7632509125 0.42291349531250005 0.7709608343750001 0.424498575 0.778713175 0.4141725640625 0.7982738781250001 0.428127215625 0.8066828515625 0.41396293125000005
2 0.44177950624999995 0.46509394375 0.4563573515625 0.47901749374999997 0.4722908765625 0.47335340156249994 0.47924363437500006 0.46186968593750005 0.45644218593749997 0.4551953109375 0.44177950624999995 0.46509394375
2 0.19683551875 0.503141284375 0.2132403109375 0.5005540328125 0.21455357656250001 0.492877484375 0.17957302656250002 0.47575267343750005 0.15033250625 0.4717277609375 0.127959903125 0.48004131718750004 0.1354844609375 0.4885415109375 0.19683551875 0.503141284375
2 0 0.5061632625 0.014868468749999999 0.5054634609375 0.0206933265625 0.49474117968750003 0.006258432812500001 0.48581360937499996 0 0.48577454062500003 0 0.5061632625
2 0.09148239062499999 0.1159409015625 0.0441797921875 0.083369678125 0.040054632812500005 0.1133144328125 0.07860424218749999 0.1212398296875 0.09148239062499999 0.1159409015625
2 0.3427649171875 0.058337031250000004 0.32800170624999997 0.0513285984375 0.29627760468750003 0.06765276249999999 0.3047446921875 0.08230663437499999 0.31823705156250004 0.0850805234375 0.34060965468750004 0.07676696875 0.3427649171875 0.058337031250000004
2 0.429872271875 0.0623389484375 0.40547166093750003 0.053349167187500005 0.3888815 0.06285153437499999 0.39960438125 0.07598253906249999 0.429872271875 0.0623389484375
2 0.5147238328125 0.067863734375 0.513167084375 0.05363723593750001 0.48909478437500004 0.042728315625 0.46996293125 0.043761596874999996 0.49536419218749994 0.08772321562499999 0.5087136046875 0.0855011265625 0.5147238328125 0.067863734375
2 0.8986144156250001 0.3722707265625 0.903554859375 0.38421292500000004 0.9347228640624999 0.3886341078125 0.9376352890625 0.383272965625 0.9158187890624999 0.3708411796875 0.8986144156250001 0.3722707265625
2 0.846872375 0.773859909375 0.8151325734375 0.7494548203125 0.7844358359375 0.74811048125 0.796429565625 0.7654760296875 0.8314101171875 0.7826008421874999 0.8433033156249999 0.7830593234375 0.846872375 0.773859909375
2 0.7370059921875 0.7512725265625 0.713547909375 0.748436425 0.7107784296874999 0.7587935406249999 0.7285970171875 0.7654368109374999 0.7439744453125 0.7805180609375 0.7618354515625 0.7752502406249999 0.7678456796875001 0.75761284375 0.7614490218750001 0.74835121875 0.74795665625 0.745577328125 0.7370059921875 0.7512725265625
2 0.6366073390625 0.7783108546874999 0.6119789390625 0.7881472796875 0.6021137515625 0.8049921328125 0.6106232578124999 0.8077349171874999 0.6366073390625 0.7783108546874999
2 0.5930905656250001 0.8110836015625 0.596987946875 0.7999650515625001 0.579725453125 0.772576440625 0.5720155328125001 0.7709913609375 0.5674191046875 0.797859275 0.48712155625 0.7773776671875 0.4742009953125 0.7945876859375 0.4592524171875 0.7944943656250001 0.4770285875 0.8130487265624999 0.5145932484375 0.8267315343750001 0.5216889578125 0.820243796875 0.5547844390625001 0.8250612484375001 0.5728308125 0.8128783125 0.5930905656250001 0.8110836015625