0 0.5376521000000001 0.4997299234375 0.5439955000000001 0.506650671875 0.5431779171875 0.5183783515625 0.56506298125 0.54015203125 0.5550881046875 0.5713348703125 0.5749358906250001 0.5803694390625 0.592112721875 0.57176700625 0.5991850890625 0.5542437125 0.59882394375 0.5454365828125 0.582600959375 0.5403567265625 0.5790238078125001 0.5217310390625001 0.5990555046875 0.514140025 0.6142360234375001 0.5201858171875 0.661412753125 0.5148678328125 0.6651261703125 0.531538903125 0.6736907609375 0.534573175 0.7011559703125 0.5182660046875001 0.712125665625 0.5007882 0.712037046875 0.48807184374999996 0.6926866703125001 0.48588979062500004 0.6840334640625 0.47013916250000004 0.663320446875 0.48750324375 0.6614194296875 0.47280952656249997 0.647962690625 0.456024734375 0.5859732640625 0.4220457546875 0.550624784375 0.42554559062499997 0.5102888640625001 0.44463684375 0.49868549375000004 0.457216740625 0.5090148390625 0.4768993390625 0.501806209375 0.49637724062500005 0.5376521000000001 0.4997299234375
2 0.8327055140624999 0.8552903484375 0.84675495 0.8495857171875001 0.873859015625 0.8244714140625 0.8929368656250001 0.8305626953124999 0.90499666875 0.7974479875 0.85822873125 0.79690213125 0.8279972765625001 0.8249142390624999 0.8202435906250001 0.85221059375 0.8327055140624999 0.8552903484375
2 0.9079535062499999 0.7270591609375 0.8728775546875 0.72664976875 0.86766523125 0.73147944375 0.8689325765625 0.7412752515625 0.891587578125 0.76599221875 0.930560859375 0.7664470999999999 0.941571525 0.77635663125 0.96772174375 0.764924621875 0.9707605156250001 0.749310459375 0.9262137734375001 0.7448781203125 0.9079535062499999 0.7270591609375
2 0.4624869546875 0.96247293125 0.44395416093750006 0.9485631984375 0.429175753125 0.9787118671874999 0.455414584375 0.9799962203125 0.4624869546875 0.96247293125
2 0.6206146265625 0.8762893593750001 0.613453640625 0.881096290625 0.61666965 0.8909148421875001 0.61082365625 0.890846609375 0.6080574109375 0.9025515468749999 0.6173919375 0.908529109375 0.6176168203125 0.9192908531249999 0.642540659375 0.9254503656249999 0.6672463 0.878789828125 0.6599966984375001 0.8708803984375001 0.6206146265625 0.8762893593750001
2 0.47731300781249997 0.9176532859375 0.47128310312500005 0.9342106421875 0.47617524843750003 0.9479611640625001 0.49547797656250003 0.96481419375 0.5237131203125001 0.9514503140624999 0.5550280109375 0.9498596046875001 0.5842170015625 0.9228134328125 0.5638718093749999 0.9069263421875 0.5271197187500001 0.902584978125 0.47731300781249997 0.9176532859375
2 0.0396192625 0.7198586312499999 0.0477750625 0.7287567421875 0.080766090625 0.731098003125 0.085481003125 0.7194158109375001 0.054983696875 0.709278840625 0.0396192625 0.7198586312499999
2 0.207667490625 0.6592214984375 0.24002484218750003 0.65666485625 0.2509945390625 0.63918705625 0.29064914062499997 0.6298688671875 0.2978577671875 0.6103909671875 0.28852324218750003 0.6044134046875 0.2558457140625 0.6255502484375 0.242477590625 0.6214818156249999 0.207667490625 0.6592214984375
2 0.4240711703125 0.5903458328125 0.43123215625 0.5855389062499999 0.4330922015625 0.5728452875000001 0.460782290625 0.5672998640625 0.46717334218750006 0.5595496421874999 0.44293081718750005 0.5436170625 0.40300368750000004 0.556844478125 0.38333313750000003 0.573242625 0.4240711703125 0.5903458328125
0 0.8630923546875 0.419411559375 0.8578800328125 0.4242412328125 0.854023675 0.4515830765625 0.8623157375 0.4585265734375 0.8760926546875 0.45673116562500005 0.8930855718749999 0.46475431718750004 0.9037827421875001 0.45118574218749996 0.9174233890625001 0.45134495 0.9199171125 0.443549240625 0.9019293734374999 0.42182105312499996 0.8630923546875 0.419411559375
2 0.330316184375 0.25669691562499997 0.3129144734375 0.2545376078125 0.3023126 0.2387642359375 0.2933392140625 0.24159380625 0.29406150468750003 0.259208075 0.30248983125 0.2641969546875 0.330316184375 0.25669691562499997
2 0.0040173796875 0.3213556265625 0.0016122750000000003 0.3418676984375 0.018244053125 0.3410837125 0.025316417187500002 0.32356042500000004 0.0218278796875 0.31765109687500004 0.0040173796875 0.3213556265625
2 0.1910481578125 0.29615171875 0.21176117187500001 0.2787876375 0.23528140468749997 0.277105953125 0.23804765625000002 0.265401015625 0.22200857968749999 0.2436955734375 0.2104528578125 0.2416044953125 0.20016448593749997 0.249309228125 0.1791379703125 0.24319520468750003 0.17727792343749998 0.25588881875 0.159828565625 0.2684004828125 0.1289224671875 0.2641273515625 0.1235738828125 0.27091163906250004 0.1363969484375 0.28279852656250004 0.12737591718750002 0.3002990734375 0.14192276718750002 0.30144695781249997 0.1910481578125 0.29615171875
2 0.53675166875 0.176945784375 0.5240648640625001 0.1631042828125 0.506526890625 0.1628995859375 0.4908899296875 0.17738860625 0.51060145 0.1883777921875 0.53398541875 0.18865071875 0.53675166875 0.176945784375
2 0.473985628125 0.1820818171875 0.45935016093750003 0.168217571875 0.41933441406250005 0.1687286234375 0.419920440625 0.1882975015625 0.4340584984375 0.19530923125 0.4632884578125 0.195650390625 0.473985628125 0.1820818171875
2 0.730588965625 0.0960695109375 0.7324423359375001 0.1254341953125 0.7522901203125001 0.13446877031249999 0.77536059375 0.1112635921875 0.7455446078125 0.0913535546875 0.730588965625 0.0960695109375
2 0.6438872234375 0.15080937187500001 0.6774233015625 0.14533217812500002 0.679780759375 0.1394910828125 0.6592993 0.1255586046875 0.6377277343750001 0.127263034375 0.6116661328124999 0.1514114015625 0.6276165921875 0.1604004859375 0.6438872234375 0.15080937187500001