2 0.0390625 0.2392578140625 0.049804685937499996 0.248046875 0.078125 0.2490234359375 0.064453125 0.2060546859375 0.041992185937499996 0.208984375 0.032226564062500004 0.201171875 0.0390625 0.2392578140625
2 0.158203125 0.4033203140625 0.15625 0.3916015640625 0.140625 0.3818359359375 0.1376953140625 0.359375 0.1279296859375 0.361328125 0.123046875 0.3759765640625 0.111328125 0.3837890640625 0.111328125 0.4052734359375 0.09765625 0.4072265640625 0.10546875 0.4208984359375 0.099609375 0.4541015640625 0.10839843593750001 0.466796875 0.1171875 0.4658203140625 0.1318359359375 0.447265625 0.142578125 0.4443359359375 0.134765625 0.4208984359375 0.158203125 0.4033203140625
2 0.033203125 0.1376953140625 0.029296875 0.11035156406249999 0.008789064062500001 0.111328125 0.0009765640625 0.0859375 0 0.2294921859375 0.029296875 0.2431640640625 0.013671875 0.2001953140625 0.033203125 0.1865234359375 0.044921875 0.1611328140625 0.033203125 0.1376953140625
2 0.1611328140625 0.498046875 0.1484375 0.5126953140625 0.142578125 0.5322265640625 0.1513671859375 0.55078125 0.1650390640625 0.55078125 0.181640625 0.5673828140625 0.197265625 0.5517578140625 0.173828125 0.5244140640625 0.177734375 0.5068359359375 0.1611328140625 0.498046875
2 0.1669921859375 0.591796875 0.150390625 0.6220703140625 0.1640625 0.6396484359375 0.169921875 0.6611328140625 0.1796875 0.6630859359375 0.2109375 0.6513671859375 0.208984375 0.6103515640625 0.1943359359375 0.58984375 0.1669921859375 0.591796875
2 0.275390625 0.7646484359375 0.263671875 0.7529296859375 0.259765625 0.7099609359375 0.2451171859375 0.693359375 0.2373046859375 0.693359375 0.228515625 0.7099609359375 0.251953125 0.7548828140625 0.248046875 0.7841796859375 0.240234375 0.7939453140625 0.2607421859375 0.810546875 0.2734375 0.8115234359375 0.271484375 0.8369140640625 0.294921875 0.8525390640625 0.30859375 0.8310546859375 0.30859375 0.8017578140625 0.28515625 0.7939453140625 0.275390625 0.7646484359375
2 0.04296875 0.9267578140625 0.052734375 0.9521484359375 0.064453125 0.9599609359375 0.0703125 0.9287109359375 0.0615234359375 0.916015625 0.0537109359375 0.916015625 0.04296875 0.9267578140625
2 0.080078125 0.9990234359375 0.109375 0.9990234359375 0.111328125 0.9697265640625 0.10058593593750001 0.9609375 0.083984375 0.9716796859375 0.080078125 0.9990234359375
2 0.427734375 0.1669921859375 0.427734375 0.1591796859375 0.412109375 0.1494140640625 0.412109375 0.10644531406249999 0.4072265640625 0.1015625 0.3935546859375 0.12109375 0.3818359359375 0.12109375 0.375 0.1416015640625 0.3583984359375 0.150390625 0.357421875 0.10058593593750001 0.3515625 0.09472656406249999 0.35546875 0.07128906406249999 0.341796875 0.0556640640625 0.357421875 0.034179685937499996 0.34765625 0.0009765640625 0.2783203140625 0 0.28125 0.020507814062499997 0.2939453140625 0.025390625 0.302734375 0.038085935937499996 0.30078125 0.049804685937499996 0.2890625 0.0595703140625 0.2890625 0.07128906406249999 0.3125 0.09667968593750001 0.31640625 0.12402343593750001 0.330078125 0.1494140640625 0.3203125 0.1611328140625 0.3466796859375 0.158203125 0.357421875 0.1708984359375 0.353515625 0.1962890640625 0.359375 0.2060546859375 0.359375 0.2392578140625 0.3876953140625 0.224609375 0.396484375 0.2294921859375 0.4072265640625 0.25390625 0.41796875 0.2529296859375 0.421875 0.2275390640625 0.412109375 0.2119140640625 0.412109375 0.1787109359375 0.427734375 0.1669921859375
2 0.4951171859375 0.47265625 0.486328125 0.4736328140625 0.486328125 0.4833984359375 0.5048828140625 0.50390625 0.513671875 0.5048828140625 0.513671875 0.4775390640625 0.5078125 0.4638671859375 0.5009765640625 0.462890625 0.4951171859375 0.47265625
2 0.51953125 0.5732421859375 0.521484375 0.5888671859375 0.513671875 0.6005859359375 0.53125 0.6416015640625 0.537109375 0.6435546859375 0.5390625 0.6181640640625 0.55078125 0.5986328140625 0.5439453140625 0.560546875 0.51953125 0.5732421859375
2 0.62109375 0.8037109359375 0.60546875 0.7861328140625 0.611328125 0.7744140640625 0.611328125 0.7236328140625 0.595703125 0.6767578140625 0.57421875 0.6650390640625 0.5673828140625 0.64453125 0.5498046859375 0.640625 0.54296875 0.6533203140625 0.556640625 0.6982421859375 0.568359375 0.7060546859375 0.5703125 0.7509765640625 0.587890625 0.7763671859375 0.587890625 0.8056640640625 0.61328125 0.8349609359375 0.59375 0.8798828140625 0.5986328140625 0.884765625 0.6162109359375 0.875 0.623046875 0.8798828140625 0.619140625 0.9208984359375 0.626953125 0.9228515640625 0.65234375 0.8759765640625 0.6328125 0.8583984359375 0.62109375 0.8369140640625 0.62109375 0.8037109359375
2 0.703125 0.9990234359375 0.6943359359375 0.9765625 0.6767578140625 0.99609375 0.6640625 0.9990234359375 0.703125 0.9990234359375
2 0.759765625 0.1279296859375 0.7548828140625 0.111328125 0.748046875 0.11425781406249999 0.7392578140625 0.142578125 0.7236328140625 0.126953125 0.7109375 0.1396484359375 0.71875 0.1826171859375 0.7314453140625 0.185546875 0.7392578140625 0.1796875 0.751953125 0.2001953140625 0.755859375 0.1689453140625 0.775390625 0.1474609359375 0.7734375 0.1318359359375 0.759765625 0.1279296859375
2 0.82421875 0.3427734359375 0.8154296859375 0.322265625 0.79296875 0.3349609359375 0.783203125 0.2744140640625 0.771484375 0.2529296859375 0.7568359359375 0.244140625 0.751953125 0.2509765640625 0.755859375 0.2861328140625 0.744140625 0.2998046859375 0.7548828140625 0.3125 0.7646484359375 0.310546875 0.7734375 0.3173828140625 0.7734375 0.3388671859375 0.7822265640625 0.3515625 0.791015625 0.3525390640625 0.7958984359375 0.34375 0.8017578140625 0.3515625 0.8115234359375 0.3515625 0.82421875 0.3427734359375
2 0.736328125 0.0029296859375 0.6611328140625 0 0.66796875 0.020507814062499997 0.65625 0.043945314062500004 0.658203125 0.0595703140625 0.6669921859375 0.0625 0.6865234359375 0.052734375 0.6982421859375 0.072265625 0.7265625 0.07714843593750001 0.732421875 0.06542968593750001 0.728515625 0.038085935937499996 0.740234375 0.022460935937500003 0.736328125 0.0029296859375
2 0.8515625 0.7138671859375 0.853515625 0.7294921859375 0.8681640640625 0.751953125 0.876953125 0.7509765640625 0.888671875 0.7314453140625 0.890625 0.7119140640625 0.8603515640625 0.697265625 0.8515625 0.7138671859375
2 0.890625 0.5146484359375 0.8486328140625 0.521484375 0.8369140640625 0.5078125 0.8271484359375 0.5078125 0.8212890640625 0.494140625 0.8134765640625 0.494140625 0.81640625 0.5166015640625 0.810546875 0.5361328140625 0.833984375 0.5595703140625 0.84375 0.5927734359375 0.8359375 0.6201171859375 0.875 0.6376953140625 0.87890625 0.6201171859375 0.87109375 0.5771484359375 0.88671875 0.5595703140625 0.890625 0.5146484359375
2 0.9365234359375 0.85546875 0.9296875 0.8740234359375 0.943359375 0.9052734359375 0.96484375 0.9150390640625 0.978515625 0.8916015640625 0.9658203140625 0.892578125 0.955078125 0.8662109359375 0.9365234359375 0.85546875