2 0.197265625 0.5498046859375 0.1865234359375 0.546875 0.1591796859375 0.55859375 0.1455078140625 0.55078125 0.1357421859375 0.556640625 0.1259765640625 0.552734375 0.111328125 0.5751953140625 0.111328125 0.5888671859375 0.1318359359375 0.599609375 0.1533203140625 0.59765625 0.158203125 0.6103515640625 0.169921875 0.6142578140625 0.1796875 0.6083984359375 0.17578125 0.5869140640625 0.1953125 0.5693359359375 0.197265625 0.5498046859375
2 0.091796875 0.3310546859375 0.10644531406249999 0.2890625 0.08300781406249999 0.29296875 0.0703125 0.3037109359375 0.0859375 0.3408203140625 0.08105468593750001 0.349609375 0.0625 0.3544921859375 0.060546875 0.3681640640625 0.06738281406249999 0.376953125 0.08203125 0.3798828140625 0.09082031406249999 0.37109375 0.10253906406249999 0.375 0.10546875 0.3701171859375 0.091796875 0.3310546859375
2 0.005859375 0.08691406406249999 0.013671875 0.0595703140625 0.0009765640625 0.048828125 0 0.08691406406249999 0.005859375 0.08691406406249999
2 0.2255859359375 0.671875 0.2099609359375 0.677734375 0.1982421859375 0.66796875 0.1865234359375 0.66796875 0.181640625 0.6748046859375 0.189453125 0.6865234359375 0.185546875 0.7060546859375 0.220703125 0.7392578140625 0.24609375 0.7138671859375 0.24609375 0.7060546859375 0.232421875 0.6982421859375 0.2255859359375 0.671875
2 0.2880859359375 0.9296875 0.2763671859375 0.9296875 0.2705078140625 0.8828125 0.2587890640625 0.8984375 0.2431640640625 0.900390625 0.2421875 0.9111328140625 0.2578125 0.9228515640625 0.2744140640625 0.951171875 0.3076171859375 0.94921875 0.318359375 0.9560546859375 0.3203125 0.9990234359375 0.3359375 0.9990234359375 0.333984375 0.9560546859375 0.33984375 0.9248046859375 0.2998046859375 0.9140625 0.2880859359375 0.9296875
2 0.43359375 0.1494140640625 0.4375 0.1376953140625 0.4306640640625 0.125 0.419921875 0.1416015640625 0.43359375 0.1494140640625
2 0.478515625 0.2099609359375 0.482421875 0.1494140640625 0.4755859359375 0.142578125 0.4462890640625 0.171875 0.427734375 0.1806640640625 0.427734375 0.2001953140625 0.44140625 0.2177734359375 0.44140625 0.2451171859375 0.4482421859375 0.259765625 0.458984375 0.2607421859375 0.4892578140625 0.251953125 0.50390625 0.2216796859375 0.4990234359375 0.205078125 0.478515625 0.2099609359375
2 0.3828125 0.024414064062499997 0.39453125 0.0302734359375 0.40625 0.0263671859375 0.4169921859375 0 0.38671875 0.0009765640625 0.3828125 0.024414064062499997
2 0.529296875 0.5068359359375 0.53125 0.5263671859375 0.525390625 0.5400390640625 0.533203125 0.5400390640625 0.556640625 0.5341796859375 0.546875 0.5146484359375 0.5458984359375 0.48828125 0.529296875 0.5068359359375
2 0.62109375 0.6044921859375 0.6103515640625 0.59765625 0.59375 0.6162109359375 0.583984375 0.6416015640625 0.564453125 0.6494140640625 0.5625 0.6611328140625 0.5732421859375 0.673828125 0.6044921859375 0.673828125 0.6171875 0.6806640640625 0.62890625 0.6552734359375 0.62890625 0.6376953140625 0.62109375 0.6318359359375 0.62109375 0.6044921859375
2 0.6005859359375 0.609375 0.595703125 0.5751953140625 0.5888671859375 0.5625 0.5771484359375 0.560546875 0.578125 0.6025390640625 0.591796875 0.6181640640625 0.583984375 0.6396484359375 0.5673828140625 0.646484375 0.5625 0.6611328140625 0.5771484359375 0.67578125 0.6171875 0.6806640640625 0.630859375 0.6474609359375 0.62109375 0.6044921859375 0.6103515640625 0.59765625 0.6005859359375 0.609375
2 0.607421875 0.8349609359375 0.6123046859375 0.845703125 0.626953125 0.8447265640625 0.64453125 0.8330078140625 0.6298828140625 0.791015625 0.619140625 0.8232421859375 0.607421875 0.8349609359375
2 0.69140625 0.9169921859375 0.6953125 0.8994140640625 0.6865234359375 0.8671875 0.671875 0.8779296859375 0.662109375 0.9052734359375 0.67578125 0.9521484359375 0.671875 0.9775390640625 0.68359375 0.9833984359375 0.693359375 0.9619140640625 0.708984375 0.9501953140625 0.705078125 0.9306640640625 0.69140625 0.9169921859375
2 1 0.7568359359375 0.9716796859375 0.7421875 0.962890625 0.7705078140625 0.966796875 0.7919921859375 0.986328125 0.8212890640625 0.98828125 0.8388671859375 1 0.8583984359375 1 0.7568359359375
2 0.890625 0.5380859359375 0.8955078140625 0.49609375 0.880859375 0.5087890640625 0.880859375 0.5244140640625 0.890625 0.5380859359375
2 0.8798828140625 0.4375 0.875 0.4306640640625 0.892578125 0.3662109359375 0.8740234359375 0.36328125 0.8525390640625 0.333984375 0.845703125 0.3564453140625 0.85546875 0.3857421859375 0.857421875 0.4365234359375 0.869140625 0.4560546859375 0.87109375 0.4755859359375 0.87890625 0.4794921859375 0.8935546859375 0.4765625 0.908203125 0.4599609359375 0.8994140640625 0.439453125 0.8798828140625 0.4375