2 0.914857128125 0.035860118749999996 0.9379307546875 0.0444910734375 0.951126390625 0.0341922171875 0.914857128125 0.035860118749999996
2 0.797278971875 0.1031592109375 0.7856297921875 0.0802549421875 0.7779082609375 0.0780289984375 0.7775443875 0.0858414984375 0.7903975515624999 0.10389705625000001 0.797278971875 0.1031592109375
2 0.8305944593750001 0.122907478125 0.84174600625 0.1144935390625 0.8478568875000001 0.088296865625 0.8346612515625 0.098595721875 0.8305944593750001 0.122907478125
2 0.7028226234375 0.136052303125 0.7125668515625 0.1158514125 0.693105175 0.092674325 0.6614913015624999 0.09939555156249999 0.6369193875 0.080930765625 0.6179553453125 0.0890718859375 0.6162055515625 0.10563934374999999 0.624970528125 0.12746474218749998 0.6724823062499999 0.115429778125 0.7028226234375 0.136052303125
2 0.26890240312499997 0.2539279890625 0.27671490312499997 0.2542008078125 0.287117309375 0.24086995625 0.3147339640625 0.23596544531250002 0.3165747234375 0.21744485937500002 0.3249330328125 0.20599892656250002 0.320074309375 0.18430994218750002 0.3047436109375 0.1984468421875 0.2835321375 0.1918372171875 0.2694963921875 0.199172284375 0.24860061875 0.2277871125 0.26890240312499997 0.2539279890625
2 0 0.3365244078125 0.06829235 0.3398468625 0.0835106859375 0.3071211671875 0.06479815 0.2888609984375 0.06516202343750001 0.2810484984375 0.0936187890625 0.27910777656249997 0.1027262390625 0.272578759375 0.0816753078125 0.2415209703125 0.028234584375 0.27584636093750003 0.025644681250000002 0.289450028125 0.033478579687499996 0.3102647640625 0 0.3165455921875 0 0.3365244078125
2 0.444009471875 0.1485336671875 0.44064903125 0.1366785078125 0.41589518124999997 0.12211997187500001 0.3923881109375 0.1437965578125 0.3795081703125 0.18931986875 0.3830505484375 0.19726877812500002 0.40267276562500004 0.1959977 0.4253825203125 0.21244115468749997 0.44296064218750003 0.213054996875 0.446936465625 0.19069636406249998 0.4609722140625 0.183361296875 0.4613360875 0.175548796875 0.4723966625 0.16908798593750002 0.49183694375 0.1717231578125 0.49917320781249996 0.161219684375 0.4810278765625 0.1517826796875 0.444009471875 0.1485336671875
2 0.9806692453125001 0.44995983281249996 0.9810117203125 0.4216054171875 0.9577561578125 0.4168807109375 0.9532131296875 0.43041617656250003 0.971834696875 0.45062947343750004 0.9806692453125001 0.44995983281249996
2 0.7140649921875 0.48271029218750006 0.7233062015625 0.51531198125 0.752897375 0.5310175890625 0.767773234375 0.5266463109374999 0.76570774375 0.5079893171875 0.8260726859374999 0.5140099109375 0.8352711046874999 0.5055277671875 0.797460765625 0.4562780125 0.777838546875 0.457549090625 0.763711828125 0.46683728281250003 0.7265114875 0.46749452031249994 0.713406815625 0.47584025468749996 0.7140649921875 0.48271029218750006
2 0.4349446640625 0.5531715640625 0.44193845 0.5710225078125 0.4598804515625 0.56382385 0.486293121875 0.5637680484375001 0.468602634375 0.54456541875 0.437443603125 0.5415210203124999 0.4349446640625 0.5531715640625
2 0.32243395625 0.5746745265625 0.3108061734375 0.5723121734375 0.295566440625 0.58449595 0.286774684375 0.626249421875 0.3172969390625 0.6429656968749999 0.3353299078125 0.6338139125 0.3686239984375 0.6330202671875 0.37586929375 0.6244699218750001 0.362743228125 0.6122737390624999 0.3951062453125 0.6104694265624999 0.40811994531250007 0.6040768171875001 0.4126629734375 0.5905413546875 0.372578428125 0.5901197218750001 0.3524104 0.60310955 0.3332430234375 0.594615003125 0.32243395625 0.5746745265625
2 0 0.698331365625 0.011014804687500001 0.7085658546875 0.03259014375 0.7073629796875001 0.048760954687500004 0.6961898671875 0.08986754999999999 0.6956690390625 0.0988840328125 0.6910931453125 0.0986807015625 0.6744574828125 0.12034700937500001 0.671301484375 0.1368816921875 0.6523158703124999 0.1777849546875 0.6351593765625 0.127073275 0.6108910171875 0.121417234375 0.6273220703125 0.128138115625 0.6510323890625 0.10481297812499998 0.668802721875 0.085099790625 0.672026925 0.0561667921875 0.66319135625 0.0106081359375 0.675294525 0 0.6727790203125 0 0.698331365625
2 0.20060355312499997 1 0.21069363437500002 0.9786613703124999 0.184644834375 0.97090466875 0.1590722765625 0.9739242593749999 0.13658724687499998 0.9946583828125 0.10915252812500001 0.9956566421874999 0.101577628125 1 0.20060355312499997 1
2 0.422385659375 0.9068235984375 0.46024417812499996 0.913036403125 0.4462780015625 0.8978764296874999 0.4326061296875 0.897398996875 0.422385659375 0.9068235984375
2 0.5703255296874999 0.8806889468750001 0.5294918390625 0.8753503984375 0.5093238109375 0.8883402281249999 0.4838422203125 0.8894066921875 0.47911725625 0.9068484078125 0.49197041406249997 0.924903965625 0.5017360421875 0.9252449890625 0.516793834375 0.9169674593750001 0.5207696562499999 0.89460883125 0.5404828421875 0.8913846265625001 0.56896100625 0.9099858218750001 0.5902634421874999 0.9146423218749999 0.5953736765625 0.9099300234375001 0.592195171875 0.8941686140625 0.6243548546875 0.8757286375 0.6061185578125 0.8682447546875001 0.5703255296874999 0.8806889468750001