2 0.028584540624999998 0.982386928125 0.043674924999999996 0.9841597109375 0.043720396875 0.976366259375 0.0281172984375 0.9663288640625 0.028584540624999998 0.982386928125
2 0.41752131718749996 0.90566081875 0.44291089375 0.909825159375 0.4429677328125 0.9000833437500001 0.4352316296875 0.8857629640625 0.41962301718750006 0.8805025609375001 0.400907328125 0.9051860921875001 0.405763703125 0.9104831499999999 0.41752131718749996 0.90566081875
2 0.8617542531250001 0.825505025 0.8784364484375 0.814289571875 0.8794645609374999 0.8056071703125 0.8736823812500001 0.7914572515625 0.848361009375 0.7756027343749999 0.8433341203125 0.7995311203125001 0.8256465437499999 0.815532253125 0.8617542531250001 0.825505025
2 0.09521830625 0.19137030156249998 0.0853350328125 0.2100016328125 0.0482333203125 0.2028661734375 0.0413548171875 0.2090888359375 0.0519820109375 0.2304841734375 0.0794050765625 0.22118043125 0.1224253859375 0.21908545625000003 0.12156778593749999 0.1985424140625 0.1128149375 0.1909560765625 0.09521830625 0.19137030156249998
2 0.7799878359375 0.0971105140625 0.7771422140625 0.082242103125 0.76739535625 0.07749308125 0.7470440390624999 0.047451990625 0.7372744499999999 0.0465996921875 0.7323157625000001 0.058837903125 0.7166162093749999 0.069164403125 0.721438484375 0.080306546875 0.7584037890625 0.1108223609375 0.775977690625 0.1143048609375 0.7799878359375 0.0971105140625
2 0.451092934375 0.17758161562500002 0.47559080624999994 0.167048 0.48451416406250003 0.1454088953125 0.46903059531249996 0.1187165 0.3956506578125 0.1308337125 0.40048430156250003 0.14002749375 0.44341367343750004 0.15351942031250002 0.451092934375 0.17758161562500002
2 0.5494254468750001 0.0769962734375 0.528801309375 0.09371589218750001 0.5492549328125 0.1062217171875 0.5667037875000001 0.13113620937499998 0.5822896640625 0.14029333906250002 0.5969838421875 0.1347525140625 0.600068184375 0.10870530625 0.592366184375 0.0885398390625 0.567022078125 0.076582046875 0.5494254468750001 0.0769962734375
2 0.49420288125 0.49518861875000003 0.5186893875 0.48660336718749997 0.5197402359375001 0.47402424062500004 0.51391258125 0.46766777187499997 0.4884775390625 0.47129688593749997 0.4728916609375 0.46213975625000003 0.45527228906249995 0.46645070781250003 0.4132800921875 0.45986328125 0.4161598140625 0.46888660312499997 0.4346595203125 0.4812219671875 0.44236152031250003 0.5013874359375 0.4325123546875 0.514173675 0.44518440625 0.520152571875 0.48434235000000003 0.509923225 0.49420288125 0.49518861875000003
2 0.757498115625 0.7686505390625 0.735090571875 0.7559742593750001 0.7057476921875 0.7592624531250001 0.697841078125 0.77416751875 0.667504184375 0.7802930234375001 0.672326459375 0.7914351703125 0.6927914515625 0.8019926281249999 0.6976023609374999 0.8150831390625 0.7191068281249999 0.81500983125 0.7387369546875 0.8011275265625001 0.7621839765625 0.8031730406250001 0.757498115625 0.7686505390625
2 0.3194729953125 0.9575370859375001 0.3468960609375 0.9482333437499999 0.364435859375 0.9575609343749999 0.3655662796875 0.931343265625 0.374421434375 0.9213943359375 0.3569498453125 0.9003765703125 0.32179067968749997 0.8953599328124999 0.292550103125 0.8811128609375001 0.27691875312500003 0.8797491828125 0.2719941734375 0.886142303125 0.278724896875 0.9052483609375 0.305063009375 0.9143688375 0.305017540625 0.9221622890625 0.2883808109375 0.9255842875000001 0.2854101484375 0.932147871875 0.311759628125 0.93931998125 0.3194729953125 0.9575370859375001
2 1 0.7342497765625 0.983499684375 0.732810290625 0.930641571875 0.7457431437500001 0.8877349375 0.728354490625 0.8806859234375001 0.7638025953125 0.9010599750000001 0.7899469609375 0.922541709375 0.7937703796875 0.929499784375 0.7739091796875 0.9657780046875001 0.7546565078125 0.991190315625 0.7549241203125 0.9940586703125 0.765895803125 0.9861861578125 0.774955784375 1 0.775350496875 1 0.7342497765625
2 0.9211574718750001 0.3608928890625 0.909377121875 0.3696119453125 0.862539915625 0.3557790984375 0.8537074953125 0.3618313015625 0.8614435984375 0.376151678125 0.8457440437500001 0.3864781796875 0.8416884281250001 0.41146598125 0.8679697046875001 0.43032826875 0.8797727906249999 0.41771248749999995 0.907150384375 0.41620219687500004 0.9424914328125 0.3900450265625 0.9211574718750001 0.3608928890625
2 0.3141922890625 0.5223703140625 0.33762794375 0.52636419375 0.3531910859375 0.5394180484375 0.36689125312500004 0.5367145390625 0.3748092375 0.5198611125 0.3583543890625 0.49210930468749997 0.36622690156250004 0.48304933125 0.3643525546875 0.4692403265625 0.343887565625 0.45868286875 0.3321526875 0.4596084734375 0.3164303984375 0.47383170156250004 0.2968798453125 0.4740754671875 0.2909385140625 0.48720262812500004 0.2683945625 0.49790670156249994 0.27713604375 0.507441403125 0.30058306562500003 0.50948691875 0.3141922890625 0.5223703140625
2 0.7427370375 0.4505926578125 0.7340069234375 0.43910959062500005 0.7360517843750001 0.4236931484375 0.7077938546875 0.408557125 0.6686359109375 0.418786471875 0.643246334375 0.4146221328125 0.632414528125 0.4282973296875 0.6381171375 0.45608578906249997 0.6663182265625001 0.48096362656249997 0.6868741593750001 0.47593418437499996 0.6997394609375001 0.44879090625 0.7309225859375 0.465156803125 0.7427370375 0.4505926578125
2 0.1531171 0.9898087265625 0.180449225 0.9960918875000001 0.199073971875 0.9869952578125 0.193325890625 0.9670002500000001 0.1973133 0.9537026265625 0.2335460484375 0.9422434093750001 0.268955303125 0.9043960625 0.2455196453125 0.9004021828125 0.23386434218750002 0.8876892484375001 0.21630181093749998 0.8822583843749999 0.20746939062499997 0.8883105859375 0.20925279687499998 0.9177064921874999 0.1984209859375 0.931381684375 0.18272143125 0.9417081843749999 0.1300338390625 0.9254155953125001 0.12120141874999998 0.9314677953125001 0.12109910937499999 0.9490030656249999 0.10341153437499999 0.965004190625 0.1531171 0.9898087265625
2 0.44809692968750003 0.8586196875000001 0.4860448796875 0.888246553125 0.5133997406249999 0.8906329875000001 0.536937703125 0.8770916 0.6034277718750001 0.8731454140625001 0.6270225734375 0.8498622125 0.6163271734375 0.840157053125 0.6145210343749999 0.8146578718749999 0.5960440640625 0.798425784375 0.576516246875 0.794772825 0.5832583359375 0.8119305171875 0.58021946875 0.8301842765625 0.5332799515625 0.833886696875 0.5118436828124999 0.822269825 0.48450019062500005 0.8179350265625001 0.4794733015625 0.8418634140625001 0.453032878125 0.85027820625 0.44809692968750003 0.8586196875000001
2 0.06962281249999999 0.55756538125 0.0441763984375 0.56314285625 0.041183 0.5736031625 0.0616479921875 0.5841606234375 0.069349990625 0.6043260921875 0.1612637328125 0.5986991546875 0.20827145468750002 0.5833065578125 0.2161439671875 0.5742465812499999 0.23961372343749998 0.572395371875 0.263299465625 0.533525265625 0.24573693749999997 0.528094403125 0.23023063124999998 0.505298734375 0.20488652499999999 0.49334094375 0.16968188906249998 0.49611775937499997 0.1569416328125 0.5018290390625 0.16855146875 0.5223354265625 0.1606675890625 0.5333437640625001 0.163535946875 0.5443154531250001 0.13422716562499998 0.54175855625 0.1107233046875 0.5494548546875 0.08339117968750001 0.54317169375 0.06962281249999999 0.55756538125