2 0.115234375 0.5830078140625 0.1171875 0.5654296859375 0.10644531406249999 0.55859375 0.10546875 0.5751953140625 0.115234375 0.5830078140625
2 0.197265625 0.7548828140625 0.203125 0.7880859359375 0.203125 0.7744140640625 0.2109375 0.7724609359375 0.2041015640625 0.7421875 0.197265625 0.7548828140625
2 0.064453125 0.4970703140625 0.0703125 0.5205078140625 0.080078125 0.5224609359375 0.09765625 0.5126953140625 0.09863281406249999 0.494140625 0.07519531406249999 0.490234375 0.064453125 0.4970703140625
2 0.099609375 0.6083984359375 0.1015625 0.6572265640625 0.111328125 0.6611328140625 0.126953125 0.6376953140625 0.126953125 0.6201171859375 0.10449218593750001 0.59765625 0.099609375 0.6083984359375
2 0.142578125 0.7001953140625 0.15234375 0.7216796859375 0.15234375 0.7587890640625 0.16015625 0.7607421859375 0.177734375 0.7119140640625 0.1552734359375 0.68359375 0.1474609359375 0.68359375 0.142578125 0.7001953140625
2 0.01171875 0.4501953140625 0.048828125 0.4873046859375 0.05859375 0.4404296859375 0.0263671859375 0.431640625 0.013671875 0.4404296859375 0.01171875 0.4501953140625
2 0.024414064062499997 0.279296875 0.013671875 0.2841796859375 0.015625 0.3076171859375 0.005859375 0.3212890640625 0.0078125 0.3427734359375 0.017578125 0.3486328140625 0.021484375 0.3271484359375 0.032226564062500004 0.326171875 0.041015625 0.3154296859375 0.024414064062499997 0.279296875
2 0.251953125 0.9873046859375 0.2587890640625 1 0.26953125 0.9990234359375 0.279296875 0.9794921859375 0.2744140640625 0.97265625 0.2568359359375 0.970703125 0.251953125 0.9873046859375
2 0.3486328140625 0.169921875 0.3671875 0.1787109359375 0.3603515640625 0.16796875 0.333984375 0.1630859359375 0.3388671859375 0.17578125 0.3486328140625 0.169921875
2 0.318359375 0.2177734359375 0.3359375 0.2177734359375 0.337890625 0.2041015640625 0.345703125 0.1982421859375 0.3330078140625 0.185546875 0.318359375 0.2177734359375
2 0.3115234359375 0.091796875 0.306640625 0.11425781406249999 0.318359375 0.1533203140625 0.328125 0.1591796859375 0.333984375 0.1513671859375 0.330078125 0.11425781406249999 0.322265625 0.09667968593750001 0.3115234359375 0.091796875
2 0.37109375 0.2451171859375 0.3583984359375 0.2421875 0.3447265640625 0.263671875 0.33203125 0.2666015640625 0.328125 0.2958984359375 0.3359375 0.2998046859375 0.337890625 0.3251953140625 0.3505859359375 0.318359375 0.361328125 0.3525390640625 0.369140625 0.3544921859375 0.376953125 0.3388671859375 0.376953125 0.2783203140625 0.36328125 0.2666015640625 0.37109375 0.2451171859375
2 0.37890625 0.4951171859375 0.3984375 0.5029296859375 0.40625 0.5302734359375 0.416015625 0.5341796859375 0.41796875 0.5087890640625 0.4013671859375 0.46875 0.37890625 0.4853515640625 0.37890625 0.4951171859375
2 0.48828125 0.7138671859375 0.505859375 0.7216796859375 0.501953125 0.6923828140625 0.4931640640625 0.685546875 0.484375 0.6982421859375 0.48828125 0.7138671859375
2 0.541015625 0.9111328140625 0.548828125 0.9130859359375 0.5517578140625 0.853515625 0.544921875 0.8583984359375 0.5390625 0.8916015640625 0.541015625 0.9111328140625
0 0.6552734359375 0.259765625 0.6484375 0.2705078140625 0.654296875 0.2841796859375 0.65234375 0.3115234359375 0.66015625 0.3193359359375 0.677734375 0.2939453140625 0.67578125 0.2666015640625 0.6669921859375 0.2578125 0.6552734359375 0.259765625
0 0.6943359359375 0.326171875 0.6806640640625 0.33203125 0.6689453140625 0.32421875 0.6533203140625 0.330078125 0.6337890640625 0.326171875 0.609375 0.3603515640625 0.611328125 0.3740234359375 0.6396484359375 0.421875 0.6591796859375 0.419921875 0.671875 0.4326171859375 0.685546875 0.3583984359375 0.69921875 0.3505859359375 0.697265625 0.3310546859375 0.6943359359375 0.326171875
2 0.71484375 0.4853515640625 0.716796875 0.5009765640625 0.732421875 0.5087890640625 0.736328125 0.4873046859375 0.732421875 0.4736328140625 0.7255859359375 0.47265625 0.71484375 0.4853515640625
2 0.7724609359375 0.595703125 0.765625 0.6416015640625 0.7734375 0.6435546859375 0.7783203140625 0.63671875 0.7919921859375 0.640625 0.794921875 0.6318359359375 0.7724609359375 0.595703125
2 0.466796875 0.6767578140625 0.4765625 0.6923828140625 0.484375 0.6845703140625 0.4833984359375 0.669921875 0.4697265640625 0.669921875 0.466796875 0.6767578140625
2 0.826171875 0.8037109359375 0.83203125 0.8056640640625 0.845703125 0.7958984359375 0.8427734359375 0.779296875 0.826171875 0.7919921859375 0.826171875 0.8037109359375
2 0.86328125 0.9345703140625 0.876953125 0.9521484359375 0.880859375 0.9130859359375 0.8720703140625 0.90625 0.865234375 0.9111328140625 0.86328125 0.9345703140625
2 0.580078125 0.9990234359375 0.587890625 0.9990234359375 0.587890625 0.9580078140625 0.5712890640625 0.953125 0.568359375 0.9638671859375 0.580078125 0.9990234359375
2 0.5322265640625 0.822265625 0.53125 0.8349609359375 0.54296875 0.8603515640625 0.5390625 0.9013671859375 0.548828125 0.9150390640625 0.5546875 0.8564453140625 0.544921875 0.8486328140625 0.544921875 0.8291015640625 0.5322265640625 0.822265625
2 1 0.2978515640625 0.9853515640625 0.29296875 0.982421875 0.3291015640625 0.9873046859375 0.3359375 1 0.3349609359375 1 0.2978515640625