2 0.2632567359375 0.7280697703125 0.25151371875 0.7179857281250001 0.238401471875 0.7245846671875 0.2536319453125 0.740910534375 0.2632567359375 0.7280697703125
2 0.0955988421875 0.7532687625000001 0.112604471875 0.7591049203125 0.1179557 0.7468155000000001 0.1123757625 0.7368285765625 0.0860111578125 0.7197085703125 0.064440396875 0.7193686640625 0.073507796875 0.7355974109375001 0.0955988421875 0.7532687625000001
2 0.050656407812500005 0.74389894375 0.0042675390625 0.7335276859375 0.0045030765625 0.7740131953125 0.057276909375 0.7885487484375 0.074662715625 0.7813984640625 0.076437871875 0.7709087546875 0.050656407812500005 0.74389894375
2 0.7878413234375 0.7567527890625 0.8015624546875 0.759443753125 0.8127223328125 0.7794176 0.8224614765625 0.7777150078124999 0.8266206796875 0.7660254906249999 0.823424784375 0.7548387578125 0.8032232562500001 0.7378158703125 0.787726965625 0.7456146171875 0.7878413234375 0.7567527890625
2 0.7477555875 0.7369418171875 0.7110429546875 0.7122345015625 0.7031933312499999 0.7145855562500001 0.695369453125 0.736116321875 0.7129839718750001 0.7512423828125 0.7415039078125 0.7448862390625 0.7477555875 0.7369418171875
2 0.5336459203125 0.739136090625 0.536347284375 0.7521710890625 0.5219544078125 0.76741146875 0.535383975 0.7750473359375001 0.5500941671875 0.7740417625 0.5775992921875 0.75220244375 0.581758496875 0.740512928125 0.5747835703125 0.728029271875 0.5634464828125 0.7241385015625 0.5336459203125 0.739136090625
2 0.9807346499999999 0.7220524562499999 0.9237833890625 0.7267232109374999 0.90680350625 0.7400667609375 0.92590161875 0.7496480171875 0.9691317453125 0.7422862984374999 0.9769813718749999 0.739935240625 0.9807346499999999 0.7220524562499999
2 0.150931678125 0.35756218125 0.15909862187499998 0.3694459296875 0.17610425937500002 0.3752820890625 0.18383953125000002 0.36179286093749996 0.158375384375 0.3490178546875 0.150931678125 0.35756218125
2 0.093828953125 0.39749571875 0.096301603125 0.3882543734375 0.08952964531249999 0.3788673515625 0.090404346875 0.36403264218750003 0.073893246875 0.3563482171875 0.0486063109375 0.3274901375 0.0322981703125 0.32290234375 0.0268583359375 0.3432333046875 0.0367118359375 0.352668878125 0.022407565625 0.3598677203125 0.0186542875 0.377750509375 0.049381054687499995 0.38627763125 0.06557483750000001 0.3797272515625 0.093828953125 0.39749571875
2 0.7167425234375 0.36709684375 0.698076090625 0.3828885703125 0.6740955343749999 0.3645687578125 0.653222265625 0.3654772125 0.6471735453125 0.376518265625 0.6576359328125 0.39524375 0.69879933125 0.4033166421875 0.7281053640625 0.390167328125 0.73226456875 0.378477809375 0.7318586421875 0.3722845390625 0.7167425234375 0.36709684375
2 0.9076206296875 0.38619054531249997 0.8879136328125 0.3673193890625 0.8525073781250001 0.3531503421875 0.856400765625 0.3655854390625 0.8281723984375 0.36699668124999996 0.8235186656250001 0.380534465625 0.8059298953124999 0.38458811718749997 0.81270185625 0.3939751359375 0.843923153125 0.40065398906249994 0.85276184375 0.39460639375 0.8550315328125 0.38226841718750004 0.89947943125 0.3934865046875 0.9076206296875 0.38619054531249997
2 0.235971203125 0.3211623015625 0.2332955875 0.3273070109375 0.2712888484375 0.3433728859375 0.28230861875 0.33302885 0.26062350156249997 0.3215507703125 0.235971203125 0.3211623015625