2 0.07421875 0.4482421859375 0.076171875 0.4287109359375 0.0615234359375 0.421875 0.05859375 0.4443359359375 0.07421875 0.4482421859375
2 0.041992185937499996 0.3125 0.024414064062499997 0.310546875 0.02734375 0.3486328140625 0.044921875 0.3876953140625 0.0556640640625 0.37109375 0.07421875 0.3623046859375 0.07421875 0.3427734359375 0.041992185937499996 0.3125
2 0.01953125 0.1396484359375 0.0009765640625 0.130859375 0 0.1826171859375 0.009765625 0.1904296859375 0.0078125 0.2021484359375 0.038085935937499996 0.232421875 0.046875 0.2333984359375 0.052734375 0.2080078140625 0.03515625 0.1943359359375 0.021484375 0.1630859359375 0.01953125 0.1396484359375
2 0.099609375 0.4580078140625 0.109375 0.4462890640625 0.107421875 0.4326171859375 0.09082031406249999 0.42578125 0.087890625 0.4482421859375 0.09375 0.4638671859375 0.0859375 0.4736328140625 0.08984375 0.4970703140625 0.08203125 0.5224609359375 0.09472656406249999 0.541015625 0.10644531406249999 0.54296875 0.11425781406249999 0.556640625 0.125 0.5576171859375 0.1328125 0.5283203140625 0.125 0.5068359359375 0.125 0.4794921859375 0.099609375 0.4580078140625
2 0.15234375 0.6923828140625 0.150390625 0.7060546859375 0.15625 0.7119140640625 0.19921875 0.6826171859375 0.1923828140625 0.666015625 0.16796875 0.6689453140625 0.15234375 0.6923828140625
2 0.2109375 0.8544921859375 0.228515625 0.8603515640625 0.232421875 0.8251953140625 0.2236328140625 0.82421875 0.2109375 0.8427734359375 0.2109375 0.8544921859375
2 0.259765625 0.9833984359375 0.267578125 0.9853515640625 0.2724609359375 0.9296875 0.259765625 0.9384765640625 0.2578125 0.9599609359375 0.259765625 0.9833984359375
2 0.5 0.7919921859375 0.498046875 0.8095703140625 0.505859375 0.8115234359375 0.5234375 0.7841796859375 0.5205078140625 0.7734375 0.5087890640625 0.77734375 0.5 0.7919921859375
2 0.494140625 0.7314453140625 0.494140625 0.7470703140625 0.5078125 0.7685546859375 0.515625 0.7412109359375 0.5078125 0.7255859359375 0.5009765640625 0.724609375 0.494140625 0.7314453140625
2 0.564453125 0.9931640640625 0.572265625 0.9951171859375 0.5703125 0.9404296859375 0.5439453140625 0.923828125 0.54296875 0.9462890640625 0.564453125 0.9931640640625
2 0.42578125 0.5888671859375 0.453125 0.5927734359375 0.453125 0.5576171859375 0.4443359359375 0.544921875 0.439453125 0.5693359359375 0.42578125 0.5888671859375
2 0.35546875 0.3095703140625 0.35546875 0.3291015640625 0.36328125 0.3330078140625 0.37890625 0.3134765640625 0.3740234359375 0.28125 0.36328125 0.2861328140625 0.35546875 0.3095703140625
1 0.197265625 0.0537109359375 0.21875 0.06738281406249999 0.2265625 0.0595703140625 0.23046875 0.038085935937499996 0.1884765640625 0.01953125 0.197265625 0.0537109359375
2 0.615234375 0.020507814062499997 0.62109375 0.0009765640625 0.6025390640625 0 0.603515625 0.016601564062499997 0.615234375 0.020507814062499997
2 0.6279296859375 0.197265625 0.6328125 0.2294921859375 0.646484375 0.2587890640625 0.658203125 0.2666015640625 0.662109375 0.2431640640625 0.646484375 0.2216796859375 0.646484375 0.2041015640625 0.6279296859375 0.197265625
2 0.62890625 0.07714843593750001 0.625 0.0576171859375 0.6103515640625 0.052734375 0.603515625 0.06347656406249999 0.6171875 0.07910156406249999 0.630859375 0.11621093593750001 0.630859375 0.1455078140625 0.6416015640625 0.16015625 0.66015625 0.1611328140625 0.66015625 0.1396484359375 0.64453125 0.12402343593750001 0.642578125 0.08691406406249999 0.62890625 0.07714843593750001
2 0.7265625 0.4130859359375 0.72265625 0.3505859359375 0.7138671859375 0.345703125 0.703125 0.3916015640625 0.7265625 0.4130859359375
2 0.755859375 0.5341796859375 0.755859375 0.4990234359375 0.7451171859375 0.4921875 0.736328125 0.5146484359375 0.755859375 0.5341796859375
2 0.7548828140625 0.552734375 0.75390625 0.5849609359375 0.744140625 0.5986328140625 0.751953125 0.6044921859375 0.751953125 0.6259765640625 0.7578125 0.6279296859375 0.767578125 0.6103515640625 0.763671875 0.5966796859375 0.76953125 0.5712890640625 0.7548828140625 0.552734375
2 0.77734375 0.7587890640625 0.7822265640625 0.76953125 0.796875 0.7744140640625 0.814453125 0.7568359359375 0.814453125 0.7373046859375 0.7919921859375 0.712890625 0.77734375 0.7587890640625
2 0.80078125 0.6767578140625 0.81640625 0.6630859359375 0.7958984359375 0.642578125 0.79296875 0.6650390640625 0.80078125 0.6767578140625
2 0.837890625 0.8798828140625 0.837890625 0.8701171859375 0.8525390640625 0.8671875 0.85546875 0.8583984359375 0.853515625 0.8369140640625 0.8427734359375 0.83203125 0.8349609359375 0.845703125 0.8203125 0.8505859359375 0.80859375 0.8818359359375 0.8154296859375 0.890625 0.833984375 0.8896484359375 0.833984375 0.9326171859375 0.8427734359375 0.935546875 0.8525390640625 0.9296875 0.859375 0.9345703140625 0.8671875 0.9072265640625 0.8505859359375 0.8984375 0.845703125 0.8837890640625 0.837890625 0.8798828140625
2 0.978515625 0.3232421859375 1 0.3544921859375 0.994140625 0.2958984359375 0.9873046859375 0.287109375 0.9755859359375 0.28515625 0.978515625 0.3232421859375
2 0.955078125 0.1455078140625 0.9404296859375 0.140625 0.93359375 0.1513671859375 0.93359375 0.1728515640625 0.947265625 0.1904296859375 0.951171875 0.2177734359375 0.9765625 0.2373046859375 0.982421875 0.2138671859375 0.974609375 0.1884765640625 0.953125 0.1689453140625 0.955078125 0.1455078140625
2 0.8896484359375 0.021484375 0.88671875 0.034179685937499996 0.8984375 0.0595703140625 0.921875 0.07128906406249999 0.919921875 0.043945314062500004 0.91015625 0.038085935937499996 0.9033203140625 0.021484375 0.8896484359375 0.021484375
1 0.798828125 0.036132814062500004 0.8095703140625 0.046875 0.8515625 0.06347656406249999 0.8515625 0.0517578140625 0.8408203140625 0.04296875 0.8193359359375 0.03515625 0.798828125 0.036132814062500004