2 0.0472081609375 0.3041937421875 0.0282665765625 0.2958142171875 0.022515878125 0.2662945171875 0.014223812499999999 0.2592039265625 0.006517773437500001 0.27169843125000004 0.0013397468750000001 0.34590587500000003 0.0106742765625 0.3520484609375 0.029527246875000003 0.3477061984375 0.0367358734375 0.3283483875 0.085227596875 0.3189999625 0.037144665625 0.3224899046875 0.0472081609375 0.3041937421875
2 0.09268204687500001 0.4640205875 0.08334751875 0.4578780015625 0.09164625937500001 0.422897571875 0.075559540625 0.415579690625 0.0649986328125 0.4270125484375 0.0480943296875 0.43141163281250006 0.0485440921875 0.45294955937500003 0.041607990625 0.46840171406250003 0.080485978125 0.49888737499999997 0.09299554531250001 0.4875113390625 0.09268204687500001 0.4640205875
2 0.1436750734375 0.6846691953125 0.14385230625 0.7101127765624999 0.1512381703125 0.71619854375 0.1704113140625 0.69327600625 0.1713651609375 0.6796062171874999 0.168830471875 0.6599643000000001 0.1532888078125 0.644835109375 0.1436750734375 0.6846691953125
2 0.20665931875000002 0.733468984375 0.18722032500000002 0.7182261546875 0.16184004375 0.7321620921875 0.1824987359375 0.7719004984375 0.18195368125 0.7797118078125 0.1652742578125 0.79487985625 0.202026346875 0.7998651203125 0.201440321875 0.7802800234375 0.2157622890625 0.770913640625 0.20665931875000002 0.733468984375
2 0.23535848593750003 0.9378131156249999 0.2504980375 0.916729765625 0.236455271875 0.8801194750000001 0.20078661874999998 0.9015826125 0.19761157812500002 0.9191012421875 0.215101909375 0.93428725 0.23535848593750003 0.9378131156249999
2 0.5182825984375 0.91279734375 0.525900021875 0.8875810468750001 0.51774421875 0.878537628125 0.501289678125 0.904474640625 0.5182825984375 0.91279734375
2 0.5176422484375001 0.949957884375 0.5186370671875 0.9636845015625 0.542868390625 0.9869583265624999 0.5741906125 0.9862292937499999 0.5765519328125001 0.9732004546875 0.5640013953125 0.9571800843749999 0.5623729078124999 0.938542990625 0.5176422484375001 0.949957884375
2 0.5316297828125001 0.763491271875 0.5062971468749999 0.7627525937499999 0.4907964515625 0.7750198125 0.5015345890625 0.7890305296875 0.50130303125 0.8203325921875001 0.5192974453125 0.8003108875 0.5348867578125 0.8007654593750001 0.5423202703125 0.7921766125 0.5316297828125001 0.763491271875
2 0.45491626875 0.701571940625 0.4740894125 0.67864940625 0.464938796875 0.655879371875 0.4559654109375 0.658552915625 0.44431439531250005 0.6856083921875 0.44530921250000005 0.6993350109375001 0.45491626875 0.701571940625
2 0.4081340703125 0.504527728125 0.4157514921875 0.4793114390625 0.4281247953125 0.46988822656250007 0.43755461875 0.44668158281250003 0.41163596093750005 0.4263578078125 0.4234232390625 0.39734950625 0.40484280000000006 0.3977861140625 0.39383213437500003 0.3876810484375 0.3860308 0.429524784375 0.395406296875 0.4630637828125 0.40628069843750003 0.475121675 0.4022880765625 0.5043572640625 0.4081340703125 0.504527728125
2 0.3708360171875 0.227531234375 0.373874790625 0.2119654359375 0.3654464609375 0.2068276703125 0.354749296875 0.22021335312499998 0.33857395625 0.20017368750000003 0.3353922421875 0.259763334375 0.34626664375 0.2718212265625 0.35228986875 0.2974352734375 0.3599482609375 0.2996153828125 0.37939393125 0.27278719218749997 0.3708360171875 0.227531234375
2 0.324224375 0.098001621875 0.31366346875 0.109434478125 0.307503978125 0.0857732625 0.2915944921875 0.103898965625 0.2909131734375 0.1136630984375 0.29852392031249997 0.13051783125 0.31307076875 0.1319204078125 0.32571659999999997 0.11859154062499999 0.3308403015625 0.1011297390625 0.324224375 0.098001621875
2 0.7653389749999999 0.45036911249999995 0.78994931875 0.43347551875 0.792674596875 0.3944189703125 0.7860586671875 0.39129085468749997 0.7636695171875 0.4043356109375 0.755649978125 0.3933393625 0.755063953125 0.3737542640625 0.7466356265625 0.3686165015625 0.7368446578125 0.38300701406250004 0.734432878125 0.4455543140625 0.7428612046875 0.4506920765625 0.7578644953125 0.4315615515625 0.7653389749999999 0.45036911249999995
2 0.727571128125 0.27804775937500004 0.7056793859375 0.2979558203125 0.7029131390625001 0.30961596406249997 0.7268831328124999 0.3298829171875 0.7323746578125 0.27916622343749997 0.727571128125 0.27804775937500004
2 0.839825525 0.8380308390625 0.8256465000000001 0.8033733765625 0.8063847390625 0.8135741218750001 0.8095054546875 0.8528011359375001 0.8212450828125 0.8384674499999999 0.839825525 0.8380308390625
2 0.825339678125 0.7378116046875001 0.8295095343750001 0.7340195921875 0.821762521875 0.7191176875 0.8064457375 0.7147574609375 0.7973360921875 0.7193838312499999 0.8031344375 0.7342289140625 0.825339678125 0.7378116046875001
2 0.8430281796875001 0.932050665625 0.8476068281250001 0.9224001734374999 0.8388173546875001 0.9084462703125 0.8104526218749999 0.8812023671875 0.80609885625 0.9016218265625 0.8341910578125 0.9327713828125 0.8430281796875001 0.932050665625