2 0.88550826875 0.1743329171875 0.8950368624999999 0.1728588828125 0.9016852171874999 0.16282881875 0.8879914546875 0.1499445390625 0.870101275 0.153712253125 0.8772525140624999 0.13260245312500002 0.8673701875000001 0.11912855781250001 0.8597473109375 0.120307784375 0.8552404984375 0.1400083265625 0.8303915671875 0.156854646875 0.830199075 0.16488583750000002 0.88550826875 0.1743329171875
2 0.71565421875 0.626683865625 0.72856595 0.6226861203125 0.7440475203125 0.630292953125 0.7511241828124999 0.6221969859375001 0.743457975 0.605379740625 0.74998841875 0.59036703125 0.7418193234375 0.584629521875 0.7268093906249999 0.5969532625 0.71070701875 0.5954435250000001 0.6956970796874999 0.6077672656249999 0.696982003125 0.613569553125 0.71565421875 0.626683865625
2 0.8696516828125 0.5388498 0.8923278296875001 0.5433433078125 0.9277977906249999 0.538856428125 0.9230118265625 0.530595209375 0.885710725 0.5223630609375001 0.872370690625 0.5244267078125 0.8696516828125 0.5388498
2 0.8057671375 0.9267992328125001 0.81984588125 0.92362113125 0.808250325 0.9024108546875 0.77118504375 0.9041439921875 0.7676094203125 0.9146988921875 0.7832089046874999 0.92728836875 0.7818927328124999 0.9524963890624999 0.79671018125 0.9482038390625 0.8057671375 0.9267992328125001
2 0.6935342640625 0.9851684296875 0.6913927234374999 0.9754979484374999 0.6732667250000001 0.969300378125 0.6690703078125 0.9859523703124999 0.6845518828125 0.9935592015625 0.6935342640625 0.9851684296875
2 0.650089803125 0.6688320578125 0.664125215625 0.64765748125 0.6345649015625 0.64322875 0.6312251015625 0.663748934375 0.6367497703125 0.6708957046874999 0.650089803125 0.6688320578125
2 0.41764744687500005 0.7718017515625 0.3976157296875 0.76589898125 0.3745546046875 0.7774678546875 0.3724563953125 0.7857938515625 0.40699516718749995 0.7904526140625 0.41764744687500005 0.7718017515625
2 0.2798269296875 0.84813171875 0.303552178125 0.8484622296875 0.322448134375 0.82253504375 0.3032730328125 0.8205004671875 0.2798269296875 0.84813171875
2 0.1507096484375 0.888109153125 0.1734291234375 0.9105991375 0.19913466875000002 0.897621009375 0.1974214390625 0.889884625 0.1714367421875 0.8749009921875001 0.151330446875 0.8820120593749999 0.1507096484375 0.888109153125
2 0.688032984375 0.283895465625 0.656374459375 0.2877927328125 0.6324133953125 0.277496934375 0.6261933484375 0.2894610921875 0.629309409375 0.3079824078125 0.6405512390625 0.31424475625000003 0.6570385875 0.2996921140625 0.6866734828125 0.29110701250000004 0.688032984375 0.283895465625
2 0.181479540625 0.11921424218750001 0.190461921875 0.11082347031249999 0.1712434859375 0.09079241875 0.13464984375 0.1124561265625 0.13974620625 0.11766880312500001 0.181479540625 0.11921424218750001
2 0.1702597625 0.518020015625 0.135646415625 0.5263750828125 0.1354539234375 0.5344062734375 0.1431947125 0.538209690625 0.145143759375 0.55591135625 0.154361959375 0.5574858703125 0.1667274703125 0.546571390625 0.1702597625 0.518020015625
2 0.076270790625 0.5875694265625 0.0985186296875 0.5901288390625 0.11407478124999999 0.5847218375 0.10928881718750001 0.5764606171875 0.08937500781249999 0.5755404937499999 0.0760349765625 0.577604140625 0.076270790625 0.5875694265625
2 0.24609148281249998 0.47328333593750005 0.31512568750000003 0.4646043875 0.326206275 0.447887615625 0.30022158125 0.43290398437500005 0.2831134328125 0.453553721875 0.2545276453125 0.45797582343750004 0.24609148281249998 0.47328333593750005
2 0.5114772859375 0.37221866875 0.5393243703125 0.36891101875 0.5222041453124999 0.34055396875 0.5114772859375 0.37221866875