2 0.0029296859375 0.56640625 0 0.5966796859375 0.02734375 0.6103515640625 0.025390625 0.5810546859375 0.03515625 0.5673828140625 0.0302734359375 0.5625 0.0029296859375 0.56640625
2 0.08886718593750001 0.77734375 0.08203125 0.7841796859375 0.083984375 0.8173828140625 0.095703125 0.8251953140625 0.10546875 0.8212890640625 0.12109375 0.7919921859375 0.11816406406249999 0.771484375 0.08886718593750001 0.77734375
2 0.05859375 0.6416015640625 0.05859375 0.6845703140625 0.044921875 0.7080078140625 0.049804685937499996 0.720703125 0.05859375 0.7197265640625 0.087890625 0.7099609359375 0.083984375 0.6689453140625 0.06542968593750001 0.63671875 0.05859375 0.6416015640625
2 0.14453125 0.8701171859375 0.15625 0.8447265640625 0.1435546859375 0.833984375 0.107421875 0.8798828140625 0.13671875 0.9013671859375 0.13671875 0.9130859359375 0.11816406406249999 0.91796875 0.1171875 0.9248046859375 0.12890625 0.9345703140625 0.123046875 0.9580078140625 0.1279296859375 0.96484375 0.140625 0.9638671859375 0.1484375 0.9521484359375 0.146484375 0.9326171859375 0.15625 0.9189453140625 0.14453125 0.8701171859375
2 0.1630859359375 0.9765625 0.15234375 0.9990234359375 0.2109375 0.9990234359375 0.2109375 0.9873046859375 0.1962890640625 0.978515625 0.1728515640625 0.984375 0.1630859359375 0.9765625
2 0.5234375 0.9443359359375 0.53515625 0.9580078140625 0.52734375 0.9833984359375 0.537109375 0.9833984359375 0.55078125 0.9755859359375 0.5625 0.9462890640625 0.5322265640625 0.919921875 0.5234375 0.9443359359375
2 0.5146484359375 0.82421875 0.48828125 0.8251953140625 0.48046875 0.8623046859375 0.4833984359375 0.869140625 0.490234375 0.8681640640625 0.5009765640625 0.849609375 0.515625 0.8447265640625 0.51953125 0.8310546859375 0.5146484359375 0.82421875
2 0.4423828140625 0.603515625 0.43359375 0.6455078140625 0.4375 0.6669921859375 0.4150390640625 0.66796875 0.412109375 0.6748046859375 0.419921875 0.7021484359375 0.4326171859375 0.712890625 0.451171875 0.7138671859375 0.4609375 0.6982421859375 0.453125 0.6923828140625 0.451171875 0.6064453140625 0.4423828140625 0.603515625
2 0.34375 0.4404296859375 0.361328125 0.4306640640625 0.361328125 0.4189453140625 0.3310546859375 0.400390625 0.3203125 0.4111328140625 0.326171875 0.4287109359375 0.3046875 0.4541015640625 0.306640625 0.4638671859375 0.31640625 0.4658203140625 0.3291015640625 0.455078125 0.3427734359375 0.45703125 0.34765625 0.4521484359375 0.34375 0.4404296859375
2 0.298828125 0.2666015640625 0.2958984359375 0.28125 0.2763671859375 0.279296875 0.271484375 0.2841796859375 0.302734375 0.3154296859375 0.31640625 0.3095703140625 0.3203125 0.2958984359375 0.3056640640625 0.265625 0.298828125 0.2666015640625
2 0.2900390640625 0.21484375 0.2734375 0.2333984359375 0.2802734359375 0.25 0.294921875 0.2509765640625 0.30859375 0.2373046859375 0.310546875 0.2158203140625 0.3056640640625 0.212890625 0.2900390640625 0.21484375
2 0.595703125 0.0615234359375 0.60546875 0.06542968593750001 0.62109375 0.047851564062500004 0.623046875 0.036132814062500004 0.5986328140625 0.021484375 0.595703125 0.0615234359375
2 0.666015625 0.2060546859375 0.6748046859375 0.21875 0.69140625 0.2216796859375 0.70703125 0.2099609359375 0.70703125 0.2001953140625 0.6865234359375 0.189453125 0.666015625 0.2060546859375
2 0.7998046859375 0.51953125 0.79296875 0.5283203140625 0.794921875 0.5419921859375 0.81640625 0.5556640640625 0.8212890640625 0.548828125 0.8408203140625 0.546875 0.84765625 0.5322265640625 0.7998046859375 0.51953125
2 0.8720703140625 0.673828125 0.8583984359375 0.681640625 0.8427734359375 0.66796875 0.8359375 0.6767578140625 0.841796875 0.7177734359375 0.8662109359375 0.748046875 0.876953125 0.7470703140625 0.89453125 0.7177734359375 0.88671875 0.7001953140625 0.888671875 0.6826171859375 0.8720703140625 0.673828125
2 0.7431640640625 0.33203125 0.73046875 0.3408203140625 0.728515625 0.3583984359375 0.7431640640625 0.37890625 0.751953125 0.3779296859375 0.759765625 0.3623046859375 0.744140625 0.3466796859375 0.748046875 0.3330078140625 0.7431640640625 0.33203125
2 0.958984375 0.9990234359375 0.9365234359375 0.978515625 0.921875 0.9794921859375 0.9208984359375 1 0.958984375 0.9990234359375
2 0.2236328140625 0 0.201171875 0.0009765640625 0.22265625 0.016601564062499997 0.2236328140625 0