2 0.93359375 0.4677734359375 0.94140625 0.4560546859375 0.9384765640625 0.4296875 0.923828125 0.4423828140625 0.93359375 0.4677734359375
2 0.3046875 0.9130859359375 0.3046875 0.8955078140625 0.2900390640625 0.8828125 0.275390625 0.9091796859375 0.3046875 0.9130859359375
2 0.037109375 0.3349609359375 0.041992185937499996 0.345703125 0.0625 0.3466796859375 0.08203125 0.3330078140625 0.06933593593750001 0.306640625 0.0595703140625 0.30859375 0.037109375 0.3349609359375
2 0.654296875 0.7626953140625 0.6484375 0.8134765640625 0.6640625 0.8173828140625 0.671875 0.8037109359375 0.6787109359375 0.748046875 0.6611328140625 0.751953125 0.654296875 0.7626953140625
2 1 0.7236328140625 0.9912109359375 0.71875 0.974609375 0.7392578140625 0.9765625 0.7822265640625 0.9853515640625 0.791015625 1 0.7919921859375 1 0.7236328140625
2 0.5283203140625 0.4609375 0.48046875 0.4736328140625 0.4873046859375 0.490234375 0.509765625 0.5009765640625 0.53125 0.4951171859375 0.541015625 0.4814453140625 0.5400390640625 0.46875 0.5283203140625 0.4609375
2 0.376953125 0.0146484359375 0.37109375 0.045898435937499996 0.375 0.0576171859375 0.35546875 0.06933593593750001 0.35546875 0.08886718593750001 0.376953125 0.09277343593750001 0.40234375 0.07714843593750001 0.388671875 0.06347656406249999 0.3837890640625 0.01171875 0.376953125 0.0146484359375
2 0.5849609359375 0.5625 0.5654296859375 0.552734375 0.55859375 0.5693359359375 0.5625 0.6025390640625 0.5732421859375 0.611328125 0.595703125 0.6123046859375 0.611328125 0.6044921859375 0.61328125 0.5810546859375 0.5966796859375 0.560546875 0.5849609359375 0.5625
2 0.9033203140625 0.205078125 0.890625 0.2060546859375 0.8896484359375 0.171875 0.869140625 0.1884765640625 0.865234375 0.2119140640625 0.84765625 0.2373046859375 0.8671875 0.2705078140625 0.873046875 0.2705078140625 0.880859375 0.2626953140625 0.884765625 0.2412109359375 0.90625 0.2177734359375 0.9033203140625 0.205078125
2 0.5947265640625 0.638671875 0.587890625 0.6591796859375 0.59765625 0.7041015640625 0.6025390640625 0.71484375 0.60546875 0.7001953140625 0.61328125 0.7041015640625 0.6171875 0.7451171859375 0.6279296859375 0.7578125 0.63671875 0.7568359359375 0.6484375 0.7431640640625 0.63671875 0.7255859359375 0.630859375 0.6884765640625 0.5947265640625 0.638671875
2 0.197265625 0.5751953140625 0.1884765640625 0.568359375 0.1728515640625 0.58984375 0.1552734359375 0.58984375 0.150390625 0.6025390640625 0.162109375 0.6435546859375 0.185546875 0.6591796859375 0.18359375 0.6787109359375 0.193359375 0.7021484359375 0.203125 0.7060546859375 0.22265625 0.6533203140625 0.216796875 0.6142578140625 0.201171875 0.6005859359375 0.197265625 0.5751953140625
2 0.4765625 0.2666015640625 0.478515625 0.2587890640625 0.4638671859375 0.244140625 0.4560546859375 0.25390625 0.44921875 0.2509765640625 0.4443359359375 0.21484375 0.4169921859375 0.21484375 0.412109375 0.2333984359375 0.42578125 0.2705078140625 0.4521484359375 0.2578125 0.458984375 0.2666015640625 0.458984375 0.3154296859375 0.4375 0.3388671859375 0.4375 0.3544921859375 0.4677734359375 0.359375 0.48046875 0.3740234359375 0.48828125 0.3466796859375 0.501953125 0.3349609359375 0.490234375 0.2724609359375 0.4765625 0.2666015640625
1 0.7578125 0.3349609359375 0.765625 0.3330078140625 0.7705078140625 0.3203125 0.7802734359375 0.333984375 0.7900390640625 0.33203125 0.798828125 0.3408203140625 0.7939453140625 0.357421875 0.7861328140625 0.345703125 0.77734375 0.3447265640625 0.771484375 0.3779296859375 0.7783203140625 0.388671875 0.7861328140625 0.37890625 0.7978515640625 0.3828125 0.8017578140625 0.3984375 0.8203125 0.3955078140625 0.82421875 0.3427734359375 0.845703125 0.3408203140625 0.791015625 0.2646484359375 0.7880859359375 0.234375 0.759765625 0.2568359359375 0.7529296859375 0.271484375 0.7412109359375 0.24609375 0.732421875 0.2626953140625 0.7373046859375 0.28125 0.7421875 0.2587890640625 0.74609375 0.3056640640625 0.755859375 0.3193359359375 0.75390625 0.3779296859375 0.763671875 0.4052734359375 0.765625 0.3427734359375 0.76171875 0.3408203140625 0.7607421859375 0.357421875 0.7578125 0.3349609359375
1 0.7939453140625 0.537109375 0.78125 0.5224609359375 0.78125 0.4970703140625 0.77734375 0.4951171859375 0.7763671859375 0.509765625 0.7666015640625 0.47265625 0.7490234359375 0.490234375 0.7412109359375 0.48046875 0.7314453140625 0.50390625 0.72265625 0.4990234359375 0.724609375 0.5341796859375 0.732421875 0.5458984359375 0.72265625 0.5556640640625 0.7314453140625 0.5625 0.7392578140625 0.556640625 0.740234375 0.5615234359375 0.71875 0.5810546859375 0.73046875 0.5849609359375 0.7314453140625 0.6015625 0.7353515640625 0.595703125 0.740234375 0.6005859359375 0.740234375 0.6318359359375 0.775390625 0.6416015640625 0.798828125 0.6044921859375 0.80859375 0.5595703140625 0.802734375 0.5322265640625 0.7939453140625 0.537109375
1 0.779296875 0.6884765640625 0.779296875 0.7080078140625 0.75 0.7255859359375 0.75 0.7705078140625 0.7568359359375 0.775390625 0.7802734359375 0.765625 0.7822265640625 0.7734375 0.802734375 0.7861328140625 0.80859375 0.7724609359375 0.806640625 0.6884765640625 0.7919921859375 0.673828125 0.779296875 0.6884765640625
1 0.0009765640625 0 0 0.9990234359375 0.8779296859375 1 0.884765625 0.9912109359375 0.876953125 0.9853515640625 0.873046875 0.9638671859375 0.845703125 0.9287109359375 0.84375 0.9130859359375 0.814453125 0.8740234359375 0.810546875 0.8544921859375 0.783203125 0.8095703140625 0.8046875 0.7724609359375 0.802734375 0.7060546859375 0.8115234359375 0.6875 0.826171875 0.6923828140625 0.828125 0.7177734359375 0.841796875 0.7392578140625 0.8359375 0.7666015640625 0.841796875 0.8876953140625 0.859375 0.9169921859375 0.873046875 0.9248046859375 0.875 0.9462890640625 0.888671875 0.9658203140625 0.8984375 0.9990234359375 0.921875 0.9990234359375 0.921875 0.9365234359375 0.912109375 0.9130859359375 0.927734375 0.8935546859375 0.943359375 0.4873046859375 0.939453125 0.4423828140625 0.966796875 0.0009765640625 0.7783203140625 0 0.78192608125 0.0126201921875 0.7724609359375 0 0.7607421859375 0 0.763671875 0.0048828140625 0.7548828140625 0.009765625 0.7470703140625 0 0.0009765640625 0