2 0.1513671859375 0.484375 0.12890625 0.5029296859375 0.12890625 0.5126953140625 0.140625 0.5283203140625 0.13671875 0.5439453140625 0.146484375 0.5615234359375 0.15625 0.5634765640625 0.1572265640625 0.57421875 0.1640625 0.5732421859375 0.189453125 0.5419921859375 0.189453125 0.5302734359375 0.1640625 0.4892578140625 0.1513671859375 0.484375
2 0.1884765640625 0.662109375 0.17578125 0.6650390640625 0.17578125 0.6826171859375 0.2041015640625 0.708984375 0.2216796859375 0.697265625 0.244140625 0.7099609359375 0.25 0.6728515640625 0.2314453140625 0.65234375 0.2080078140625 0.638671875 0.1884765640625 0.662109375
2 0 0.2353515640625 0.060546875 0.2470703140625 0.060546875 0.2177734359375 0.04296875 0.2041015640625 0.05078125 0.1767578140625 0.040039064062500004 0.166015625 0.0283203140625 0.166015625 0.0234375 0.1513671859375 0.0068359359375 0.138671875 0 0.1455078140625 0 0.2353515640625
2 0.0625 0.9677734359375 0.041015625 0.9892578140625 0.049804685937499996 1 0.07421875 0.9990234359375 0.08984375 0.9853515640625 0.087890625 0.9658203140625 0.06542968593750001 0.955078125 0.0625 0.9677734359375
2 0.3583984359375 0.927734375 0.3466796859375 0.94140625 0.326171875 0.9462890640625 0.330078125 0.9599609359375 0.322265625 0.9814453140625 0.3251953140625 1 0.353515625 0.9990234359375 0.3515625 0.9892578140625 0.36328125 0.9794921859375 0.357421875 0.9619140640625 0.3583984359375 0.927734375
2 0.6455078140625 1 0.6640625 0.9990234359375 0.6552734359375 0.9765625 0.6435546859375 0.97265625 0.63671875 0.9775390640625 0.6455078140625 1
2 0.634765625 0.9052734359375 0.6142578140625 0.908203125 0.6044921859375 0.8984375 0.59375 0.9072265640625 0.59375 0.9169921859375 0.60546875 0.9384765640625 0.609375 0.9677734359375 0.62109375 0.9736328140625 0.630859375 0.9697265640625 0.642578125 0.9482421859375 0.6328125 0.9228515640625 0.634765625 0.9052734359375
2 0.5771484359375 0.732421875 0.568359375 0.7158203140625 0.572265625 0.6943359359375 0.5556640640625 0.689453125 0.54296875 0.7236328140625 0.564453125 0.7490234359375 0.556640625 0.7666015640625 0.576171875 0.7802734359375 0.6015625 0.7548828140625 0.60546875 0.7392578140625 0.5927734359375 0.728515625 0.5771484359375 0.732421875
2 0.3359375 0.12011718593750001 0.34375 0.12402343593750001 0.357421875 0.11230468593750001 0.3564453140625 0.1015625 0.337890625 0.10644531406249999 0.3359375 0.12011718593750001
2 0.3818359359375 0.236328125 0.3759765640625 0.228515625 0.3525390640625 0.23046875 0.3515625 0.2900390640625 0.3779296859375 0.298828125 0.3876953140625 0.287109375 0.400390625 0.3017578140625 0.408203125 0.2529296859375 0.3984375 0.2470703140625 0.3896484359375 0.228515625 0.3818359359375 0.236328125
2 0.3212890640625 0 0.3125 0.032226564062500004 0.30078125 0.036132814062500004 0.322265625 0.06542968593750001 0.328125 0.08886718593750001 0.33984375 0.09667968593750001 0.341796875 0.06542968593750001 0.36328125 0.0595703140625 0.35546875 0.0263671859375 0.3642578140625 0 0.3212890640625 0
2 0.875 0.7998046859375 0.884765625 0.8017578140625 0.890625 0.7919921859375 0.8876953140625 0.78125 0.875 0.7900390640625 0.875 0.7998046859375
2 0.828125 0.6513671859375 0.8359375 0.6552734359375 0.84375 0.6201171859375 0.833984375 0.6142578140625 0.8310546859375 0.595703125 0.828125 0.6513671859375
2 0.7216796859375 0.130859375 0.70703125 0.1865234359375 0.7265625 0.1884765640625 0.73828125 0.1845703140625 0.7421875 0.1689453140625 0.732421875 0.1396484359375 0.7216796859375 0.130859375
2 0.8681640640625 0.6875 0.861328125 0.7177734359375 0.875 0.7353515640625 0.875 0.7451171859375 0.8896484359375 0.763671875 0.91796875 0.7705078140625 0.921875 0.7431640640625 0.904296875 0.7314453140625 0.892578125 0.6904296859375 0.8681640640625 0.6875
2 0.787109375 0.2978515640625 0.791015625 0.3330078140625 0.765625 0.3388671859375 0.767578125 0.3642578140625 0.78125 0.3779296859375 0.8125 0.3681640640625 0.81640625 0.2861328140625 0.8095703140625 0.279296875 0.787109375 0.2978515640625
2 0.84765625 0.4326171859375 0.8330078140625 0.404296875 0.8203125 0.4287109359375 0.796875 0.4482421859375 0.798828125 0.4912109359375 0.8212890640625 0.515625 0.828125 0.5146484359375 0.830078125 0.5029296859375 0.8515625 0.4833984359375 0.84375 0.4599609359375 0.84765625 0.4326171859375