2 0.966796875 0.4599609359375 0.98046875 0.4501953140625 0.9677734359375 0.435546875 0.953125 0.4443359359375 0.966796875 0.4599609359375
2 0.6572265640625 0.685546875 0.654296875 0.7001953140625 0.6640625 0.7568359359375 0.673828125 0.7626953140625 0.68359375 0.7548828140625 0.68359375 0.7294921859375 0.669921875 0.6904296859375 0.6572265640625 0.685546875
2 1 0.6103515640625 0.9912109359375 0.611328125 0.9814453140625 0.6015625 0.953125 0.6181640640625 0.97265625 0.6396484359375 0.9765625 0.6533203140625 0.986328125 0.6572265640625 1 0.6435546859375 1 0.6103515640625
2 0.22265625 0.4833984359375 0.212890625 0.5166015640625 0.2216796859375 0.533203125 0.234375 0.5341796859375 0.2470703140625 0.53125 0.25390625 0.5185546859375 0.2431640640625 0.474609375 0.22265625 0.4833984359375
2 0.01171875 0.038085935937499996 0.020507814062499997 0.064453125 0.0546875 0.07714843593750001 0.06640625 0.06933593593750001 0.06640625 0.0556640640625 0.045898435937499996 0.021484375 0.01171875 0.038085935937499996
2 0.8310546859375 0 0.83203125 0.045898435937499996 0.845703125 0.07910156406249999 0.853515625 0.08105468593750001 0.8671875 0.0576171859375 0.859375 0.024414064062499997 0.8447265640625 0 0.8310546859375 0
2 0.8984375 0.1357421859375 0.8916015640625 0.1328125 0.8623046859375 0.140625 0.85546875 0.1533203140625 0.861328125 0.1787109359375 0.875 0.1904296859375 0.861328125 0.2080078140625 0.861328125 0.2353515640625 0.875 0.2431640640625 0.880859375 0.2353515640625 0.87890625 0.1904296859375 0.8984375 0.1435546859375 0.8984375 0.1357421859375
2 0.6650390640625 0.5859375 0.6357421859375 0.583984375 0.625 0.5966796859375 0.625 0.6376953140625 0.6337890640625 0.650390625 0.64453125 0.6513671859375 0.65234375 0.6494140640625 0.658203125 0.6279296859375 0.673828125 0.6103515640625 0.6650390640625 0.5859375
2 0.2236328140625 0.326171875 0.20703125 0.3310546859375 0.189453125 0.3740234359375 0.189453125 0.3916015640625 0.177734375 0.4033203140625 0.1875 0.4248046859375 0.205078125 0.4365234359375 0.212890625 0.3798828140625 0.23046875 0.3603515640625 0.23046875 0.3330078140625 0.2236328140625 0.326171875
2 0.302734375 0.6279296859375 0.2919921859375 0.6171875 0.27734375 0.6376953140625 0.275390625 0.6630859359375 0.259765625 0.6708984359375 0.259765625 0.6806640640625 0.2705078140625 0.6953125 0.294921875 0.7080078140625 0.3125 0.7001953140625 0.3125 0.6826171859375 0.302734375 0.6630859359375 0.302734375 0.6279296859375
2 0.3115234359375 0.771484375 0.2958984359375 0.794921875 0.2626953140625 0.79296875 0.2578125 0.7978515640625 0.2646484359375 0.8125 0.2880859359375 0.818359375 0.291015625 0.8369140640625 0.30859375 0.8466796859375 0.341796875 0.8232421859375 0.341796875 0.8134765640625 0.314453125 0.7958984359375 0.3115234359375 0.771484375
2 0.12011718593750001 0.25 0.09667968593750001 0.248046875 0.08984375 0.2646484359375 0.09375 0.2802734359375 0.119140625 0.2998046859375 0.111328125 0.3173828140625 0.115234375 0.3271484359375 0.154296875 0.3544921859375 0.16015625 0.3271484359375 0.1484375 0.2841796859375 0.125 0.2626953140625 0.12011718593750001 0.25
2 0.5556640640625 0.267578125 0.5205078140625 0.265625 0.515625 0.2724609359375 0.509765625 0.3154296859375 0.51953125 0.3681640640625 0.53125 0.3759765640625 0.5546875 0.3583984359375 0.546875 0.3173828140625 0.556640625 0.2958984359375 0.5556640640625 0.267578125
2 0.376953125 0.9326171859375 0.37109375 0.8935546859375 0.3505859359375 0.880859375 0.328125 0.8994140640625 0.341796875 0.9208984359375 0.3359375 0.9462890640625 0.34375 0.9892578140625 0.3525390640625 1 0.396484375 0.9990234359375 0.40625 0.9912109359375 0.412109375 0.9716796859375 0.408203125 0.9423828140625 0.376953125 0.9326171859375
2 0.53515625 0.022460935937500003 0.55078125 0.010742185937499999 0.5478515640625 0 0.447265625 0.0009765640625 0.4453125 0.041992185937499996 0.431640625 0.0615234359375 0.4453125 0.10449218593750001 0.4638671859375 0.125 0.4765625 0.1279296859375 0.482421875 0.12207031406249999 0.482421875 0.09863281406249999 0.52734375 0.049804685937499996 0.53515625 0.022460935937500003