2 0.859375 0.11035156406249999 0.873046875 0.10253906406249999 0.8740234359375 0.0703125 0.857421875 0.08886718593750001 0.859375 0.11035156406249999
2 0.517578125 0.3037109359375 0.517578125 0.3232421859375 0.544921875 0.3271484359375 0.537109375 0.3173828140625 0.537109375 0.2998046859375 0.5244140640625 0.29296875 0.517578125 0.3037109359375
2 0.892578125 0.2177734359375 0.904296875 0.2314453140625 0.921875 0.1982421859375 0.9189453140625 0.189453125 0.89453125 0.2001953140625 0.892578125 0.2177734359375
2 0.01953125 0.08691406406249999 0.0263671859375 0.1015625 0.040039064062500004 0.109375 0.0546875 0.10839843593750001 0.056640625 0.09277343593750001 0.049804685937499996 0.080078125 0.032226564062500004 0.078125 0.01953125 0.08691406406249999
2 0.59375 0.5322265640625 0.6103515640625 0.544921875 0.623046875 0.5458984359375 0.626953125 0.5322265640625 0.6064453140625 0.501953125 0.59375 0.5166015640625 0.59375 0.5322265640625
2 0.015625 0.9365234359375 0.015625 0.9521484359375 0 0.9697265640625 0.001953125 0.9833984359375 0.018554685937500003 0.96484375 0.037109375 0.9736328140625 0.038085935937499996 0.9375 0.015625 0.9365234359375
2 0.2236328140625 0.509765625 0.203125 0.5224609359375 0.203125 0.5380859359375 0.2216796859375 0.560546875 0.23046875 0.5615234359375 0.23828125 0.5458984359375 0.236328125 0.5185546859375 0.2314453140625 0.509765625 0.2236328140625 0.509765625
2 0.57421875 0.4423828140625 0.5703125 0.4619140640625 0.580078125 0.4912109359375 0.587890625 0.4912109359375 0.595703125 0.4814453140625 0.603515625 0.4404296859375 0.5849609359375 0.431640625 0.57421875 0.4423828140625
2 0.658203125 0.7646484359375 0.658203125 0.7880859359375 0.671875 0.7900390640625 0.701171875 0.7548828140625 0.701171875 0.7431640640625 0.6904296859375 0.732421875 0.658203125 0.7646484359375
2 0.615234375 0.5947265640625 0.62109375 0.6005859359375 0.62109375 0.6767578140625 0.630859375 0.6826171859375 0.640625 0.6748046859375 0.640625 0.6240234359375 0.6201171859375 0.591796875 0.615234375 0.5947265640625
2 0.25390625 0.5927734359375 0.2451171859375 0.580078125 0.212890625 0.5986328140625 0.201171875 0.6376953140625 0.216796875 0.6435546859375 0.2373046859375 0.625 0.2578125 0.6240234359375 0.248046875 0.6162109359375 0.25390625 0.5927734359375
2 0.76171875 0.9208984359375 0.7529296859375 0.919921875 0.7470703140625 0.90625 0.7255859359375 0.904296875 0.720703125 0.9306640640625 0.736328125 0.9423828140625 0.736328125 0.9677734359375 0.751953125 0.9716796859375 0.7783203140625 0.962890625 0.78125 0.9501953140625 0.767578125 0.9404296859375 0.76171875 0.9208984359375
2 0.283203125 0.7294921859375 0.2734375 0.7900390640625 0.2998046859375 0.8125 0.310546875 0.8115234359375 0.310546875 0.7646484359375 0.3046875 0.7353515640625 0.2939453140625 0.71875 0.283203125 0.7294921859375
2 0.4755859359375 0.111328125 0.46875 0.11230468593750001 0.474609375 0.10644531406249999 0.478515625 0.07128906406249999 0.4677734359375 0.037109375 0.45703125 0.047851564062500004 0.453125 0.08300781406249999 0.439453125 0.10449218593750001 0.435546875 0.1298828140625 0.44140625 0.1708984359375 0.455078125 0.1904296859375 0.462890625 0.1845703140625 0.46484375 0.1416015640625 0.478515625 0.11816406406249999 0.4755859359375 0.111328125
2 0.171875 0.3583984359375 0.1640625 0.3173828140625 0.1357421859375 0.28125 0.10839843593750001 0.265625 0.1015625 0.2802734359375 0.12109375 0.3134765640625 0.123046875 0.3408203140625 0.138671875 0.3740234359375 0.142578125 0.4365234359375 0.17578125 0.4501953140625 0.1875 0.4404296859375 0.189453125 0.4267578140625 0.166015625 0.4091796859375 0.171875 0.3583984359375