1 0.2841796859375 0.66899529375 0.3291015640625 0.6741913921875 0.3349609359375 0.6875219968749999 0.3740234359375 0.673528115625 0.4169921859375 0.6983692203125 0.4287109359375 0.67815543125 0.44140625 0.6764394499999999 0.4140625 0.6565476703125 0.4296875 0.6243876171875 0.4033203140625 0.6132280171875 0.3818359359375 0.6340105890625 0.3427734359375 0.6284732203125001 0.2841796859375 0.66899529375
2 0.09863281406249999 0.1329271671875 0.091796875 0.13625500468750001 0.09277343593750001 0.1508465625 0.08300781406249999 0.1553215953125 0.06347656406249999 0.1466935359375 0.0517578140625 0.1493292 0.049804685937499996 0.1631148328125 0.07910156406249999 0.1750803578125 0.111328125 0.1644143109375 0.09863281406249999 0.1329271671875
2 0.8564453140625 0.186445865625 0.8447265640625 0.1949409046875 0.8349609359375 0.21308781406250002 0.8486328140625 0.2220571421875 0.8603515640625 0.22137460312499999 0.865234375 0.214254271875 0.861328125 0.18909116406249998 0.8564453140625 0.186445865625
2 0.4287109359375 0.37932730625 0.4208984359375 0.37978233281249996 0.3994140640625 0.4005649046875 0.3603515640625 0.40284003593750006 0.3505859359375 0.41122131875 0.3798828140625 0.4231868453125 0.45703125 0.405998146875 0.4404296859375 0.3981760171875 0.4287109359375 0.37932730625
2 0.587890625 0.30853270625 0.5830078140625 0.2941686609375 0.5576171859375 0.29174124687499997 0.5556640640625 0.297714378125 0.5673828140625 0.3107037140625 0.587890625 0.30853270625
2 0.1396484359375 0.5094445296875 0.1708984359375 0.5134838 0.1767578140625 0.5229081546875001 0.1982421859375 0.5216568328125 0.2021484359375 0.50775744375 0.228515625 0.49743266718749996 0.224609375 0.4839883078125 0.2431640640625 0.47411855625 0.24609375 0.4651588578125 0.2021484359375 0.46869494375 0.1845703140625 0.497062503125 0.1416015640625 0.4995651484375 0.1396484359375 0.5094445296875
2 0.6416015640625 0.6579434640625 0.6328125 0.6672444328125 0.6337890640625 0.679882865625 0.6494140640625 0.6789728125 0.66015625 0.6871362125 0.6611328140625 0.6958683984375 0.646484375 0.6976981375 0.6552734359375 0.71183466875 0.6845703140625 0.7257533203125 0.697265625 0.7201310875 0.6875 0.7050748703124999 0.6953125 0.667510471875 0.6787109359375 0.6616414640625 0.6728515640625 0.650263984375 0.6416015640625 0.6579434640625
2 0.9404296859375 0.5858512078125 0.9208984359375 0.5889418984375 0.9169921859375 0.6008881625 0.9345703140625 0.611583103125 0.9580078140625 0.6102180234375 0.970703125 0.6026426671875 0.9677734359375 0.594024240625 0.9404296859375 0.5858512078125
2 0.4365234359375 0.8085597796874999 0.44140625 0.8209706999999999 0.4501953140625 0.8214353593749999 0.4765625 0.7896262093749999 0.4501953140625 0.784325984375 0.4375 0.7958075906250001 0.4365234359375 0.8085597796874999
2 0.576171875 0.7349964953125 0.5673828140625 0.7286724640625 0.5419921859375 0.728198175 0.5283203140625 0.7426663453125 0.5712890640625 0.7421168265625 0.576171875 0.7349964953125
2 0.7451171859375 0.6460549906249999 0.7666015640625 0.6565224187500001 0.794921875 0.6519432593750001 0.7880859359375 0.639646096875 0.7744140640625 0.6345830171875 0.7470703140625 0.6381287343750001 0.7451171859375 0.6460549906249999
1 0.943359375 0.760485259375 0.9482421859375 0.7787555562499999 1 0.78062381875 0.9970703140625 0.6880210171875001 0.9501953140625 0.698563675 0.93359375 0.7161321703125 0.9345703140625 0.726817478125 0.939453125 0.7392284 0.951171875 0.7463583609375 0.943359375 0.760485259375