2 0.022460935937500003 0.021484375 0.048828125 0.020507814062499997 0.05859375 0.010742185937499999 0.0576171859375 0 0.001953125 0.0009765640625 0.022460935937500003 0.021484375
2 0.046875 0.1416015640625 0.0859375 0.1748046859375 0.08984375 0.1904296859375 0.095703125 0.1923828140625 0.1015625 0.1845703140625 0.095703125 0.1474609359375 0.07128906406249999 0.1171875 0.046875 0.1416015640625
2 0.119140625 0.9072265640625 0.10546875 0.8896484359375 0.10546875 0.8740234359375 0.09863281406249999 0.8671875 0.07714843593750001 0.87109375 0.068359375 0.8798828140625 0.0625 0.9033203140625 0.064453125 0.9345703140625 0.07421875 0.9482421859375 0.0625 0.9599609359375 0.0625 0.9755859359375 0.08886718593750001 0.98828125 0.09082031406249999 1 0.1484375 0.9990234359375 0.146484375 0.9638671859375 0.1337890640625 0.96875 0.12109375 0.9482421859375 0.119140625 0.9072265640625
2 0.169921875 0.3818359359375 0.181640625 0.3544921859375 0.1474609359375 0.345703125 0.146484375 0.3759765640625 0.169921875 0.3818359359375
2 0.3271484359375 0.703125 0.328125 0.7255859359375 0.322265625 0.7275390640625 0.3203125 0.7490234359375 0.333984375 0.7626953140625 0.337890625 0.7509765640625 0.330078125 0.7353515640625 0.33203125 0.7041015640625 0.3271484359375 0.703125
2 0.388671875 0.9638671859375 0.419921875 0.9677734359375 0.427734375 0.9345703140625 0.4130859359375 0.904296875 0.390625 0.9384765640625 0.388671875 0.9638671859375
2 0.375 0.8388671859375 0.34375 0.8681640640625 0.349609375 0.8916015640625 0.3671875 0.8955078140625 0.3876953140625 0.884765625 0.400390625 0.8623046859375 0.3818359359375 0.810546875 0.375 0.8388671859375
2 0.2734375 0.6240234359375 0.283203125 0.6298828140625 0.291015625 0.6083984359375 0.287109375 0.5810546859375 0.2802734359375 0.57421875 0.2734375 0.6240234359375
2 0.484375 0.3466796859375 0.478515625 0.3623046859375 0.48828125 0.3759765640625 0.501953125 0.3662109359375 0.501953125 0.3505859359375 0.4951171859375 0.341796875 0.484375 0.3466796859375
2 0.5703125 0.5556640640625 0.587890625 0.5966796859375 0.59375 0.5966796859375 0.603515625 0.5615234359375 0.5947265640625 0.548828125 0.5751953140625 0.544921875 0.5703125 0.5556640640625
2 0.4658203140625 0.13671875 0.45703125 0.1435546859375 0.439453125 0.1865234359375 0.47265625 0.1982421859375 0.484375 0.1728515640625 0.4765625 0.1630859359375 0.474609375 0.1435546859375 0.4658203140625 0.13671875
2 0.470703125 0.2646484359375 0.470703125 0.3056640640625 0.5 0.3193359359375 0.509765625 0.2880859359375 0.50390625 0.2724609359375 0.4755859359375 0.26171875 0.470703125 0.2646484359375
2 0.4873046859375 0.380859375 0.486328125 0.4248046859375 0.4970703140625 0.43359375 0.5087890640625 0.431640625 0.525390625 0.4599609359375 0.53515625 0.4404296859375 0.53125 0.3916015640625 0.5068359359375 0.396484375 0.4873046859375 0.380859375
2 0.412109375 0.0009765640625 0.3876953140625 0 0.376953125 0.0146484359375 0.37890625 0.036132814062500004 0.365234375 0.049804685937499996 0.3671875 0.06542968593750001 0.3857421859375 0.08984375 0.3955078140625 0.078125 0.4052734359375 0.078125 0.416015625 0.09472656406249999 0.435546875 0.07324218593750001 0.43359375 0.049804685937499996 0.40625 0.020507814062499997 0.412109375 0.0009765640625
2 0.701171875 0.9990234359375 0.7021484359375 0.9609375 0.6953125 0.9873046859375 0.6953125 0.9990234359375 0.701171875 0.9990234359375
2 0.63671875 0.8818359359375 0.646484375 0.8857421859375 0.650390625 0.8681640640625 0.6435546859375 0.84765625 0.63671875 0.8564453140625 0.63671875 0.8818359359375
2 0.591796875 0.6630859359375 0.595703125 0.6787109359375 0.607421875 0.6865234359375 0.623046875 0.6513671859375 0.6142578140625 0.642578125 0.5986328140625 0.640625 0.591796875 0.6630859359375
2 0.611328125 0.7490234359375 0.6181640640625 0.759765625 0.625 0.7587890640625 0.6328125 0.7158203140625 0.6123046859375 0.6953125 0.607421875 0.7001953140625 0.611328125 0.7490234359375
2 0.708984375 0.9287109359375 0.6982421859375 0.90625 0.6806640640625 0.908203125 0.662109375 0.9306640640625 0.6640625 0.9560546859375 0.677734375 0.9580078140625 0.6923828140625 0.94921875 0.7021484359375 0.95703125 0.70703125 0.9501953140625 0.708984375 0.9287109359375
2 0.890625 0.3720703140625 0.892578125 0.3876953140625 0.900390625 0.3916015640625 0.91015625 0.3896484359375 0.9140625 0.3720703140625 0.9072265640625 0.357421875 0.890625 0.3720703140625
2 0.9228515640625 0.4453125 0.9267578140625 0.439453125 0.93359375 0.4462890640625 0.9375 0.4677734359375 0.947265625 0.4755859359375 0.9453125 0.4560546859375 0.9228515640625 0.40625 0.9140625 0.4326171859375 0.9228515640625 0.4453125
2 1 0.8642578140625 0.9853515640625 0.859375 0.98046875 0.8681640640625 0.98046875 0.9287109359375 0.984375 0.9404296859375 0.990234375 0.9404296859375 1 0.9384765640625 1 0.8642578140625
2 0.9326171859375 0.662109375 0.923828125 0.6826171859375 0.927734375 0.7001953140625 0.947265625 0.7060546859375 0.9697265640625 0.701171875 0.982421875 0.6865234359375 0.9462890640625 0.662109375 0.9326171859375 0.662109375
2 1 0.7333984359375 0.9560546859375 0.736328125 0.951171875 0.7431640640625 0.955078125 0.7646484359375 0.9765625 0.7998046859375 0.978515625 0.8173828140625 0.990234375 0.8193359359375 1 0.8154296859375 1 0.7333984359375
2 0.818359375 0.020507814062499997 0.82421875 0.0009765640625 0.8017578140625 0 0.8046875 0.016601564062499997 0.818359375 0.020507814062499997
2 0.81640625 0.1494140640625 0.828125 0.1533203140625 0.845703125 0.11425781406249999 0.8212890640625 0.0859375 0.810546875 0.1298828140625 0.81640625 0.1494140640625
2 0.8544921859375 0.154296875 0.83203125 0.1806640640625 0.83984375 0.2177734359375 0.849609375 0.2216796859375 0.87109375 0.2041015640625 0.87109375 0.1787109359375 0.857421875 0.1728515640625 0.8544921859375 0.154296875
2 0.533203125 0.5107421859375 0.54296875 0.5263671859375 0.533203125 0.5537109359375 0.55078125 0.5595703140625 0.556640625 0.5068359359375 0.5478515640625 0.49609375 0.5380859359375 0.49609375 0.533203125 0.5107421859375