2 0.43359375 0.08886718593750001 0.439453125 0.07910156406249999 0.4306640640625 0.05859375 0.416015625 0.07324218593750001 0.43359375 0.08886718593750001
2 0.48046875 0.1494140640625 0.486328125 0.1259765640625 0.484375 0.08691406406249999 0.4736328140625 0.080078125 0.4658203140625 0.087890625 0.4560546859375 0.083984375 0.4462890640625 0.103515625 0.427734375 0.11035156406249999 0.42578125 0.1298828140625 0.4375 0.1513671859375 0.4453125 0.1904296859375 0.484375 0.1943359359375 0.5 0.1748046859375 0.50390625 0.1513671859375 0.4990234359375 0.146484375 0.48046875 0.1494140640625
2 0.109375 0.2255859359375 0.09472656406249999 0.21875 0.068359375 0.2353515640625 0.068359375 0.2470703140625 0.080078125 0.2607421859375 0.078125 0.2802734359375 0.06347656406249999 0.275390625 0.05859375 0.2822265640625 0.064453125 0.3017578140625 0.078125 0.3076171859375 0.08886718593750001 0.30078125 0.103515625 0.3017578140625 0.091796875 0.2607421859375 0.109375 0.2255859359375
2 0.134765625 0.4501953140625 0.13671875 0.4658203140625 0.14453125 0.4677734359375 0.154296875 0.4384765640625 0.1494140640625 0.4296875 0.138671875 0.4326171859375 0.134765625 0.4501953140625
2 0.1865234359375 0.482421875 0.1572265640625 0.490234375 0.1357421859375 0.474609375 0.134765625 0.4873046859375 0.12402343593750001 0.48828125 0.109375 0.5068359359375 0.111328125 0.5224609359375 0.1318359359375 0.537109375 0.1455078140625 0.529296875 0.1630859359375 0.544921875 0.177734375 0.5458984359375 0.177734375 0.5263671859375 0.1953125 0.5009765640625 0.1953125 0.4873046859375 0.1865234359375 0.482421875
2 0.224609375 0.6337890640625 0.2216796859375 0.607421875 0.2099609359375 0.6171875 0.1962890640625 0.607421875 0.1845703140625 0.607421875 0.185546875 0.6435546859375 0.20703125 0.6572265640625 0.20703125 0.6689453140625 0.21484375 0.6748046859375 0.2236328140625 0.66015625 0.244140625 0.6474609359375 0.244140625 0.6396484359375 0.224609375 0.6337890640625
2 0.3447265640625 0.939453125 0.333984375 0.9326171859375 0.337890625 0.8623046859375 0.3056640640625 0.833984375 0.29296875 0.8564453140625 0.2763671859375 0.865234375 0.271484375 0.8212890640625 0.2587890640625 0.83203125 0.2431640640625 0.830078125 0.240234375 0.8388671859375 0.2744140640625 0.88671875 0.3056640640625 0.88671875 0.318359375 0.9013671859375 0.318359375 0.9345703140625 0.306640625 0.9580078140625 0.3173828140625 0.9609375 0.3251953140625 0.97265625 0.337890625 0.9599609359375 0.34375 0.9697265640625 0.3408203140625 1 0.373046875 0.9990234359375 0.376953125 0.9755859359375 0.36328125 0.9658203140625 0.361328125 0.9365234359375 0.3447265640625 0.939453125
2 0.619140625 0.5458984359375 0.6083984359375 0.537109375 0.595703125 0.5537109359375 0.59375 0.5126953140625 0.5771484359375 0.5 0.576171875 0.5419921859375 0.591796875 0.5595703140625 0.58203125 0.5849609359375 0.564453125 0.6005859359375 0.5625 0.6181640640625 0.5712890640625 0.625 0.6005859359375 0.62109375 0.615234375 0.6259765640625 0.62890625 0.5986328140625 0.62890625 0.5869140640625 0.619140625 0.5751953140625 0.619140625 0.5458984359375
2 0.5419921859375 0.427734375 0.52734375 0.4462890640625 0.52734375 0.4833984359375 0.5546875 0.4736328140625 0.544921875 0.4560546859375 0.546875 0.4306640640625 0.5419921859375 0.427734375
2 0.6103515640625 0.794921875 0.623046875 0.7939453140625 0.646484375 0.7802734359375 0.6279296859375 0.736328125 0.60546875 0.7841796859375 0.6103515640625 0.794921875
2 0.6953125 0.8466796859375 0.6865234359375 0.8125 0.66796875 0.8232421859375 0.66015625 0.8505859359375 0.671875 0.8916015640625 0.669921875 0.9208984359375 0.681640625 0.9287109359375 0.70703125 0.8974609359375 0.705078125 0.8837890640625 0.69140625 0.8662109359375 0.6953125 0.8466796859375
2 1 0.7001953140625 0.9716796859375 0.6875 0.9609375 0.7138671859375 0.96484375 0.7373046859375 0.990234375 0.7646484359375 0.990234375 0.7880859359375 1 0.7939453140625 1 0.7001953140625
2 0.90234375 0.4033203140625 0.900390625 0.3857421859375 0.8779296859375 0.384765625 0.87109375 0.3662109359375 0.890625 0.3232421859375 0.890625 0.3037109359375 0.8720703140625 0.306640625 0.8505859359375 0.275390625 0.845703125 0.3017578140625 0.859375 0.3291015640625 0.85546875 0.3701171859375 0.87109375 0.3896484359375 0.87109375 0.4150390640625 0.880859375 0.4169921859375 0.88671875 0.4150390640625 0.8779296859375 0.40625 0.8974609359375 0.408203125 0.90234375 0.4033203140625
2 0.8955078140625 0.439453125 0.880859375 0.4560546859375 0.8828125 0.4755859359375 0.892578125 0.4814453140625 0.896484375 0.4560546859375 0.916015625 0.4521484359375 0.8994140640625 0.44921875 0.8955078140625 0.439453125