2 0.01171875 0.8544921859375 0.015625 0.8212890640625 0.0009765640625 0.8046875 0 0.8544921859375 0.01171875 0.8544921859375
2 0.056640625 0.9482421859375 0.06640625 0.9501953140625 0.08203125 0.9423828140625 0.07910156406249999 0.9296875 0.064453125 0.9306640640625 0.056640625 0.9482421859375
2 0.034179685937499996 0.896484375 0.03125 0.9150390640625 0.04296875 0.9423828140625 0.048828125 0.9384765640625 0.048828125 0.9111328140625 0.044921875 0.8994140640625 0.034179685937499996 0.896484375
2 0.4453125 0.8134765640625 0.4365234359375 0.8046875 0.4267578140625 0.80859375 0.4169921859375 0.794921875 0.3974609359375 0.798828125 0.396484375 0.8330078140625 0.42578125 0.8427734359375 0.427734375 0.8662109359375 0.419921875 0.8896484359375 0.4296875 0.8955078140625 0.451171875 0.8837890640625 0.458984375 0.8642578140625 0.44140625 0.8388671859375 0.4453125 0.8134765640625
2 0.349609375 0.5751953140625 0.322265625 0.5673828140625 0.322265625 0.4970703140625 0.30078125 0.4677734359375 0.2880859359375 0.4609375 0.26171875 0.4951171859375 0.2607421859375 0.509765625 0.255859375 0.4521484359375 0.2490234359375 0.4453125 0.2373046859375 0.46484375 0.21875 0.4697265640625 0.220703125 0.4794921859375 0.25 0.5107421859375 0.251953125 0.5283203140625 0.2607421859375 0.5390625 0.2900390640625 0.53515625 0.296875 0.5419921859375 0.30078125 0.5810546859375 0.2890625 0.6025390640625 0.3115234359375 0.61328125 0.3251953140625 0.609375 0.333984375 0.6416015640625 0.353515625 0.6435546859375 0.365234375 0.6357421859375 0.3671875 0.6240234359375 0.349609375 0.6083984359375 0.349609375 0.5751953140625
2 0.2216796859375 0.240234375 0.20703125 0.2412109359375 0.20703125 0.2099609359375 0.2001953140625 0.20703125 0.1845703140625 0.232421875 0.1650390640625 0.22265625 0.162109375 0.2412109359375 0.173828125 0.2607421859375 0.1884765640625 0.265625 0.201171875 0.2861328140625 0.208984375 0.2880859359375 0.2109375 0.2666015640625 0.224609375 0.2568359359375 0.2265625 0.2470703140625 0.2216796859375 0.240234375
2 0.173828125 0.08886718593750001 0.1611328140625 0.083984375 0.1396484359375 0.09765625 0.125 0.07324218593750001 0.130859375 0.0615234359375 0.12890625 0.036132814062500004 0.11621093593750001 0.033203125 0.107421875 0.0556640640625 0.115234375 0.10058593593750001 0.09863281406249999 0.087890625 0.083984375 0.12011718593750001 0.0859375 0.1279296859375 0.09863281406249999 0.146484375 0.109375 0.1455078140625 0.11425781406249999 0.12890625 0.1298828140625 0.12890625 0.138671875 0.1533203140625 0.150390625 0.1572265640625 0.15234375 0.1474609359375 0.162109375 0.1435546859375 0.158203125 0.12011718593750001 0.173828125 0.08886718593750001
2 0.5380859359375 0.0390625 0.5234375 0.06542968593750001 0.5234375 0.10058593593750001 0.53125 0.10839843593750001 0.5546875 0.08105468593750001 0.54296875 0.06933593593750001 0.544921875 0.0517578140625 0.5380859359375 0.0390625
2 0.619140625 0.4130859359375 0.60546875 0.4267578140625 0.60546875 0.4404296859375 0.619140625 0.4443359359375 0.642578125 0.4248046859375 0.6298828140625 0.373046875 0.623046875 0.3779296859375 0.619140625 0.4130859359375
2 0.697265625 0.5068359359375 0.701171875 0.4794921859375 0.6953125 0.4716796859375 0.6962890640625 0.451171875 0.67578125 0.4677734359375 0.6640625 0.5048828140625 0.673828125 0.5517578140625 0.671875 0.5712890640625 0.689453125 0.5791015640625 0.69921875 0.5419921859375 0.712890625 0.5380859359375 0.7109375 0.5244140640625 0.697265625 0.5068359359375
2 0.767578125 0.6689453140625 0.7607421859375 0.63671875 0.734375 0.6748046859375 0.736328125 0.6943359359375 0.724609375 0.7138671859375 0.744140625 0.7275390640625 0.76953125 0.7021484359375 0.779296875 0.6748046859375 0.7763671859375 0.66796875 0.767578125 0.6689453140625
2 0.884765625 0.032226564062500004 0.90625 0.032226564062500004 0.921875 0.0146484359375 0.919921875 0.0009765640625 0.8837890640625 0 0.884765625 0.032226564062500004
2 0.908203125 0.11621093593750001 0.9111328140625 0.06640625 0.896484375 0.09082031406249999 0.900390625 0.11230468593750001 0.908203125 0.11621093593750001
2 0.994140625 0.3818359359375 1 0.3974609359375 0.9990234359375 0.32421875 0.982421875 0.3427734359375 0.978515625 0.3681640640625 0.994140625 0.3818359359375
2 0.5947265640625 0.15234375 0.5751953140625 0.130859375 0.58203125 0.1962890640625 0.5625 0.2080078140625 0.560546875 0.2216796859375 0.5693359359375 0.236328125 0.5849609359375 0.236328125 0.5888671859375 0.248046875 0.603515625 0.2470703140625 0.625 0.2255859359375 0.6328125 0.1845703140625 0.6103515640625 0.15234375 0.5947265640625 0.15234375