2 0.048828125 0.06933593593750001 0.0302734359375 0.041015625 0.025390625 0.09472656406249999 0.056640625 0.12402343593750001 0.0625 0.12011718593750001 0.060546875 0.10449218593750001 0.05078125 0.08886718593750001 0.048828125 0.06933593593750001
2 0.080078125 0.2138671859375 0.08886718593750001 0.2265625 0.095703125 0.2255859359375 0.1015625 0.2119140640625 0.095703125 0.1904296859375 0.08691406406249999 0.1875 0.080078125 0.2138671859375
2 0.1484375 0.3837890640625 0.16015625 0.4052734359375 0.166015625 0.4052734359375 0.169921875 0.3857421859375 0.1591796859375 0.369140625 0.1484375 0.3759765640625 0.1484375 0.3837890640625
2 0.234375 0.5029296859375 0.240234375 0.5029296859375 0.248046875 0.4580078140625 0.2275390640625 0.4375 0.21875 0.4794921859375 0.234375 0.5029296859375
2 0.248046875 0.6181640640625 0.2578125 0.6357421859375 0.267578125 0.6376953140625 0.265625 0.5966796859375 0.2529296859375 0.5859375 0.24609375 0.5947265640625 0.248046875 0.6181640640625
2 0.240234375 0.6708984359375 0.240234375 0.6787109359375 0.26171875 0.6865234359375 0.271484375 0.6689453140625 0.2666015640625 0.658203125 0.2568359359375 0.65625 0.240234375 0.6708984359375
2 0.2763671859375 0.681640625 0.26953125 0.6962890640625 0.26953125 0.7275390640625 0.27734375 0.7294921859375 0.2861328140625 0.728515625 0.291015625 0.7177734359375 0.2861328140625 0.6796875 0.2763671859375 0.681640625
2 0.3408203140625 0.853515625 0.314453125 0.8681640640625 0.326171875 0.9052734359375 0.333984375 0.9111328140625 0.337890625 0.8798828140625 0.34765625 0.8701171859375 0.34765625 0.8583984359375 0.3408203140625 0.853515625
2 0.359375 0.9560546859375 0.357421875 0.9736328140625 0.3701171859375 1 0.384765625 0.9990234359375 0.388671875 0.9638671859375 0.3779296859375 0.9453125 0.3681640640625 0.9453125 0.359375 0.9560546859375
2 0.3505859359375 0.021484375 0.3720703140625 0.0234375 0.37890625 0.0302734359375 0.388671875 0.016601564062499997 0.3857421859375 0 0.34765625 0.0009765640625 0.3505859359375 0.021484375
2 0.712890625 0.9990234359375 0.744140625 0.9990234359375 0.7421875 0.9716796859375 0.7333984359375 0.962890625 0.7177734359375 0.96484375 0.712890625 0.9990234359375
2 0.86328125 0.3896484359375 0.875 0.3916015640625 0.87109375 0.3330078140625 0.8583984359375 0.314453125 0.845703125 0.3623046859375 0.86328125 0.3896484359375
2 0.66015625 0.8310546859375 0.658203125 0.8623046859375 0.681640625 0.8662109359375 0.693359375 0.8310546859375 0.6865234359375 0.802734375 0.654296875 0.8173828140625 0.66015625 0.8310546859375
2 0.78515625 0.2587890640625 0.787109375 0.2802734359375 0.794921875 0.2900390640625 0.8203125 0.2626953140625 0.8134765640625 0.201171875 0.8046875 0.2060546859375 0.78515625 0.2587890640625
2 0.501953125 0.3427734359375 0.5078125 0.3994140640625 0.5205078140625 0.419921875 0.53125 0.4208984359375 0.5390625 0.4130859359375 0.53515625 0.3779296859375 0.5087890640625 0.3359375 0.501953125 0.3427734359375
2 0.466796875 0.1572265640625 0.4521484359375 0.150390625 0.447265625 0.1552734359375 0.44921875 0.2314453140625 0.46484375 0.2451171859375 0.4765625 0.2353515640625 0.478515625 0.2080078140625 0.46484375 0.1845703140625 0.466796875 0.1572265640625
2 0.8740234359375 0.470703125 0.8662109359375 0.47265625 0.861328125 0.4501953140625 0.8466796859375 0.447265625 0.845703125 0.4697265640625 0.865234375 0.4853515640625 0.873046875 0.5068359359375 0.908203125 0.5302734359375 0.904296875 0.4736328140625 0.8974609359375 0.470703125 0.8818359359375 0.478515625 0.8740234359375 0.470703125
2 0.634765625 0.6416015640625 0.6025390640625 0.615234375 0.595703125 0.6240234359375 0.59765625 0.6455078140625 0.607421875 0.6591796859375 0.6015625 0.6826171859375 0.61328125 0.7177734359375 0.625 0.7236328140625 0.623046875 0.6826171859375 0.6298828140625 0.677734375 0.640625 0.6845703140625 0.634765625 0.6416015640625
2 0.6103515640625 0.51171875 0.595703125 0.5205078140625 0.5888671859375 0.5390625 0.5791015640625 0.537109375 0.568359375 0.5478515640625 0.57421875 0.5908203140625 0.5859375 0.5966796859375 0.61328125 0.5771484359375 0.611328125 0.5439453140625 0.6171875 0.5244140640625 0.6103515640625 0.51171875
2 0.423828125 0.1357421859375 0.431640625 0.1396484359375 0.443359375 0.11816406406249999 0.4384765640625 0.091796875 0.4140625 0.10449218593750001 0.423828125 0.1357421859375