0 0.67578125 0.6181640640625 0.68359375 0.5869140640625 0.6982421859375 0.58203125 0.708984375 0.5615234359375 0.69140625 0.5498046859375 0.6845703140625 0.521484375 0.6689453140625 0.53125 0.654296875 0.5087890640625 0.654296875 0.4931640640625 0.66796875 0.4892578140625 0.66796875 0.4755859359375 0.662109375 0.4443359359375 0.6455078140625 0.423828125 0.638671875 0.4326171859375 0.638671875 0.4521484359375 0.630859375 0.4697265640625 0.626953125 0.4677734359375 0.626953125 0.4365234359375 0.615234375 0.4169921859375 0.62109375 0.3740234359375 0.6123046859375 0.37109375 0.5947265640625 0.3828125 0.5849609359375 0.373046875 0.5732421859375 0.380859375 0.5556640640625 0.369140625 0.548828125 0.4189453140625 0.5390625 0.4326171859375 0.529296875 0.4833984359375 0.521484375 0.4931640640625 0.525390625 0.5205078140625 0.5205078140625 0.52734375 0.49609375 0.5263671859375 0.505859375 0.5537109359375 0.498046875 0.5732421859375 0.5361328140625 0.591796875 0.546875 0.6044921859375 0.546875 0.6298828140625 0.53125 0.6416015640625 0.529296875 0.6513671859375 0.552734375 0.6728515640625 0.5556640640625 0.703125 0.5869140640625 0.673828125 0.6103515640625 0.673828125 0.615234375 0.6689453140625 0.615234375 0.6357421859375 0.6337890640625 0.626953125 0.634765625 0.6669921859375 0.62109375 0.6865234359375 0.6533203140625 0.6953125 0.6611328140625 0.70703125 0.67578125 0.7099609359375 0.677734375 0.6806640640625 0.69140625 0.6611328140625 0.689453125 0.6279296859375 0.67578125 0.6181640640625
0 0.5517578140625 0 0.5498046859375 0.0078125 0.53515625 0.008789064062500001 0.53515625 0.0263671859375 0.51953125 0.038085935937499996 0.521484375 0.0556640640625 0.546875 0.08496093593750001 0.548828125 0.1279296859375 0.55859375 0.1279296859375 0.5693359359375 0.099609375 0.580078125 0.11621093593750001 0.576171875 0.1396484359375 0.587890625 0.1474609359375 0.58984375 0.1669921859375 0.595703125 0.1689453140625 0.6044921859375 0.15234375 0.619140625 0.1552734359375 0.619140625 0.11621093593750001 0.6240234359375 0.11328125 0.6298828140625 0.125 0.63671875 0.12207031406249999 0.63671875 0.09667968593750001 0.6484375 0.07714843593750001 0.63671875 0.06738281406249999 0.630859375 0.034179685937499996 0.63671875 0.010742185937499999 0.646484375 0.008789064062500001 0.6455078140625 0 0.5517578140625 0
0 0.755859375 0.2607421859375 0.75390625 0.2236328140625 0.77734375 0.2236328140625 0.77734375 0.2138671859375 0.76171875 0.1923828140625 0.7568359359375 0.15625 0.75 0.1611328140625 0.740234375 0.2216796859375 0.7333984359375 0.224609375 0.7236328140625 0.216796875 0.7001953140625 0.228515625 0.6923828140625 0.224609375 0.6796875 0.2451171859375 0.68359375 0.2919921859375 0.677734375 0.3017578140625 0.681640625 0.3349609359375 0.67578125 0.3505859359375 0.6962890640625 0.3515625 0.7060546859375 0.359375 0.7216796859375 0.341796875 0.73046875 0.3564453140625 0.7265625 0.3837890640625 0.734375 0.3876953140625 0.748046875 0.3818359359375 0.7578125 0.3466796859375 0.748046875 0.3173828140625 0.755859375 0.2607421859375
0 0.72265625 0.06738281406249999 0.724609375 0.09082031406249999 0.734375 0.09277343593750001 0.736328125 0.06738281406249999 0.7275390640625 0.03125 0.71484375 0.0576171859375 0.72265625 0.06738281406249999
0 0.76171875 0.041992185937499996 0.7763671859375 0.041015625 0.79296875 0.0556640640625 0.802734375 0.036132814062500004 0.796875 0.0009765640625 0.7607421859375 0 0.76171875 0.041992185937499996
2 0.8330078140625 0.54296875 0.841796875 0.5419921859375 0.849609375 0.5380859359375 0.8447265640625 0.513671875 0.830078125 0.5361328140625 0.8330078140625 0.54296875
2 0.494140625 0.4833984359375 0.4716796859375 0.462890625 0.4638671859375 0.4765625 0.447265625 0.4736328140625 0.44921875 0.4873046859375 0.458984375 0.4951171859375 0.45703125 0.5048828140625 0.46484375 0.5107421859375 0.4716796859375 0.50390625 0.4873046859375 0.5078125 0.494140625 0.4912109359375 0.494140625 0.4833984359375
2 0.640625 0.9150390640625 0.6337890640625 0.91015625 0.623046875 0.9287109359375 0.62109375 0.9521484359375 0.626953125 0.9931640640625 0.6298828140625 1 0.63671875 0.9990234359375 0.63671875 0.9853515640625 0.6484375 0.9677734359375 0.63671875 0.9580078140625 0.640625 0.9150390640625
2 0.912109375 0.8974609359375 0.92578125 0.8740234359375 0.9091796859375 0.8671875 0.904296875 0.8876953140625 0.912109375 0.8974609359375
2 0.20614442031250002 0.679405553125 0.208984375 0.6962890640625 0.224609375 0.7060546859375 0.232421875 0.6962890640625 0.232421875 0.6806640640625 0.2158203140625 0.681640625 0.20614442031250002 0.679405553125
2 0.361328125 0.1474609359375 0.3642578140625 0.16015625 0.38671875 0.1630859359375 0.400390625 0.1376953140625 0.3935546859375 0.111328125 0.376953125 0.1396484359375 0.361328125 0.1474609359375
2 0.03125 0.2197265640625 0.0068359359375 0.19921875 0.00390625 0.2275390640625 0.025390625 0.2431640640625 0.013671875 0.2587890640625 0.013671875 0.2685546859375 0.021484375 0.2744140640625 0.0390625 0.2587890640625 0.04296875 0.2412109359375 0.033203125 0.2333984359375 0.03125 0.2197265640625
2 0.400390625 0.2255859359375 0.408203125 0.2021484359375 0.3955078140625 0.1875 0.392578125 0.2236328140625 0.400390625 0.2255859359375
2 0.361328125 0.1494140640625 0.3642578140625 0.16015625 0.38671875 0.1669921859375 0.400390625 0.1396484359375 0.3935546859375 0.111328125 0.376953125 0.1376953140625 0.361328125 0.1494140640625
2 0.3466796859375 0.052734375 0.35546875 0.0517578140625 0.357421875 0.036132814062500004 0.3466796859375 0.033203125 0.341796875 0.045898435937499996 0.3466796859375 0.052734375