2 0.0625 0.1298828140625 0.068359375 0.10644531406249999 0.0537109359375 0.09375 0.052734375 0.12207031406249999 0.0625 0.1298828140625
2 0.06640625 0.1591796859375 0.068359375 0.1767578140625 0.095703125 0.2021484359375 0.1015625 0.1826171859375 0.091796875 0.1630859359375 0.07128906406249999 0.154296875 0.06640625 0.1591796859375
2 0.0009765640625 0 0 0.041992185937499996 0.033203125 0.0576171859375 0.05078125 0.049804685937499996 0.044921875 0.0283203140625 0.020507814062499997 0 0.0009765640625 0
2 0.103515625 0.2353515640625 0.107421875 0.2705078140625 0.1015625 0.2822265640625 0.1298828140625 0.296875 0.140625 0.2958984359375 0.1484375 0.2333984359375 0.1357421859375 0.224609375 0.12207031406249999 0.2421875 0.103515625 0.2353515640625
0 0.328125 0.6201171859375 0.3251953140625 0.576171875 0.3056640640625 0.6015625 0.2880859359375 0.576171875 0.28515625 0.5849609359375 0.294921875 0.6220703140625 0.275390625 0.6240234359375 0.28125 0.6396484359375 0.251953125 0.6650390640625 0.251953125 0.6728515640625 0.2607421859375 0.681640625 0.2744140640625 0.671875 0.32421875 0.6845703140625 0.337890625 0.6708984359375 0.333984375 0.6513671859375 0.345703125 0.6298828140625 0.328125 0.6201171859375
2 0.3173828140625 0.736328125 0.3017578140625 0.736328125 0.2919921859375 0.724609375 0.2724609359375 0.720703125 0.265625 0.7373046859375 0.267578125 0.7529296859375 0.2744140640625 0.759765625 0.2939453140625 0.75390625 0.298828125 0.7802734359375 0.32421875 0.7958984359375 0.337890625 0.7744140640625 0.337890625 0.7138671859375 0.328125 0.7177734359375 0.3173828140625 0.736328125
2 0.515625 0.3466796859375 0.5078125 0.3544921859375 0.5166015640625 0.380859375 0.537109375 0.3818359359375 0.55859375 0.3173828140625 0.5537109359375 0.302734375 0.5234375 0.3154296859375 0.515625 0.3466796859375
2 0.4814453140625 0.19921875 0.4716796859375 0.185546875 0.4501953140625 0.1796875 0.458984375 0.2119140640625 0.451171875 0.2294921859375 0.474609375 0.2587890640625 0.458984375 0.2802734359375 0.45703125 0.2939453140625 0.484375 0.3173828140625 0.505859375 0.3037109359375 0.505859375 0.1923828140625 0.4970703140625 0.185546875 0.4814453140625 0.19921875
2 0.701171875 0.9912109359375 0.7021484359375 1 0.734375 0.9990234359375 0.744140625 0.9833984359375 0.744140625 0.9345703140625 0.7353515640625 0.923828125 0.701171875 0.9912109359375
2 0.71484375 0.8388671859375 0.7080078140625 0.8359375 0.6923828140625 0.84765625 0.685546875 0.8310546859375 0.6767578140625 0.828125 0.669921875 0.8466796859375 0.669921875 0.8994140640625 0.68359375 0.9091796859375 0.69140625 0.9384765640625 0.69921875 0.9384765640625 0.708984375 0.9091796859375 0.69921875 0.8818359359375 0.712890625 0.8623046859375 0.71484375 0.8388671859375
2 0.9755859359375 0.591796875 0.9560546859375 0.599609375 0.947265625 0.6142578140625 0.95703125 0.6474609359375 0.96484375 0.6513671859375 0.974609375 0.6435546859375 0.97265625 0.6142578140625 0.98046875 0.6025390640625 0.9755859359375 0.591796875
2 0.9169921859375 0.4375 0.91015625 0.4619140640625 0.916015625 0.4931640640625 0.927734375 0.4990234359375 0.939453125 0.4833984359375 0.9423828140625 0.4296875 0.9248046859375 0.44140625 0.9169921859375 0.4375