2 0.884765625 0.9990234359375 0.8740234359375 0.984375 0.86328125 0.9873046859375 0.8662109359375 1 0.884765625 0.9990234359375
2 0.044921875 0.6474609359375 0.048828125 0.6748046859375 0.056640625 0.6767578140625 0.072265625 0.6572265640625 0.072265625 0.6494140640625 0.0595703140625 0.642578125 0.044921875 0.6474609359375
2 0.890625 0.0263671859375 0.923828125 0.032226564062500004 0.927734375 0.0009765640625 0.9033203140625 0 0.890625 0.0146484359375 0.890625 0.0263671859375
2 0.392578125 0.6220703140625 0.404296875 0.6416015640625 0.40625 0.6611328140625 0.419921875 0.6650390640625 0.435546875 0.6533203140625 0.443359375 0.6220703140625 0.4365234359375 0.603515625 0.392578125 0.6220703140625
2 0.8623046859375 0.896484375 0.84375 0.9091796859375 0.841796875 0.9287109359375 0.8603515640625 0.947265625 0.873046875 0.9501953140625 0.884765625 0.9423828140625 0.892578125 0.9072265640625 0.8876953140625 0.8984375 0.8623046859375 0.896484375
2 0.255859375 0.2822265640625 0.2685546859375 0.30859375 0.30859375 0.3193359359375 0.3125 0.2998046859375 0.2998046859375 0.265625 0.2685546859375 0.271484375 0.255859375 0.2822265640625
2 0.12011718593750001 0.970703125 0.103515625 0.9814453140625 0.11621093593750001 1 0.171875 0.9990234359375 0.1728515640625 0.9375 0.15625 0.9462890640625 0.1455078140625 0.970703125 0.12011718593750001 0.970703125
2 0.3369140640625 0.33203125 0.326171875 0.3544921859375 0.306640625 0.3701171859375 0.310546875 0.3876953140625 0.3251953140625 0.39453125 0.3330078140625 0.408203125 0.33984375 0.4072265640625 0.3564453140625 0.40234375 0.361328125 0.3935546859375 0.3486328140625 0.328125 0.3369140640625 0.33203125
2 0.974609375 0.2470703140625 0.986328125 0.2666015640625 0.986328125 0.3173828140625 0.978515625 0.3408203140625 0.990234375 0.3447265640625 1 0.3408203140625 0.9990234359375 0.171875 0.98828125 0.1865234359375 0.974609375 0.2470703140625
2 0.6884765640625 0.31640625 0.6650390640625 0.322265625 0.658203125 0.3330078140625 0.6875 0.3623046859375 0.689453125 0.3720703140625 0.701171875 0.3759765640625 0.71875 0.3564453140625 0.72265625 0.2900390640625 0.7158203140625 0.283203125 0.6884765640625 0.31640625
2 0.984375 0.10253906406249999 0.9794921859375 0.09765625 0.9580078140625 0.1328125 0.9443359359375 0.1328125 0.921875 0.1455078140625 0.92578125 0.1630859359375 0.943359375 0.1826171859375 0.943359375 0.2080078140625 0.955078125 0.2099609359375 0.96875 0.2021484359375 0.96875 0.1689453140625 0.984375 0.1376953140625 0.984375 0.10253906406249999
2 0.5205078140625 0.892578125 0.50390625 0.9091796859375 0.525390625 0.9501953140625 0.533203125 0.9990234359375 0.57421875 0.9990234359375 0.57421875 0.9814453140625 0.548828125 0.9638671859375 0.546875 0.9013671859375 0.5205078140625 0.892578125
2 0.10058593593750001 0.783203125 0.07324218593750001 0.783203125 0.068359375 0.7919921859375 0.0703125 0.8251953140625 0.10058593593750001 0.86328125 0.130859375 0.8642578140625 0.140625 0.8505859359375 0.126953125 0.8154296859375 0.109375 0.8056640640625 0.10058593593750001 0.783203125
2 0.841796875 0.7548828140625 0.8193359359375 0.7421875 0.796875 0.7509765640625 0.798828125 0.7802734359375 0.8134765640625 0.794921875 0.826171875 0.7958984359375 0.814453125 0.8193359359375 0.814453125 0.8408203140625 0.82421875 0.8720703140625 0.8359375 0.8740234359375 0.857421875 0.7939453140625 0.837890625 0.7802734359375 0.84375 0.7705078140625 0.841796875 0.7548828140625
2 0.3759765640625 0.46875 0.3564453140625 0.443359375 0.3232421859375 0.44140625 0.3203125 0.4501953140625 0.33203125 0.4716796859375 0.330078125 0.4970703140625 0.3359375 0.5087890640625 0.3447265640625 0.51171875 0.3515625 0.4931640640625 0.3642578140625 0.48828125 0.37890625 0.5029296859375 0.3828125 0.5341796859375 0.3935546859375 0.544921875 0.404296875 0.5458984359375 0.41015625 0.5302734359375 0.41015625 0.4697265640625 0.3857421859375 0.462890625 0.3759765640625 0.46875
2 0.494140625 0.7900390640625 0.48046875 0.7802734359375 0.478515625 0.7666015640625 0.4921875 0.7197265640625 0.4814453140625 0.708984375 0.4501953140625 0.701171875 0.423828125 0.7216796859375 0.419921875 0.7412109359375 0.4453125 0.7646484359375 0.44140625 0.7939453140625 0.451171875 0.8076171859375 0.453125 0.8251953140625 0.4453125 0.8564453140625 0.455078125 0.8583984359375 0.4716796859375 0.845703125 0.484375 0.8447265640625 0.482421875 0.8291015640625 0.494140625 0.7900390640625
2 0.267578125 0.1513671859375 0.275390625 0.1337890640625 0.271484375 0.09863281406249999 0.27734375 0.07910156406249999 0.2685546859375 0.060546875 0.2509765640625 0.078125 0.232421875 0.08105468593750001 0.236328125 0.12207031406249999 0.216796875 0.1279296859375 0.21875 0.1435546859375 0.2392578140625 0.1640625 0.2529296859375 0.15625 0.2734375 0.1572265640625 0.2666015640625 0.1796875 0.2421875 0.1806640640625 0.23828125 0.2255859359375 0.2412109359375 0.234375 0.251953125 0.2333984359375 0.2802734359375 0.2265625 0.29296875 0.2158203140625 0.294921875 0.1474609359375 0.267578125 0.1513671859375
2 0.767578125 0.5751953140625 0.771484375 0.5361328140625 0.7646484359375 0.521484375 0.74609375 0.5146484359375 0.751953125 0.4775390640625 0.734375 0.4619140640625 0.732421875 0.4228515640625 0.6962890640625 0.419921875 0.703125 0.4990234359375 0.734375 0.5166015640625 0.73046875 0.5478515640625 0.7353515640625 0.55859375 0.75 0.5654296859375 0.75390625 0.6025390640625 0.77734375 0.6572265640625 0.775390625 0.6865234359375 0.78515625 0.6904296859375 0.796875 0.6806640640625 0.798828125 0.6591796859375 0.822265625 0.6123046859375 0.767578125 0.5751953140625
2 0.6240234359375 0 0.6123046859375 0.017578125 0.5966796859375 0.013671875 0.591796875 0.018554685937500003 0.599609375 0.08691406406249999 0.58984375 0.09472656406249999 0.583984375 0.11816406406249999 0.5908203140625 0.126953125 0.609375 0.1298828140625 0.6171875 0.1962890640625 0.6416015640625 0.23046875 0.65625 0.2314453140625 0.6728515640625 0.20703125 0.6826171859375 0.20703125 0.6953125 0.1962890640625 0.69921875 0.1826171859375 0.689453125 0.1650390640625 0.6875 0.1396484359375 0.6728515640625 0.1328125 0.654296875 0.1357421859375 0.658203125 0.10253906406249999 0.640625 0.08105468593750001 0.63671875 0.008789064062500001 0.6337890640625 0 0.6240234359375 0