2 0.07910156406249999 0 0.09375 0.032226564062500004 0.103515625 0.040039064062500004 0.103515625 0.0595703140625 0.11328125 0.07910156406249999 0.119140625 0.07910156406249999 0.130859375 0.034179685937499996 0.130859375 0.0068359359375 0.12011718593750001 0 0.07910156406249999 0
2 0.150390625 0.2841796859375 0.1669921859375 0.283203125 0.17578125 0.2587890640625 0.158203125 0.2470703140625 0.15234375 0.2216796859375 0.16015625 0.1904296859375 0.1728515640625 0.185546875 0.1796875 0.1728515640625 0.1796875 0.1591796859375 0.1640625 0.1474609359375 0.1552734359375 0.126953125 0.13671875 0.1396484359375 0.1318359359375 0.103515625 0.12011718593750001 0.109375 0.10058593593750001 0.10546875 0.09375 0.1376953140625 0.09667968593750001 0.15625 0.11816406406249999 0.1484375 0.1259765640625 0.15625 0.1318359359375 0.1484375 0.13671875 0.1552734359375 0.1328125 0.1767578140625 0.140625 0.1845703140625 0.142578125 0.2216796859375 0.1318359359375 0.21875 0.125 0.2314453140625 0.134765625 0.2607421859375 0.115234375 0.2607421859375 0.1171875 0.2783203140625 0.10546875 0.2958984359375 0.11035156406249999 0.314453125 0.126953125 0.3154296859375 0.1396484359375 0.302734375 0.1533203140625 0.314453125 0.1640625 0.3115234359375 0.150390625 0.2841796859375
2 0.21875 0.3583984359375 0.224609375 0.3291015640625 0.2119140640625 0.318359375 0.1953125 0.3564453140625 0.21875 0.3583984359375
2 0.376953125 0.7099609359375 0.3671875 0.7041015640625 0.359375 0.6845703140625 0.359375 0.6572265640625 0.3408203140625 0.666015625 0.3271484359375 0.654296875 0.3203125 0.7080078140625 0.3271484359375 0.716796875 0.33203125 0.7060546859375 0.3359375 0.7138671859375 0.330078125 0.7255859359375 0.33984375 0.7294921859375 0.326171875 0.7333984359375 0.3359375 0.7431640640625 0.330078125 0.7666015640625 0.359375 0.7705078140625 0.359375 0.7548828140625 0.3779296859375 0.751953125 0.3828125 0.7431640640625 0.376953125 0.7099609359375
2 0.4208984359375 0.8046875 0.3935546859375 0.794921875 0.3857421859375 0.806640625 0.3759765640625 0.802734375 0.3623046859375 0.8203125 0.3505859359375 0.8203125 0.34765625 0.8271484359375 0.35546875 0.8369140640625 0.357421875 0.8583984359375 0.3662109359375 0.861328125 0.3818359359375 0.845703125 0.384765625 0.8720703140625 0.408203125 0.8896484359375 0.44921875 0.8544921859375 0.451171875 0.8447265640625 0.4326171859375 0.798828125 0.4208984359375 0.8046875
2 0.326171875 0.5400390640625 0.31640625 0.5322265640625 0.3203125 0.5068359359375 0.3125 0.4775390640625 0.287109375 0.4501953140625 0.296875 0.4169921859375 0.2900390640625 0.408203125 0.2646484359375 0.40234375 0.2509765640625 0.388671875 0.244140625 0.4189453140625 0.228515625 0.4287109359375 0.228515625 0.4365234359375 0.240234375 0.4462890640625 0.240234375 0.4677734359375 0.25390625 0.4873046859375 0.25390625 0.5126953140625 0.279296875 0.5341796859375 0.283203125 0.5517578140625 0.28125 0.5693359359375 0.2626953140625 0.576171875 0.259765625 0.5908203140625 0.2724609359375 0.625 0.2900390640625 0.615234375 0.2998046859375 0.62890625 0.31640625 0.6298828140625 0.330078125 0.6142578140625 0.32421875 0.5908203140625 0.337890625 0.5751953140625 0.326171875 0.5400390640625
2 0.1767578140625 1 0.201171875 0.9990234359375 0.212890625 0.9736328140625 0.1923828140625 0.953125 0.173828125 0.9892578140625 0.1767578140625 1
2 0.11328125 0.6572265640625 0.09277343593750001 0.640625 0.078125 0.6552734359375 0.078125 0.6904296859375 0.068359375 0.7177734359375 0.1015625 0.7255859359375 0.109375 0.7197265640625 0.109375 0.6923828140625 0.09375 0.6884765640625 0.11328125 0.6572265640625
2 0.1279296859375 0.8515625 0.13671875 0.8349609359375 0.1328125 0.8154296859375 0.11816406406249999 0.818359375 0.111328125 0.8095703140625 0.10546875 0.7958984359375 0.109375 0.7763671859375 0.1015625 0.7685546859375 0.11230468593750001 0.76953125 0.11328125 0.7646484359375 0.09863281406249999 0.748046875 0.08691406406249999 0.759765625 0.06738281406249999 0.75 0.0595703140625 0.765625 0.041015625 0.7685546859375 0.056640625 0.7978515640625 0.0546875 0.8212890640625 0.060546875 0.8310546859375 0.037109375 0.8681640640625 0.0537109359375 0.86328125 0.05859375 0.8955078140625 0.06640625 0.8974609359375 0.08496093593750001 0.873046875 0.10449218593750001 0.869140625 0.11035156406249999 0.857421875 0.1279296859375 0.8515625
2 0.759765625 0.9365234359375 0.751953125 0.8994140640625 0.736328125 0.8818359359375 0.728515625 0.8330078140625 0.740234375 0.8095703140625 0.7236328140625 0.791015625 0.7080078140625 0.802734375 0.6923828140625 0.787109375 0.693359375 0.8251953140625 0.7109375 0.8330078140625 0.712890625 0.8505859359375 0.72265625 0.8642578140625 0.7265625 0.9033203140625 0.720703125 0.9248046859375 0.740234375 0.9345703140625 0.75390625 0.9677734359375 0.759765625 0.9677734359375 0.787109375 0.9384765640625 0.7763671859375 0.92578125 0.7685546859375 0.92578125 0.759765625 0.9365234359375
2 0.681640625 0.6748046859375 0.681640625 0.6455078140625 0.6708984359375 0.63671875 0.6630859359375 0.638671875 0.6455078140625 0.615234375 0.64453125 0.6396484359375 0.630859375 0.6513671859375 0.62890625 0.6630859359375 0.63671875 0.7001953140625 0.65234375 0.7119140640625 0.646484375 0.7353515640625 0.6572265640625 0.73828125 0.6630859359375 0.73046875 0.673828125 0.7392578140625 0.6767578140625 0.751953125 0.6884765640625 0.75 0.6962890640625 0.759765625 0.703125 0.7587890640625 0.708984375 0.7275390640625 0.703125 0.6943359359375 0.6943359359375 0.693359375 0.681640625 0.6748046859375
2 0.5166015640625 0 0.517578125 0.038085935937499996 0.53515625 0.0576171859375 0.5673828140625 0.0546875 0.572265625 0.043945314062500004 0.55078125 0.0263671859375 0.5517578140625 0 0.5166015640625 0
2 0.619140625 0.4541015640625 0.607421875 0.4189453140625 0.59375 0.4130859359375 0.591796875 0.3798828140625 0.599609375 0.3681640640625 0.599609375 0.3369140640625 0.580078125 0.3232421859375 0.59375 0.2841796859375 0.576171875 0.2626953140625 0.5712890640625 0.24609375 0.5537109359375 0.26953125 0.5419921859375 0.267578125 0.5302734359375 0.24609375 0.521484375 0.2939453140625 0.564453125 0.3369140640625 0.548828125 0.3857421859375 0.5654296859375 0.38671875 0.578125 0.4091796859375 0.578125 0.4228515640625 0.5625 0.4404296859375 0.56640625 0.4833984359375 0.5908203140625 0.51171875 0.6015625 0.5107421859375 0.62109375 0.5048828140625 0.630859375 0.4775390640625 0.619140625 0.4755859359375 0.619140625 0.4541015640625
2 0.5546875 0.1787109359375 0.54296875 0.1611328140625 0.552734375 0.1357421859375 0.541015625 0.12011718593750001 0.54296875 0.08886718593750001 0.521484375 0.06738281406249999 0.505859375 0.010742185937499999 0.49609375 0.010742185937499999 0.4814453140625 0.046875 0.47265625 0.034179685937499996 0.4765625 0.0009765640625 0.4599609359375 0 0.455078125 0.016601564062499997 0.44140625 0.0302734359375 0.435546875 0.06738281406249999 0.4453125 0.08300781406249999 0.4453125 0.10449218593750001 0.462890625 0.10449218593750001 0.4697265640625 0.130859375 0.4765625 0.1279296859375 0.4833984359375 0.103515625 0.4951171859375 0.107421875 0.51171875 0.1298828140625 0.5048828140625 0.158203125 0.4912109359375 0.1484375 0.48046875 0.1513671859375 0.482421875 0.1689453140625 0.49609375 0.1865234359375 0.4921875 0.2236328140625 0.5 0.2255859359375 0.5146484359375 0.197265625 0.5361328140625 0.19921875 0.5546875 0.1923828140625 0.5546875 0.1787109359375
2 0.9111328140625 0.125 0.90625 0.1416015640625 0.912109375 0.1611328140625 0.927734375 0.1650390640625 0.93359375 0.1591796859375 0.931640625 0.1474609359375 0.921875 0.1298828140625 0.9111328140625 0.125
2 0.9443359359375 0.3203125 0.9228515640625 0.306640625 0.91015625 0.3232421859375 0.912109375 0.3369140640625 0.9267578140625 0.33984375 0.9306640640625 0.35546875 0.9384765640625 0.353515625 0.9482421859375 0.365234375 0.955078125 0.3642578140625 0.96484375 0.3544921859375 0.95703125 0.3232421859375 0.96875 0.3017578140625 0.9443359359375 0.3203125
2 0.9921875 0.1787109359375 0.982421875 0.1591796859375 0.9814453140625 0.12890625 0.9560546859375 0.16015625 0.943359375 0.1650390640625 0.9453125 0.1962890640625 0.923828125 0.2041015640625 0.9296875 0.2314453140625 0.939453125 0.2333984359375 0.9482421859375 0.224609375 0.98046875 0.2177734359375 0.98046875 0.1923828140625 0.9921875 0.1787109359375
2 0.8974609359375 0 0.884765625 0.024414064062499997 0.861328125 0.040039064062500004 0.8671875 0.08691406406249999 0.8740234359375 0.091796875 0.8857421859375 0.0859375 0.892578125 0.09277343593750001 0.8984375 0.07910156406249999 0.919921875 0.06542968593750001 0.9296875 0.022460935937500003 0.943359375 0.0048828140625 0.9404296859375 0 0.8974609359375 0