2 0.123046875 0.4384765640625 0.15234375 0.4482421859375 0.1640625 0.4326171859375 0.162109375 0.4248046859375 0.12402343593750001 0.3984375 0.123046875 0.4384765640625
2 0.0283203140625 0.08984375 0.01953125 0.1318359359375 0.005859375 0.1474609359375 0.0146484359375 0.158203125 0.033203125 0.1630859359375 0.0517578140625 0.15625 0.0546875 0.1474609359375 0.0390625 0.09667968593750001 0.0283203140625 0.08984375
2 0.07128906406249999 0.21875 0.0517578140625 0.22265625 0.022460935937500003 0.2109375 0.01953125 0.2255859359375 0.0390625 0.2666015640625 0.052734375 0.2685546859375 0.08496093593750001 0.26171875 0.09375 0.2470703140625 0.091796875 0.2314453140625 0.07128906406249999 0.21875
2 0.177734375 0.5693359359375 0.19140625 0.5400390640625 0.1708984359375 0.525390625 0.142578125 0.5517578140625 0.177734375 0.5693359359375
2 0.265625 0.7333984359375 0.2685546859375 0.697265625 0.255859375 0.7041015640625 0.255859375 0.7216796859375 0.265625 0.7333984359375
2 0.326171875 0.9521484359375 0.3515625 0.9580078140625 0.35546875 0.9443359359375 0.3388671859375 0.92578125 0.328125 0.9384765640625 0.326171875 0.9521484359375
2 0.701171875 0.8681640640625 0.6845703140625 0.86328125 0.673828125 0.9130859359375 0.6796875 0.9189453140625 0.677734375 0.9404296859375 0.69140625 0.9462890640625 0.716796875 0.9287109359375 0.72265625 0.9091796859375 0.70703125 0.8974609359375 0.701171875 0.8681640640625
2 0.55859375 0.6142578140625 0.560546875 0.6279296859375 0.5732421859375 0.640625 0.58203125 0.6396484359375 0.580078125 0.6181640640625 0.5732421859375 0.60546875 0.5654296859375 0.60546875 0.55859375 0.6142578140625
2 0.482421875 0.3310546859375 0.48828125 0.3466796859375 0.482421875 0.3681640640625 0.486328125 0.3896484359375 0.49609375 0.3916015640625 0.505859375 0.3525390640625 0.501953125 0.3212890640625 0.4912109359375 0.310546875 0.482421875 0.3310546859375
2 0.4091796859375 0.091796875 0.404296875 0.09863281406249999 0.40625 0.1279296859375 0.427734375 0.1533203140625 0.447265625 0.2060546859375 0.458984375 0.2080078140625 0.4609375 0.1806640640625 0.4375 0.1455078140625 0.4375 0.12207031406249999 0.4091796859375 0.091796875
2 0.3408203140625 0 0.33203125 0.008789064062500001 0.333984375 0.020507814062499997 0.349609375 0.0263671859375 0.375 0.0146484359375 0.3740234359375 0 0.3408203140625 0
2 0.87890625 0.11621093593750001 0.8720703140625 0.10546875 0.8525390640625 0.10546875 0.8427734359375 0.087890625 0.833984375 0.09863281406249999 0.830078125 0.1259765640625 0.8125 0.1318359359375 0.81640625 0.1591796859375 0.8359375 0.1650390640625 0.83203125 0.2041015640625 0.83984375 0.2080078140625 0.84765625 0.1806640640625 0.861328125 0.1611328140625 0.86328125 0.1357421859375 0.87890625 0.11621093593750001
2 0.91015625 0.4228515640625 0.9287109359375 0.443359375 0.9453125 0.4423828140625 0.947265625 0.4287109359375 0.935546875 0.4072265640625 0.9228515640625 0.40234375 0.91015625 0.4228515640625
2 0.9423828140625 0.486328125 0.943359375 0.5126953140625 0.95703125 0.5283203140625 0.962890625 0.5166015640625 0.9609375 0.4990234359375 0.9541015640625 0.48828125 0.9423828140625 0.486328125
2 0.947265625 0.5888671859375 0.9501953140625 0.603515625 0.9619140640625 0.61328125 0.97265625 0.6123046859375 0.984375 0.6083984359375 0.990234375 0.5849609359375 0.9833984359375 0.564453125 0.947265625 0.5888671859375