2 0.294312534375 0.7341810359375 0.307254634375 0.7412193406250001 0.3177195421875 0.727373690625 0.29739639218749997 0.724609678125 0.294312534375 0.7341810359375
2 0.1438100078125 0.79382690625 0.1649925953125 0.7976503265625 0.1752300015625 0.7857530374999999 0.1510141140625 0.7826481078125 0.1438100078125 0.79382690625
2 0.7610118906250001 0.6608930875000001 0.747387296875 0.6596998703125 0.731133834375 0.6641812812500001 0.7280499671875 0.6737526375 0.7706931921875 0.6705982484375 0.7610118906250001 0.6608930875000001
2 0.8583304921874999 0.290520865625 0.833988215625 0.2716585734375 0.824433303125 0.2777107734375 0.824155246875 0.288512 0.8485480828125 0.29852142812500004 0.8583304921874999 0.290520865625
2 0.1951992671875 0.77470804375 0.20424862500000002 0.78140543125 0.23068894218749997 0.7738795921875 0.2421902265625 0.7679978515625 0.2433277171875 0.7582560328125 0.19782812968750002 0.7690334140624999 0.1951992671875 0.77470804375
2 0.32141013749999997 0.0811146859375 0.3092263609375 0.09284151874999999 0.3089483078125 0.1036427421875 0.3166832359375 0.1131774453125 0.311021065625 0.11957056562499999 0.330712275 0.1193268 0.337613046875 0.0854861359375 0.32141013749999997 0.0811146859375
2 0.0777597796875 0.8037886421874999 0.08410444375000001 0.7915504296875 0.0679015375 0.7871789796875001 0.015147290625 0.8179880203125001 0.044570359375 0.818596553125 0.0777597796875 0.8037886421874999
2 0.6348516531249999 0.6636222093749999 0.6531778734375 0.675068621875 0.65421425625 0.6830325312500001 0.696629978125 0.681826509375 0.6889961625 0.65458608125 0.6413732640625 0.6582885 0.6348516531249999 0.6636222093749999
2 0.36299163125 0.7185446718749999 0.38773834687500003 0.7423631 0.41824834375000003 0.742082678125 0.41834945625 0.7243769546875 0.4050029109375 0.712382509375 0.367794365625 0.7110921390625 0.36299163125 0.7185446718749999
2 0.7491820437500001 0.3075337125 0.764298015625 0.312794115625 0.79028333125 0.3091650015625 0.8111625890624999 0.290326559375 0.7584336265625 0.278819646875 0.7501425921875 0.2908873953125 0.7491820437500001 0.3075337125
2 0.9521354703125 0.270195975 0.9832117703125001 0.258072071875 0.9849925328125 0.236256834375 0.9691725437500001 0.24216375 0.944097215625 0.23799940937500003 0.9328992578124999 0.266543015625 0.9521354703125 0.270195975
2 0.184102490625 0.1793135921875 0.152960553125 0.1765862375 0.14461896406250002 0.19750684999999998 0.15149445625 0.20598214062500003 0.18802050625 0.2131176 0.20386953124999999 0.20368005 0.20695339218750003 0.1941086984375 0.184102490625 0.1793135921875
2 0.5245909875 0.723839959375 0.5350053375 0.718847171875 0.5254251484375 0.6914362828125 0.488899096875 0.6843008234375 0.47734725312500004 0.699035428125 0.4930951640625 0.7073036078125 0.499237609375 0.7304768484374999 0.5288881671875 0.7291370171875 0.5245909875 0.723839959375
2 0.6263583921875 0.7111014140624999 0.6295433671875 0.6838243312500001 0.6237548109375 0.6744600890625 0.5870012546875001 0.6692729921875 0.5793421609375 0.684348515625 0.58032798125 0.7011652890625 0.5900092796874999 0.710870453125 0.61897735 0.7153757109375001 0.6263583921875 0.7111014140624999
2 0 0.53997635625 0.01218985 0.5402005734374999 0.021036998437500003 0.5065303703125 0.0037977140625 0.494195009375 0 0.49527597187500005 0 0.53997635625
2 0.52239188125 0.3890386078125 0.53141596875 0.36227290624999997 0.51154781875 0.3556121734375 0.499743203125 0.33883205156249996 0.4880649765625 0.33780929375 0.4787375625 0.34191313125 0.47251927968749996 0.3699087046875 0.4909718890625 0.39711247968749996 0.5004762453125 0.3999131421875 0.52239188125 0.3890386078125
2 0.036203525 0.5029379109375001 0.0682554546875 0.49787181406250003 0.09219329375 0.5117779671875 0.11686417812500001 0.5109861671875 0.12027665000000001 0.4817607265625 0.0898677640625 0.46433541875 0.0705304375 0.4783881859375 0.0283927671875 0.468792984375 0.025308907812499996 0.47836433906250003 0.03499020625 0.4880694984375 0.036203525 0.5029379109375001
2 0.8324462390624999 0.6553394578125 0.8366928687499999 0.6694893765625001 0.846424721875 0.670341675 0.8671270390625001 0.64459873125 0.9047400265625001 0.6508452375 0.880397753125 0.6319829484375 0.8194788656249999 0.6148380625 0.7988776640624999 0.6228752796875 0.7957937984375001 0.6324466359375001 0.8073709171875001 0.65117511875 0.8324462390624999 0.6553394578125
2 0.4608663625 0.0992328703125 0.4808861859375 0.0793350171875 0.5195861109375 0.0846925734375 0.5317698875 0.0729657421875 0.514530603125 0.0606303796875 0.48579003125 0.0541767578125 0.4642535625 0.0365443375 0.45469865 0.042596540625 0.4568977921875 0.0742817265625 0.422495053125 0.074221225 0.41872869375 0.08963766875 0.4608663625 0.0992328703125
2 0.594205396875 0.354978028125 0.643547165625 0.35339443125000003 0.6609381203125 0.339171203125 0.706387153125 0.33724668750000003 0.7163970609375 0.3272977578125 0.6816404375 0.313428259375 0.6621767265625 0.31172366406249996 0.641120528125 0.3236576078125 0.6123799546875001 0.3172039859375 0.5930931859374999 0.322403890625 0.5873299046875 0.34650273593750003 0.594205396875 0.354978028125
2 0.21567415156249997 0.14468113124999998 0.2399658703125 0.17239628437500001 0.2477513546875 0.1730781234375 0.2763655390625 0.16377438125 0.2842521390625 0.14675049375 0.3132202046875 0.15125575156249998 0.315899628125 0.13672826093749998 0.30662276875 0.1319792359375 0.2985339546875 0.1086355328125 0.2778063703125 0.1009153875 0.243833340625 0.1392741140625 0.22265075781250002 0.1354506953125 0.21567415156249997 0.14468113124999998
2 0.1493711140625 0.42624430625 0.1443408828125 0.4356452015625 0.1555135546875 0.4494175484375 0.14373421718749999 0.46610051406249997 0.14975026875 0.4735163953125 0.1653212375 0.4748800703125 0.17391560625 0.485474184375 0.20505754375000002 0.488201540625 0.22960204218750002 0.4716523796875 0.22282766406249999 0.44547135937500004 0.2126913671875 0.4396629265625 0.183268303125 0.43905439375000005 0.16928982343750001 0.42405217500000003 0.1493711140625 0.42624430625
2 0 0.164109471875 0.017245403125 0.1853675609375 0.00935880625 0.20239144687500002 0.0129229390625 0.22238645468749998 0.0054913375 0.23551361875 0.0139087625 0.23920322968750002 0.0493984390625 0.238374778125 0.062669153125 0.225758996875 0.084534228125 0.223737328125 0.0949991359375 0.209891671875 0.096819121875 0.19430476875 0.11307258437500001 0.189823359375 0.09181416875000001 0.1613897125 0.038352157812499996 0.1645807546875 0.0066288375 0.1499927609375 0 0.1538314625 0 0.164109471875
2 0.370397990625 0.3688382546875 0.35563590624999997 0.37738685156249996 0.3287911484375 0.379956553125 0.344665446875 0.40398209375 0.32863948125000003 0.4065151421875 0.3153687671875 0.419130925 0.29590505624999996 0.417426328125 0.2756577359375 0.439272546875 0.25230128125 0.43722703125000006 0.23903056875 0.4498428125 0.2473974390625 0.4623852890625 0.2874623515625 0.45605266718750004 0.306698565625 0.45970562656249997 0.3139026625 0.448526828125 0.331875003125 0.44616424062500004 0.34754708125 0.42982219062500004 0.3728499078125 0.43203816718750004 0.4175406125 0.41134851093749997 0.41026067812499994 0.397917084375 0.39039252812499997 0.391256353125 0.39375444375 0.370883771875 0.370397990625 0.3688382546875