2 0.224609375 0.4853515640625 0.216796875 0.5126953140625 0.216796875 0.5302734359375 0.232421875 0.5380859359375 0.2470703140625 0.533203125 0.25390625 0.5205078140625 0.2431640640625 0.478515625 0.224609375 0.4853515640625
2 0.045898435937499996 0.029296875 0.0302734359375 0.044921875 0.015625 0.041992185937499996 0.015625 0.0537109359375 0.032226564062500004 0.076171875 0.060546875 0.08300781406249999 0.068359375 0.07910156406249999 0.0703125 0.06542968593750001 0.052734375 0.049804685937499996 0.045898435937499996 0.029296875
2 0.3154296859375 0.783203125 0.3095703140625 0.78125 0.306640625 0.7939453140625 0.2939453140625 0.802734375 0.26171875 0.8037109359375 0.2685546859375 0.818359375 0.2880859359375 0.82421875 0.294921875 0.8408203140625 0.3125 0.8486328140625 0.34375 0.8271484359375 0.3388671859375 0.814453125 0.314453125 0.8017578140625 0.3154296859375 0.783203125
2 0.30078125 0.6279296859375 0.2939453140625 0.623046875 0.28125 0.6435546859375 0.283203125 0.6689453140625 0.265625 0.6845703140625 0.265625 0.6982421859375 0.30078125 0.7158203140625 0.310546875 0.7119140640625 0.314453125 0.6923828140625 0.302734375 0.6630859359375 0.30078125 0.6279296859375
2 0.232421875 0.3369140640625 0.2236328140625 0.328125 0.205078125 0.3408203140625 0.1796875 0.4130859359375 0.203125 0.4404296859375 0.21484375 0.4189453140625 0.216796875 0.3818359359375 0.232421875 0.3681640640625 0.232421875 0.3369140640625
2 0.09667968593750001 0.259765625 0.091796875 0.2744140640625 0.09765625 0.2900390640625 0.123046875 0.3076171859375 0.123046875 0.3251953140625 0.11328125 0.3388671859375 0.1376953140625 0.345703125 0.1474609359375 0.359375 0.15625 0.3603515640625 0.16015625 0.3212890640625 0.14453125 0.2841796859375 0.11816406406249999 0.259765625 0.09667968593750001 0.259765625
2 0.4033203140625 0.943359375 0.3740234359375 0.927734375 0.34375 0.9423828140625 0.34765625 0.9853515640625 0.3564453140625 1 0.416015625 0.9990234359375 0.41796875 0.9892578140625 0.396484375 0.9794921859375 0.41015625 0.9560546859375 0.4033203140625 0.943359375
0 0.5478515640625 0 0.46875 0.0009765640625 0.478515625 0.049804685937499996 0.4873046859375 0.05078125 0.494140625 0.06738281406249999 0.50390625 0.07128906406249999 0.529296875 0.043945314062500004 0.53515625 0.022460935937500003 0.55078125 0.0146484359375 0.5478515640625 0
2 0.498046875 0.09082031406249999 0.490234375 0.07519531406249999 0.474609375 0.06738281406249999 0.478515625 0.041992185937499996 0.4619140640625 0.017578125 0.453125 0.0302734359375 0.455078125 0.0576171859375 0.4462890640625 0.068359375 0.4345703140625 0.068359375 0.431640625 0.08105468593750001 0.44921875 0.09082031406249999 0.44921875 0.11035156406249999 0.478515625 0.1357421859375 0.486328125 0.12402343593750001 0.4765625 0.10449218593750001 0.4931640640625 0.099609375 0.498046875 0.09082031406249999
2 0.6591796859375 0.685546875 0.65625 0.7041015640625 0.666015625 0.7490234359375 0.677734375 0.7607421859375 0.685546875 0.7490234359375 0.685546875 0.7294921859375 0.671875 0.6943359359375 0.6591796859375 0.685546875
2 0.6513671859375 0.58984375 0.6435546859375 0.583984375 0.62890625 0.5927734359375 0.625 0.6298828140625 0.6376953140625 0.6484375 0.646484375 0.6474609359375 0.673828125 0.6123046859375 0.673828125 0.5927734359375 0.6669921859375 0.5859375 0.6513671859375 0.58984375
2 0.5556640640625 0.27734375 0.5380859359375 0.29296875 0.5185546859375 0.283203125 0.515625 0.3076171859375 0.5078125 0.3173828140625 0.521484375 0.3388671859375 0.5234375 0.3740234359375 0.53515625 0.3759765640625 0.5546875 0.3544921859375 0.548828125 0.3232421859375 0.55859375 0.2900390640625 0.5556640640625 0.27734375
2 0.9599609359375 0.431640625 0.947265625 0.4462890640625 0.9619140640625 0.462890625 0.96875 0.4619140640625 0.982421875 0.4521484359375 0.982421875 0.4384765640625 0.9755859359375 0.431640625 0.9599609359375 0.431640625
2 0.95703125 0.6142578140625 0.95703125 0.6240234359375 0.9755859359375 0.626953125 0.982421875 0.6494140640625 0.98828125 0.6513671859375 1 0.6142578140625 0.9892578140625 0.615234375 0.9814453140625 0.59765625 0.95703125 0.6142578140625
2 0.8310546859375 0 0.826171875 0.020507814062499997 0.837890625 0.06738281406249999 0.8486328140625 0.08203125 0.85546875 0.08105468593750001 0.8671875 0.0537109359375 0.859375 0.040039064062500004 0.859375 0.020507814062499997 0.8486328140625 0 0.8310546859375 0
2 0.8955078140625 0.1328125 0.8623046859375 0.138671875 0.85546875 0.1533203140625 0.869140625 0.1923828140625 0.861328125 0.2294921859375 0.875 0.2431640640625 0.8828125 0.2333984359375 0.88671875 0.1748046859375 0.90234375 0.1435546859375 0.8955078140625 0.1328125