2 0.041992185937499996 0.7890625 0.048828125 0.7880859359375 0.060546875 0.7685546859375 0.0576171859375 0.76171875 0.041015625 0.7822265640625 0.041992185937499996 0.7890625
2 0.02734375 0.7392578140625 0.033203125 0.7626953140625 0.041015625 0.7685546859375 0.060546875 0.7392578140625 0.0625 0.7197265640625 0.045898435937499996 0.705078125 0.02734375 0.7392578140625
2 0.1318359359375 0.873046875 0.11328125 0.8935546859375 0.109375 0.9130859359375 0.12011718593750001 0.93359375 0.1337890640625 0.91796875 0.1328125 0.9423828140625 0.140625 0.9423828140625 0.16015625 0.9287109359375 0.162109375 0.9072265640625 0.140625 0.8935546859375 0.1318359359375 0.873046875
2 0.2939453140625 0.57421875 0.291015625 0.5986328140625 0.306640625 0.6123046859375 0.31640625 0.5986328140625 0.31640625 0.5810546859375 0.3095703140625 0.57421875 0.2939453140625 0.57421875
2 0.271484375 0.5537109359375 0.283203125 0.5322265640625 0.2587890640625 0.513671875 0.25 0.5458984359375 0.271484375 0.5537109359375
2 0.3525390640625 0.748046875 0.36328125 0.7490234359375 0.37109375 0.7353515640625 0.3564453140625 0.689453125 0.345703125 0.7353515640625 0.3525390640625 0.748046875
2 0.3671875 0.7763671859375 0.361328125 0.7919921859375 0.3740234359375 0.80859375 0.388671875 0.8095703140625 0.39453125 0.8056640640625 0.39453125 0.7666015640625 0.3857421859375 0.759765625 0.3671875 0.7763671859375
2 0.447265625 0.8916015640625 0.4306640640625 0.876953125 0.4091796859375 0.875 0.40625 0.8623046859375 0.3955078140625 0.859375 0.384765625 0.9013671859375 0.3994140640625 0.912109375 0.4111328140625 0.90234375 0.416015625 0.9072265640625 0.419921875 0.9306640640625 0.4140625 0.9482421859375 0.427734375 0.9599609359375 0.4384765640625 0.9375 0.4521484359375 0.943359375 0.45703125 0.9384765640625 0.447265625 0.8916015640625
2 0.2314453140625 0.39453125 0.21484375 0.4013671859375 0.205078125 0.4287109359375 0.212890625 0.4541015640625 0.22265625 0.4560546859375 0.23046875 0.4501953140625 0.228515625 0.4267578140625 0.236328125 0.4111328140625 0.2314453140625 0.39453125
2 0.11621093593750001 0.109375 0.08691406406249999 0.09765625 0.080078125 0.11230468593750001 0.08984375 0.1337890640625 0.06933593593750001 0.13671875 0.068359375 0.1416015640625 0.076171875 0.1533203140625 0.078125 0.1748046859375 0.09375 0.1787109359375 0.109375 0.1728515640625 0.1171875 0.1494140640625 0.13671875 0.1279296859375 0.11621093593750001 0.109375
2 0.19921875 0.3056640640625 0.1826171859375 0.26953125 0.158203125 0.2880859359375 0.1552734359375 0.3046875 0.1357421859375 0.29296875 0.1328125 0.3095703140625 0.119140625 0.3251953140625 0.1279296859375 0.34375 0.146484375 0.3486328140625 0.154296875 0.3701171859375 0.1767578140625 0.328125 0.1982421859375 0.345703125 0.20703125 0.3427734359375 0.19921875 0.3056640640625
2 0.466796875 0.1533203140625 0.462890625 0.1845703140625 0.486328125 0.1865234359375 0.482421875 0.1611328140625 0.48828125 0.1416015640625 0.4814453140625 0.126953125 0.466796875 0.1533203140625
2 0.5654296859375 0.318359375 0.5537109359375 0.330078125 0.53515625 0.3271484359375 0.537109375 0.3486328140625 0.529296875 0.3564453140625 0.5361328140625 0.380859375 0.564453125 0.3896484359375 0.56640625 0.3740234359375 0.560546875 0.3642578140625 0.572265625 0.3564453140625 0.5654296859375 0.318359375
2 0.587890625 0.4482421859375 0.5830078140625 0.43359375 0.5771484359375 0.4375 0.5673828140625 0.4296875 0.55859375 0.4716796859375 0.572265625 0.4853515640625 0.5810546859375 0.47265625 0.599609375 0.4755859359375 0.599609375 0.4521484359375 0.587890625 0.4482421859375
2 0.634765625 0.5888671859375 0.640625 0.5595703140625 0.6298828140625 0.5546875 0.62109375 0.5751953140625 0.634765625 0.5888671859375
2 0.6455078140625 0.61328125 0.6279296859375 0.6171875 0.615234375 0.6337890640625 0.623046875 0.6611328140625 0.6357421859375 0.64453125 0.6474609359375 0.654296875 0.65234375 0.6513671859375 0.6455078140625 0.61328125
2 0.904296875 0.5029296859375 0.9140625 0.5068359359375 0.935546875 0.4873046859375 0.9267578140625 0.4609375 0.90234375 0.4892578140625 0.904296875 0.5029296859375
2 0.966796875 0.8564453140625 0.966796875 0.8681640640625 0.978515625 0.8701171859375 1 0.8525390640625 0.9931640640625 0.8359375 0.9794921859375 0.8359375 0.966796875 0.8564453140625