2 0.00390625 0.08300781406249999 0.013671875 0.07519531406249999 0.015625 0.049804685937499996 0.0009765640625 0.037109375 0.00390625 0.08300781406249999
2 0.095703125 0.3095703140625 0.111328125 0.2919921859375 0.10449218593750001 0.28515625 0.09082031406249999 0.283203125 0.0703125 0.2998046859375 0.083984375 0.3388671859375 0.068359375 0.3505859359375 0.060546875 0.3740234359375 0.06738281406249999 0.3828125 0.076171875 0.3818359359375 0.09277343593750001 0.37109375 0.107421875 0.3701171859375 0.09375 0.3330078140625 0.095703125 0.3095703140625
2 0.197265625 0.5478515640625 0.1884765640625 0.544921875 0.1591796859375 0.556640625 0.1435546859375 0.546875 0.1357421859375 0.5546875 0.1259765640625 0.55078125 0.109375 0.5771484359375 0.111328125 0.5869140640625 0.1337890640625 0.59765625 0.1533203140625 0.59765625 0.1630859359375 0.61328125 0.171875 0.6123046859375 0.181640625 0.6083984359375 0.17578125 0.5869140640625 0.1953125 0.5673828140625 0.197265625 0.5478515640625
2 0.2236328140625 0.66796875 0.2099609359375 0.677734375 0.1982421859375 0.666015625 0.1884765640625 0.666015625 0.18359375 0.6767578140625 0.1953125 0.6884765640625 0.185546875 0.6904296859375 0.185546875 0.7060546859375 0.1943359359375 0.71875 0.2109375 0.7255859359375 0.2158203140625 0.740234375 0.22265625 0.7392578140625 0.228515625 0.7236328140625 0.24609375 0.7060546859375 0.23046875 0.6982421859375 0.2236328140625 0.66796875
2 0.3017578140625 0.91015625 0.2900390640625 0.927734375 0.2763671859375 0.931640625 0.2734375 0.8837890640625 0.2685546859375 0.880859375 0.2568359359375 0.896484375 0.2412109359375 0.896484375 0.240234375 0.9052734359375 0.2763671859375 0.953125 0.3076171859375 0.947265625 0.3203125 0.9580078140625 0.3203125 0.9951171859375 0.3359375 0.9990234359375 0.333984375 0.9541015640625 0.341796875 0.9365234359375 0.33984375 0.9228515640625 0.3017578140625 0.91015625
2 0.69140625 0.9267578140625 0.697265625 0.9052734359375 0.69140625 0.8994140640625 0.6953125 0.8798828140625 0.6904296859375 0.873046875 0.671875 0.8837890640625 0.662109375 0.9072265640625 0.673828125 0.9521484359375 0.669921875 0.9794921859375 0.68359375 0.9853515640625 0.689453125 0.9716796859375 0.7041015640625 0.966796875 0.70703125 0.9580078140625 0.69140625 0.9267578140625
2 0.62109375 0.6064453140625 0.6103515640625 0.599609375 0.5966796859375 0.615234375 0.59375 0.5732421859375 0.5771484359375 0.5625 0.578125 0.6005859359375 0.59375 0.6181640640625 0.58203125 0.6474609359375 0.564453125 0.6591796859375 0.564453125 0.6748046859375 0.5712890640625 0.681640625 0.6025390640625 0.681640625 0.6171875 0.6884765640625 0.6328125 0.6611328140625 0.6328125 0.6513671859375 0.623046875 0.6435546859375 0.62109375 0.6064453140625
2 0.607421875 0.8408203140625 0.6123046859375 0.8515625 0.623046875 0.8505859359375 0.64453125 0.8369140640625 0.6298828140625 0.796875 0.62109375 0.8251953140625 0.607421875 0.8408203140625
2 0.5009765640625 0.208984375 0.482421875 0.2138671859375 0.486328125 0.1513671859375 0.4814453140625 0.14453125 0.4677734359375 0.158203125 0.4580078140625 0.154296875 0.4501953140625 0.171875 0.4296875 0.1767578140625 0.431640625 0.2021484359375 0.4453125 0.2236328140625 0.44140625 0.2431640640625 0.44921875 0.2587890640625 0.45703125 0.2607421859375 0.4658203140625 0.25390625 0.4912109359375 0.25390625 0.505859375 0.2255859359375 0.5009765640625 0.208984375
2 0.384765625 0.0263671859375 0.396484375 0.0283203140625 0.40625 0.024414064062499997 0.4169921859375 0 0.388671875 0.0009765640625 0.384765625 0.0263671859375
2 0.419921875 0.1416015640625 0.435546875 0.1513671859375 0.44140625 0.1435546859375 0.4326171859375 0.123046875 0.419921875 0.1337890640625 0.419921875 0.1416015640625
2 0.87109375 0.4287109359375 0.89453125 0.3740234359375 0.8857421859375 0.365234375 0.8720703140625 0.369140625 0.8544921859375 0.33984375 0.84765625 0.3623046859375 0.859375 0.3896484359375 0.857421875 0.4345703140625 0.87109375 0.4521484359375 0.875 0.4814453140625 0.884765625 0.4814453140625 0.90625 0.4697265640625 0.90234375 0.4482421859375 0.8759765640625 0.4453125 0.87109375 0.4287109359375
2 1 0.7587890640625 0.9716796859375 0.74609375 0.9609375 0.7744140640625 0.966796875 0.7978515640625 0.994140625 0.8310546859375 0.9921875 0.8408203140625 1 0.8486328140625 1 0.7587890640625
2 0.529296875 0.5068359359375 0.52734375 0.5400390640625 0.53515625 0.5400390640625 0.556640625 0.5322265640625 0.544921875 0.5126953140625 0.5458984359375 0.48828125 0.529296875 0.5068359359375