2 0.24146449374999998 0.7298972359375 0.22338816874999998 0.744689971875 0.22015226718749997 0.7761906875 0.227352575 0.77903835 0.245283934375 0.7433039421875 0.24146449374999998 0.7298972359375
2 0.1470140515625 0.3211187328125 0.15686057656250002 0.31232373125 0.15803748906249998 0.2985138203125 0.13908155 0.29128125312500003 0.12379763437499999 0.3024199046875 0.1211514203125 0.3140625703125 0.1470140515625 0.3211187328125
2 0.1437990390625 0.1324168421875 0.1227853484375 0.1299219828125 0.11249655781250001 0.153610521875 0.12704336562500002 0.167294434375 0.14659021875 0.14171585625 0.1437990390625 0.1324168421875
2 0.5618100140625 0.8008116875000001 0.5850288890625001 0.7936043234375 0.586205803125 0.7797944125 0.5713653828124999 0.7630864296875 0.5529942140624999 0.7878081921875 0.5512300703124999 0.7955699671875001 0.5618100140625 0.8008116875000001
2 0.5746098843749999 0.6409140515625 0.5875436578125 0.61853594375 0.5926911203125 0.574308940625 0.565650346875 0.5940157875 0.5574193171874999 0.6129666171875 0.563588903125 0.6376127765625 0.5746098843749999 0.6409140515625
2 0.1502573265625 0.211899446875 0.17950205156250001 0.1954434765625 0.1828841453125 0.17193134375000002 0.17289265781250002 0.1597846671875 0.1327719171875 0.19388103750000002 0.1342399875 0.2090013828125 0.1502573265625 0.211899446875
2 0.520270353125 0.3016639359375 0.51630103125 0.3191279296875 0.5264399390625 0.326310096875 0.5668542953125 0.2952377953125 0.57229291875 0.2799410484375 0.5675914015625 0.2704152296875 0.5377594484375 0.2808230625 0.520270353125 0.3016639359375
2 0.2051595078125 0.8162595937500001 0.1926643125 0.8626034453125 0.20030565625 0.8635106671875 0.233665896875 0.8375792843750001 0.23631211093750001 0.8259366203124999 0.22793857343749999 0.7980395828125 0.2163291375 0.8016432625000001 0.2051595078125 0.8162595937500001
2 0.5377668234375 0.20310449687499998 0.5352692593749999 0.196829553125 0.5271856484375 0.210815871875 0.513959490625 0.217216815625 0.50954913125 0.23662125625 0.5157199484375 0.2483143203125 0.5260062765625 0.250531975 0.562746153125 0.22699464374999997 0.5626011875 0.206052965625 0.5377668234375 0.20310449687499998
2 0.5336574515625 0.1478144390625 0.5307200812499999 0.1305268453125 0.5154373953125 0.1287124015625 0.5095589625 0.13299650000000002 0.5061768703125 0.156508634375 0.524689315625 0.1915878328125 0.5354166796875 0.1918650421875 0.549524909375 0.181583209375 0.5496735593750001 0.16366560000000002 0.5336574515625 0.1478144390625
2 0.9368869859375 0.1777527640625 0.9702472249999999 0.1518213828125 0.9743639703125 0.12939287187499998 0.9339520718750001 0.1345589859375 0.9139654109375 0.14912491562500002 0.9113179656250001 0.173720671875 0.9368869859375 0.1777527640625
2 0.550357828125 0.6958261 0.55932105 0.7038650828125 0.5868004046874999 0.708123984375 0.6037010421875 0.69418806875 0.604436921875 0.6823185984375 0.5816627703125 0.6487262312500001 0.559911965625 0.6710539359375 0.550357828125 0.6958261
2 0.573897353125 0.40667472812499994 0.560966034375 0.4031466453125 0.5568529765625 0.386715871875 0.541862675 0.4008785921875 0.518791225 0.40312143906250003 0.5227568609375 0.42451672812499996 0.5705140296875 0.44313995781250004 0.5794784796875 0.43822584375 0.5834478015625 0.42076185 0.573897353125 0.40667472812499994
2 0.9565898609374999 0.05653801093750001 0.951447309375 0.048952640625 0.9371928890625 0.051245890625 0.921614128125 0.07231356562499999 0.8895769953125001 0.0924236203125 0.8925143671875 0.109711215625 0.914849940625 0.11933783437500001 0.9338071078124999 0.11361730625 0.9357198999999999 0.0879379265625 0.9565898609374999 0.05653801093750001
2 0.2189630640625 0.9195315468749999 0.22234024218749998 0.947831790625 0.212052684375 0.9585672328125 0.22586484375000002 0.97116751875 0.2556955671875 0.9737127781250001 0.2602545765625 0.936390734375 0.24423969687499997 0.9075864765625001 0.22925184999999998 0.8958430078124999 0.2189630640625 0.9195315468749999
2 0.5910842296875 0.47348144999999997 0.5878520171875 0.46612288125 0.5735975921875001 0.46841613125 0.5622805421875 0.4879969734375 0.5490543828125001 0.49439791718750004 0.5459622171875 0.5597934062500001 0.5603628328125 0.5654887390625001 0.5715324625 0.55087240625 0.579619759375 0.498026803125 0.5910842296875 0.47348144999999997
2 0.175369334375 0.3862622140625 0.189036528125 0.37792082968749996 0.19256481406249998 0.3623972765625 0.1789013078125 0.33187938125 0.162590353125 0.32595724375 0.14627571718750002 0.3588943890625 0.152299109375 0.37555196875 0.1462708015625 0.4107067671875 0.1536173015625 0.4215430171875 0.162581753125 0.416628903125 0.175369334375 0.3862622140625
2 0.2380909984375 0.6627377109375 0.2422065140625 0.6532622921875 0.22883539062499997 0.6387215609375 0.205324134375 0.6299517609375 0.201505915625 0.603591959375 0.1775474796875 0.6615280734375 0.1869505078125 0.6805797109375 0.184891521875 0.698270509375 0.1959125 0.7015717875 0.2088462734375 0.67919368125 0.2380909984375 0.6627377109375
2 0.1887355390625 0.45261532656250003 0.17139386875 0.468491684375 0.15317258125 0.46234274375 0.138770734375 0.46960050625000005 0.1362707125 0.4892317515625 0.15228559375 0.518036009375 0.1909321171875 0.53358476875 0.20886593437499998 0.47194417031249997 0.2046054578125 0.46047790781250003 0.1887355390625 0.45261532656250003