2 0.23828125 0.1826171859375 0.2509765640625 0.201171875 0.263671875 0.2021484359375 0.26171875 0.1767578140625 0.2431640640625 0.1640625 0.236328125 0.1708984359375 0.23828125 0.1826171859375
2 0.517578125 0.9990234359375 0.546875 0.9990234359375 0.546875 0.9833984359375 0.5263671859375 0.96875 0.517578125 0.9833984359375 0.517578125 0.9990234359375
2 0.125 0.6845703140625 0.125 0.6962890640625 0.140625 0.7255859359375 0.150390625 0.7138671859375 0.1484375 0.6923828140625 0.1376953140625 0.677734375 0.125 0.6845703140625
2 0.010742185937499999 0.455078125 0.0078125 0.4794921859375 0.01953125 0.4951171859375 0.02734375 0.5380859359375 0.037109375 0.5439453140625 0.0390625 0.5087890640625 0.015625 0.4833984359375 0.021484375 0.4716796859375 0.010742185937499999 0.455078125
2 0.4921875 0.9013671859375 0.498046875 0.9287109359375 0.5185546859375 0.94921875 0.529296875 0.9501953140625 0.52734375 0.9189453140625 0.513671875 0.8935546859375 0.5009765640625 0.890625 0.4921875 0.9013671859375
2 0.2705078140625 0.3046875 0.2626953140625 0.3203125 0.2421875 0.3291015640625 0.2421875 0.3388671859375 0.2470703140625 0.359375 0.275390625 0.3603515640625 0.2890625 0.3564453140625 0.2890625 0.3427734359375 0.28515625 0.3232421859375 0.2705078140625 0.3046875
2 0.2255859359375 0.8984375 0.1953125 0.9130859359375 0.205078125 0.9560546859375 0.220703125 0.9697265640625 0.2421875 0.9560546859375 0.232421875 0.9365234359375 0.234375 0.9052734359375 0.2255859359375 0.8984375
2 0.1455078140625 0.029296875 0.1337890640625 0.033203125 0.1279296859375 0.046875 0.11425781406249999 0.0390625 0.115234375 0.0537109359375 0.10546875 0.06738281406249999 0.107421875 0.08496093593750001 0.11621093593750001 0.08984375 0.1416015640625 0.0859375 0.162109375 0.09667968593750001 0.181640625 0.07714843593750001 0.181640625 0.06347656406249999 0.1630859359375 0.052734375 0.1455078140625 0.029296875
2 0.34375 0.4697265640625 0.341796875 0.4150390640625 0.3232421859375 0.404296875 0.294921875 0.4443359359375 0.306640625 0.4794921859375 0.296875 0.5009765640625 0.330078125 0.5126953140625 0.3330078140625 0.501953125 0.3515625 0.5009765640625 0.353515625 0.4853515640625 0.34375 0.4697265640625
2 0.439453125 0.6962890640625 0.4130859359375 0.68359375 0.392578125 0.7080078140625 0.392578125 0.7216796859375 0.408203125 0.7373046859375 0.404296875 0.7802734359375 0.4306640640625 0.78125 0.435546875 0.8037109359375 0.453125 0.8056640640625 0.455078125 0.7568359359375 0.421875 0.7255859359375 0.4375 0.7099609359375 0.439453125 0.6962890640625
2 0.74609375 0.7431640640625 0.7275390640625 0.734375 0.7080078140625 0.7421875 0.705078125 0.7490234359375 0.7099609359375 0.751953125 0.734375 0.7548828140625 0.7314453140625 0.759765625 0.7158203140625 0.75390625 0.708984375 0.7607421859375 0.7177734359375 0.771484375 0.7197265640625 0.765625 0.732421875 0.7685546859375 0.71875 0.7744140640625 0.7421875 0.7802734359375 0.74609375 0.7724609359375 0.73828125 0.7587890640625 0.74609375 0.7529296859375 0.74609375 0.7431640640625
2 0.78125 0.9228515640625 0.7880859359375 0.9296875 0.7998046859375 0.923828125 0.81640625 0.9287109359375 0.826171875 0.9150390640625 0.810546875 0.8740234359375 0.7939453140625 0.873046875 0.78125 0.9228515640625
2 0.66015625 0.3994140640625 0.66015625 0.4248046859375 0.65234375 0.4423828140625 0.662109375 0.4482421859375 0.69921875 0.4189453140625 0.7021484359375 0.390625 0.6884765640625 0.388671875 0.66015625 0.3994140640625
2 0.728515625 0.5322265640625 0.6923828140625 0.5234375 0.6953125 0.5498046859375 0.68359375 0.5595703140625 0.681640625 0.5751953140625 0.7021484359375 0.587890625 0.71484375 0.5869140640625 0.71875 0.5771484359375 0.708984375 0.5576171859375 0.728515625 0.5439453140625 0.728515625 0.5322265640625
2 0.75390625 0.6572265640625 0.75 0.6435546859375 0.7333984359375 0.626953125 0.703125 0.6396484359375 0.6953125 0.6708984359375 0.7001953140625 0.685546875 0.73046875 0.6865234359375 0.724609375 0.6591796859375 0.7314453140625 0.65625 0.7431640640625 0.6640625 0.75390625 0.6572265640625
2 0.669921875 0.2470703140625 0.6611328140625 0.2421875 0.6494140640625 0.25 0.6416015640625 0.244140625 0.6376953140625 0.25390625 0.6259765640625 0.255859375 0.6064453140625 0.2421875 0.59765625 0.2529296859375 0.591796875 0.2822265640625 0.59765625 0.3037109359375 0.587890625 0.3271484359375 0.6220703140625 0.326171875 0.62890625 0.3369140640625 0.6171875 0.3603515640625 0.6171875 0.3798828140625 0.64453125 0.3837890640625 0.650390625 0.3740234359375 0.646484375 0.3037109359375 0.669921875 0.2919921859375 0.669921875 0.2470703140625
2 1 0.3974609359375 0.9912109359375 0.396484375 0.984375 0.4345703140625 1 0.4501953140625 1 0.3974609359375
2 1 0.3662109359375 0.9990234359375 0.314453125 0.986328125 0.3212890640625 0.9765625 0.3408203140625 1 0.3662109359375
2 0.8974609359375 0 0.888671875 0.0146484359375 0.900390625 0.0537109359375 0.89453125 0.10058593593750001 0.9130859359375 0.103515625 0.92578125 0.12402343593750001 0.9375 0.1298828140625 0.9375 0.1611328140625 0.921875 0.1787109359375 0.931640625 0.1982421859375 0.943359375 0.2060546859375 0.95703125 0.2490234359375 0.970703125 0.2568359359375 0.984375 0.2392578140625 0.984375 0.2275390640625 0.953125 0.1728515640625 0.966796875 0.1416015640625 0.9560546859375 0.13671875 0.9443359359375 0.146484375 0.94140625 0.1337890640625 0.9453125 0.08691406406249999 0.9521484359375 0.080078125 0.970703125 0.07910156406249999 0.98046875 0.022460935937500003 0.9599609359375 0.025390625 0.9443359359375 0 0.8974609359375 0
0 0.818359375 0.2939453140625 0.826171875 0.2958984359375 0.830078125 0.2490234359375 0.8173828140625 0.2421875 0.8125 0.2744140640625 0.818359375 0.2939453140625
0 0.87890625 0.2353515640625 0.87890625 0.2138671859375 0.8662109359375 0.205078125 0.849609375 0.2138671859375 0.8515625 0.2236328140625 0.84375 0.2333984359375 0.849609375 0.2626953140625 0.85546875 0.2626953140625 0.8662109359375 0.25 0.875 0.2548828140625 0.873046875 0.2412109359375 0.87890625 0.2353515640625