2 0.1728515640625 0.564453125 0.1552734359375 0.5703125 0.154296875 0.5517578140625 0.1455078140625 0.546875 0.1328125 0.5556640640625 0.1279296859375 0.5703125 0.11425781406249999 0.5703125 0.091796875 0.6005859359375 0.10058593593750001 0.615234375 0.1298828140625 0.6015625 0.166015625 0.6376953140625 0.173828125 0.6201171859375 0.169921875 0.5947265640625 0.177734375 0.5712890640625 0.1728515640625 0.564453125
2 0.068359375 0.4189453140625 0.09375 0.4423828140625 0.1015625 0.4150390640625 0.09277343593750001 0.40625 0.07128906406249999 0.40625 0.068359375 0.4189453140625
2 0.041015625 0.2939453140625 0.036132814062500004 0.28515625 0.018554685937500003 0.28125 0.015625 0.2958984359375 0.02734375 0.3193359359375 0.033203125 0.3603515640625 0.04296875 0.3681640640625 0.056640625 0.3623046859375 0.056640625 0.3525390640625 0.037109375 0.3095703140625 0.041015625 0.2939453140625
2 0.4150390640625 0.255859375 0.3994140640625 0.234375 0.39453125 0.2412109359375 0.396484375 0.2646484359375 0.40625 0.2822265640625 0.404296875 0.2978515640625 0.4140625 0.3017578140625 0.4404296859375 0.2890625 0.44921875 0.2705078140625 0.4326171859375 0.251953125 0.4150390640625 0.255859375
2 0.4501953140625 0.3359375 0.4228515640625 0.30859375 0.421875 0.3466796859375 0.41015625 0.3603515640625 0.431640625 0.3818359359375 0.4375 0.3994140640625 0.44921875 0.4013671859375 0.46484375 0.3701171859375 0.474609375 0.3291015640625 0.4638671859375 0.322265625 0.4501953140625 0.3359375
2 0.4541015640625 0.44921875 0.439453125 0.4521484359375 0.4482421859375 0.4765625 0.482421875 0.4833984359375 0.4814453140625 0.501953125 0.521484375 0.5087890640625 0.529296875 0.4580078140625 0.5087890640625 0.447265625 0.4814453140625 0.419921875 0.4541015640625 0.44921875
2 0.4013671859375 0.109375 0.3759765640625 0.12109375 0.3544921859375 0.11328125 0.3359375 0.1533203140625 0.33984375 0.1767578140625 0.3525390640625 0.177734375 0.3671875 0.2060546859375 0.380859375 0.2119140640625 0.419921875 0.1728515640625 0.419921875 0.1591796859375 0.404296875 0.1376953140625 0.4013671859375 0.109375
2 0.576171875 0.7353515640625 0.5732421859375 0.69921875 0.537109375 0.7236328140625 0.546875 0.7509765640625 0.54296875 0.7744140640625 0.556640625 0.7822265640625 0.5927734359375 0.765625 0.6015625 0.7509765640625 0.5966796859375 0.7421875 0.576171875 0.7353515640625
2 0.5537109359375 0.576171875 0.4990234359375 0.58203125 0.486328125 0.6064453140625 0.490234375 0.6181640640625 0.4990234359375 0.625 0.53515625 0.6279296859375 0.5478515640625 0.623046875 0.5625 0.6044921859375 0.560546875 0.5830078140625 0.5537109359375 0.576171875
2 0.6591796859375 0.865234375 0.6396484359375 0.875 0.6328125 0.8388671859375 0.615234375 0.8310546859375 0.60546875 0.7998046859375 0.5966796859375 0.791015625 0.5908203140625 0.79296875 0.5830078140625 0.8125 0.58203125 0.7958984359375 0.5751953140625 0.79296875 0.5625 0.8388671859375 0.580078125 0.8505859359375 0.578125 0.8740234359375 0.5830078140625 0.87890625 0.6025390640625 0.875 0.609375 0.8798828140625 0.625 0.9072265640625 0.615234375 0.9423828140625 0.6220703140625 0.951171875 0.634765625 0.9521484359375 0.64453125 0.9306640640625 0.669921875 0.9111328140625 0.666015625 0.8701171859375 0.6591796859375 0.865234375
2 0.2890625 0.9990234359375 0.3125 0.9990234359375 0.310546875 0.9853515640625 0.2900390640625 0.9609375 0.28515625 0.9677734359375 0.2890625 0.9990234359375
2 0.7055583328125 0.0361083328125 0.702775 0.0361083328125 0.702775 0.0388916671875 0.7055583328125 0.0388916671875 0.7055583328125 0.0361083328125
2 0.7939453140625 0.28125 0.8115234359375 0.287109375 0.818359375 0.2783203140625 0.818359375 0.2509765640625 0.7919921859375 0.220703125 0.78125 0.2314453140625 0.791015625 0.2744140640625 0.767578125 0.2978515640625 0.76953125 0.3076171859375 0.77734375 0.3095703140625 0.7890625 0.2978515640625 0.7763671859375 0.296875 0.7763671859375 0.291015625 0.7939453140625 0.28125
2 0.8583984359375 0.3828125 0.8447265640625 0.384765625 0.8271484359375 0.369140625 0.8125 0.3759765640625 0.81640625 0.3896484359375 0.79296875 0.4189453140625 0.7998046859375 0.439453125 0.818359375 0.4404296859375 0.8388671859375 0.4140625 0.8583984359375 0.408203125 0.86328125 0.3994140640625 0.8583984359375 0.3828125
2 0.6982421859375 0 0.697265625 0.020507814062499997 0.70703125 0.0302734359375 0.708984375 0.047851564062500004 0.701171875 0.07128906406249999 0.703125 0.09277343593750001 0.7265625 0.11621093593750001 0.734375 0.1494140640625 0.75 0.1611328140625 0.75 0.1982421859375 0.76171875 0.2001953140625 0.78515625 0.1806640640625 0.798828125 0.1533203140625 0.7939453140625 0.13671875 0.7744140640625 0.138671875 0.767578125 0.1318359359375 0.765625 0.10058593593750001 0.75390625 0.08105468593750001 0.75390625 0.0517578140625 0.765625 0.0146484359375 0.7587890640625 0.01171875 0.7431640640625 0.021484375 0.7373046859375 0 0.6982421859375 0
2 0.966796875 0.6767578140625 0.9560546859375 0.671875 0.9365234359375 0.703125 0.9375 0.6865234359375 0.92578125 0.6552734359375 0.8955078140625 0.650390625 0.88671875 0.6865234359375 0.8955078140625 0.6953125 0.91015625 0.6962890640625 0.923828125 0.7236328140625 0.91796875 0.7412109359375 0.9296875 0.7470703140625 0.94921875 0.7392578140625 0.951171875 0.7177734359375 0.966796875 0.6943359359375 0.966796875 0.6767578140625
2 0.94140625 0.8583984359375 0.9443359359375 0.8671875 0.98828125 0.8818359359375 1 0.8759765640625 0.9990234359375 0.841796875 0.9580078140625 0.83984375 0.94140625 0.8583984359375
2 1 0.9599609359375 0.9814453140625 0.962890625 0.974609375 0.9697265640625 0.974609375 0.9833984359375 0.9853515640625 0.994140625 1 0.9951171859375 1 0.9599609359375
2 0.642578125 0.9755859359375 0.6357421859375 0.9921875 0.615234375 0.9990234359375 0.68359375 0.9990234359375 0.6787109359375 0.98828125 0.6611328140625 0.98828125 0.6513671859375 0.970703125 0.642578125 0.9755859359375
1 0.85546875 0.9775390640625 0.857421875 0.9990234359375 0.8828125 0.9990234359375 0.884765625 0.9755859359375 0.8759765640625 0.96484375 0.8623046859375 0.966796875 0.85546875 0.9775390640625