2 0.109375 0.2958984359375 0.10253906406249999 0.287109375 0.07128906406249999 0.291015625 0.06640625 0.2998046859375 0.080078125 0.3447265640625 0.0625 0.3564453140625 0.060546875 0.3740234359375 0.078125 0.3857421859375 0.103515625 0.3740234359375 0.091796875 0.3291015640625 0.095703125 0.3095703140625 0.109375 0.2958984359375
2 0.2099609359375 0.6796875 0.2001953140625 0.669921875 0.1865234359375 0.66796875 0.181640625 0.7041015640625 0.2158203140625 0.7421875 0.22265625 0.7412109359375 0.24609375 0.7138671859375 0.23046875 0.7021484359375 0.2236328140625 0.671875 0.2099609359375 0.6796875
2 0.2734375 0.8916015640625 0.2646484359375 0.888671875 0.2431640640625 0.90234375 0.240234375 0.9091796859375 0.2763671859375 0.953125 0.3056640640625 0.94921875 0.314453125 0.9560546859375 0.318359375 0.9951171859375 0.3359375 0.9990234359375 0.33984375 0.9228515640625 0.3017578140625 0.90625 0.2802734359375 0.92578125 0.2734375 0.8916015640625
2 0.171875 0.5439453140625 0.169921875 0.5205078140625 0.15625 0.5224609359375 0.154296875 0.4970703140625 0.1416015640625 0.490234375 0.12890625 0.5439453140625 0.107421875 0.5830078140625 0.1318359359375 0.6015625 0.1474609359375 0.599609375 0.1650390640625 0.611328125 0.1796875 0.6103515640625 0.181640625 0.5869140640625 0.1953125 0.5732421859375 0.19921875 0.5517578140625 0.171875 0.5439453140625
2 0.43359375 0.1513671859375 0.4375 0.1318359359375 0.4267578140625 0.125 0.419921875 0.1416015640625 0.43359375 0.1513671859375
2 0.3896484359375 0 0.3828125 0.008789064062500001 0.3828125 0.020507814062499997 0.400390625 0.0263671859375 0.4150390640625 0 0.3896484359375 0
2 0.578125 0.6044921859375 0.591796875 0.6142578140625 0.595703125 0.5791015640625 0.5791015640625 0.560546875 0.57421875 0.5634765640625 0.578125 0.6044921859375
2 0.529296875 0.5048828140625 0.52734375 0.5302734359375 0.53515625 0.5380859359375 0.556640625 0.5283203140625 0.546875 0.5146484359375 0.5458984359375 0.48828125 0.529296875 0.5048828140625
2 0.607421875 0.8466796859375 0.6259765640625 0.849609375 0.6474609359375 0.83984375 0.658203125 0.8544921859375 0.6328125 0.8017578140625 0.6259765640625 0.80078125 0.607421875 0.8349609359375 0.607421875 0.8466796859375
2 0.6103515640625 0.599609375 0.578125 0.6494140640625 0.564453125 0.6591796859375 0.5625 0.6748046859375 0.5732421859375 0.685546875 0.6171875 0.6865234359375 0.6328125 0.6552734359375 0.623046875 0.6396484359375 0.619140625 0.6025390640625 0.6103515640625 0.599609375
2 0.69140625 0.8720703140625 0.6611328140625 0.853515625 0.666015625 0.8740234359375 0.66015625 0.8837890640625 0.66015625 0.9111328140625 0.671875 0.9541015640625 0.669921875 0.9755859359375 0.685546875 0.9833984359375 0.70703125 0.9541015640625 0.70703125 0.9384765640625 0.6953125 0.9208984359375 0.69140625 0.8720703140625
2 0.48828125 0.1708984359375 0.48046875 0.1435546859375 0.4716796859375 0.138671875 0.453125 0.1513671859375 0.4482421859375 0.166015625 0.427734375 0.1728515640625 0.42578125 0.1943359359375 0.4375 0.2138671859375 0.4453125 0.2470703140625 0.4541015640625 0.25390625 0.482421875 0.2548828140625 0.49609375 0.2451171859375 0.505859375 0.2080078140625 0.486328125 0.2001953140625 0.48828125 0.1708984359375
2 0.884765625 0.5361328140625 0.890625 0.5361328140625 0.896484375 0.5166015640625 0.8935546859375 0.498046875 0.87890625 0.5146484359375 0.884765625 0.5361328140625
2 1 0.7548828140625 0.9697265640625 0.7421875 0.962890625 0.7666015640625 0.966796875 0.7919921859375 0.98828125 0.8212890640625 0.98828125 0.8408203140625 1 0.8583984359375 1 0.7548828140625
2 0.875 0.4228515640625 0.892578125 0.3681640640625 0.8876953140625 0.361328125 0.8701171859375 0.361328125 0.8505859359375 0.3359375 0.845703125 0.3681640640625 0.853515625 0.4287109359375 0.8671875 0.4501953140625 0.869140625 0.4736328140625 0.8759765640625 0.48046875 0.88671875 0.4794921859375 0.904296875 0.4638671859375 0.900390625 0.4423828140625 0.8798828140625 0.4375 0.875 0.4228515640625