2 0.43359375 0.1455078140625 0.435546875 0.1279296859375 0.4267578140625 0.123046875 0.41796875 0.1376953140625 0.43359375 0.1455078140625
2 0.380859375 0.024414064062499997 0.392578125 0.0283203140625 0.412109375 0.0126953140625 0.4130859359375 0 0.384765625 0.0009765640625 0.380859375 0.024414064062499997
2 0.5380859359375 0.486328125 0.52734375 0.5048828140625 0.52734375 0.5302734359375 0.546875 0.5341796859375 0.5546875 0.5263671859375 0.546875 0.5126953140625 0.546875 0.4892578140625 0.5380859359375 0.486328125
2 0.607421875 0.8349609359375 0.609375 0.8466796859375 0.62109375 0.8486328140625 0.64453125 0.8310546859375 0.634765625 0.7998046859375 0.6279296859375 0.794921875 0.607421875 0.8349609359375
2 0.107421875 0.2958984359375 0.10058593593750001 0.28515625 0.08691406406249999 0.28515625 0.068359375 0.2978515640625 0.07421875 0.3388671859375 0.05859375 0.3564453140625 0.06933593593750001 0.376953125 0.0859375 0.3779296859375 0.103515625 0.3701171859375 0.09375 0.3369140640625 0.09375 0.3134765640625 0.107421875 0.2958984359375
2 0.689453125 0.8759765640625 0.6787109359375 0.87109375 0.66796875 0.8798828140625 0.66015625 0.9130859359375 0.671875 0.9462890640625 0.671875 0.9677734359375 0.68359375 0.9716796859375 0.703125 0.9580078140625 0.703125 0.9345703140625 0.693359375 0.9208984359375 0.689453125 0.8759765640625
2 0.2255859359375 0.671875 0.1904296859375 0.66796875 0.181640625 0.6748046859375 0.1875 0.6845703140625 0.18359375 0.7041015640625 0.2138671859375 0.73828125 0.22265625 0.7373046859375 0.244140625 0.7138671859375 0.244140625 0.7041015640625 0.234375 0.7001953140625 0.2255859359375 0.671875
2 0.6142578140625 0.595703125 0.5986328140625 0.6015625 0.591796875 0.5634765640625 0.5771484359375 0.560546875 0.576171875 0.6005859359375 0.587890625 0.6142578140625 0.587890625 0.6240234359375 0.58203125 0.6376953140625 0.564453125 0.6494140640625 0.5625 0.6650390640625 0.5869140640625 0.681640625 0.6171875 0.6845703140625 0.6328125 0.6552734359375 0.623046875 0.6376953140625 0.62109375 0.6044921859375 0.6142578140625 0.595703125
2 0.2705078140625 0.880859375 0.2587890640625 0.890625 0.2431640640625 0.890625 0.23828125 0.8994140640625 0.2705078140625 0.94140625 0.3125 0.9541015640625 0.318359375 0.9990234359375 0.3359375 0.9990234359375 0.33984375 0.9208984359375 0.3095703140625 0.900390625 0.2802734359375 0.91796875 0.2705078140625 0.880859375
2 0.4970703140625 0.205078125 0.478515625 0.2041015640625 0.484375 0.1533203140625 0.4755859359375 0.140625 0.4541015640625 0.16015625 0.4287109359375 0.171875 0.423828125 0.1845703140625 0.443359375 0.2529296859375 0.4521484359375 0.26171875 0.46875 0.2626953140625 0.4716796859375 0.255859375 0.490234375 0.2490234359375 0.501953125 0.2158203140625 0.4970703140625 0.205078125
2 0.19921875 0.5498046859375 0.1904296859375 0.54296875 0.1748046859375 0.544921875 0.1708984359375 0.53125 0.15625 0.5283203140625 0.154296875 0.4990234359375 0.1435546859375 0.48828125 0.134765625 0.5126953140625 0.134765625 0.5400390640625 0.111328125 0.5654296859375 0.109375 0.5791015640625 0.1318359359375 0.599609375 0.1494140640625 0.6015625 0.1630859359375 0.611328125 0.177734375 0.6103515640625 0.185546875 0.6005859359375 0.185546875 0.5849609359375 0.197265625 0.5712890640625 0.19921875 0.5498046859375
2 0.8955078140625 0.4375 0.8818359359375 0.4375 0.873046875 0.4267578140625 0.873046875 0.4111328140625 0.888671875 0.3857421859375 0.892578125 0.3662109359375 0.8857421859375 0.357421875 0.8701171859375 0.361328125 0.8505859359375 0.33203125 0.845703125 0.3642578140625 0.85546875 0.3837890640625 0.85546875 0.4287109359375 0.869140625 0.4501953140625 0.87109375 0.4716796859375 0.87890625 0.4736328140625 0.8935546859375 0.470703125 0.904296875 0.4599609359375 0.90234375 0.4443359359375 0.8955078140625 0.4375
2 1 0.7529296859375 0.9716796859375 0.740234375 0.962890625 0.7666015640625 0.96484375 0.7841796859375 0.970703125 0.7998046859375 0.990234375 0.8193359359375 0.98828125 0.8408203140625 1 0.8564453140625 1 0.7529296859375