2 0.1248243984375 0.5910418843749999 0.11179185625000002 0.57713270625 0.13487384375 0.5732227156249999 0.1654567046875 0.55316503125 0.1254536859375 0.54721320625 0.1120408640625 0.5567585187499999 0.0739300078125 0.564536740625 0.0684390203125 0.577120603125 0.082942765625 0.5855735875 0.066718809375 0.60295098125 0.049811334375 0.60730274375 0.051033537500000004 0.6222207375 0.063251275 0.6261845859374999 0.0949115015625 0.609911621875 0.1166535578125 0.6083775218749999 0.1248243984375 0.5910418843749999
2 0.18434633125 0.9382569421875001 0.1735998046875 0.9288368984375 0.1599108578125 0.9303292437499999 0.1613956265625 0.939086628125 0.145053946875 0.973757903125 0.178737621875 0.9681346843749999 0.18434633125 0.9382569421875001
2 1 0.669765384375 0.9847242171874999 0.6865525 0.9922657718749999 0.7130455390625 1 0.7139967140625 1 0.669765384375
2 0.7874339421875 0.8398984031250001 0.7737450031249999 0.8413907484375001 0.7435830984375 0.880634671875 0.7427954156250001 0.8991165000000001 0.7512559359375001 0.9040474062499999 0.780774990625 0.8944185812500001 0.7934001265624999 0.9033550953124999 0.8306961812500001 0.88563154375 0.8548555312499999 0.8855062734375 0.8611477609374999 0.868654165625 0.8320089859375001 0.8548285 0.8585856312500001 0.8561120609374999 0.8620667234375 0.8470920328125 0.89720805 0.8217990421874999 0.906297853125 0.7829012734374999 0.9317971265624999 0.7804001140625 0.9355407859374999 0.7652194796875 0.9242420156250001 0.7396935 0.8861311593750001 0.747471721875 0.8795628109375 0.7562708609375 0.883740990625 0.7744900453125 0.8438963640624999 0.7938850703125 0.8644569000000001 0.820073709375 0.840021425 0.8121460125000001 0.8158756328125 0.8264848578124999 0.81092333125 0.8409610796875 0.8283830515625 0.8527152546875 0.82395586875 0.8548702562500001 0.7874339421875 0.8398984031250001
2 0.4042840734375 0.747601228125 0.3730312453125 0.7688468546875 0.4265783703125 0.762173065625 0.4276421765625 0.7517442078125 0.41743432968749994 0.744216525 0.4042840734375 0.747601228125
2 0.53265874375 0.67089256875 0.5348134734375 0.678462009375 0.5591041046874999 0.6752564359375001 0.56338644375 0.6619681609375 0.5429843109375 0.661126371875 0.53265874375 0.67089256875
2 0.6557778765625 0.5721800125 0.6398029234375 0.56918321875 0.6096274625 0.5942135656249999 0.6340629343749999 0.6021412671874999 0.642799571875 0.6151251421875 0.6516539359375 0.6108151359375 0.6591819296875 0.623094596875 0.678230575 0.612098696875 0.6766009671875 0.592208040625 0.6600873328125 0.587318890625 0.6557778765625 0.5721800125
2 0.7495499062500001 0.5226567046875 0.740419425 0.5189137406250001 0.7311712234375001 0.532464659375 0.7319860265625 0.5424099859375 0.744479884375 0.55442680625 0.7539906484375 0.5347152796875 0.7495499062500001 0.5226567046875
2 0.82519225625 0.46256716718749996 0.8109781937499999 0.476380728125 0.79353203125 0.47884012968749995 0.7885797296875 0.4933163515625 0.8017435468749999 0.504145221875 0.7955825984375 0.5179170281250001 0.8367942703125 0.52457326875 0.835834625 0.5034946671875 0.8430729390625 0.49350758125 0.8360836265625 0.48312047968750005 0.84237585625 0.46626837187500003 0.82519225625 0.46256716718749996
2 0.853489109375 0.43802034531249995 0.908652284375 0.437023634375 0.9158905953125 0.42703654999999996 0.9604385203125 0.4135394921875 0.96525954375 0.4021435765625 0.9384067796875 0.392807046875 0.9142609890625 0.40714589375 0.8699620687499999 0.400268765625 0.853489109375 0.43802034531249995
2 0.9850551984375 0.3300251171875 0.9702888937499999 0.327732740625 0.9606468484375 0.35052457187499997 0.9433455265624999 0.36411725 0.9740867874999999 0.3694064140625 0.99475148125 0.3640875953125 0.9850551984375 0.3300251171875
2 0.8001959203125001 0.148101371875 0.8093128421875001 0.13763075625 0.8476998234374999 0.137905503125 0.8483562250000001 0.1225039796875 0.8608229609375 0.10609364375000001 0.8994589390625001 0.085994203125 0.9079059 0.076711534375 0.9045425281249999 0.068437678125 0.8928634703125 0.06636618749999999 0.8884227328125001 0.054307614062499995 0.8680206015625 0.053465825 0.84417804375 0.104284796875 0.8095618484375 0.1172565703125 0.7934691734375 0.1315536609375 0.76555260625 0.1326459890625 0.7211901953125001 0.1999170515625 0.73367049375 0.19772029375 0.742511296875 0.1791967109375 0.7655797234375 0.16107314374999998 0.8001959203125001 0.148101371875
2 0.702023825 0.22820683593750002 0.702286390625 0.2220462265625 0.6931559078125 0.2183032625 0.62874453125 0.23285089218750002 0.6064773453125001 0.2467062125 0.602602409375 0.264967153125 0.6132040984375 0.2632539203125 0.634158475 0.2802016484375 0.6553618484375 0.2767751875 0.664610053125 0.26322426718749997 0.6495676265625 0.252878925 0.6470054953125 0.24033681875 0.6759858703125 0.228815634375 0.702023825 0.22820683593750002
2 0.5615898171875 0.3262984921875 0.5676330453125 0.3298205703125 0.5990307078125 0.319708215625 0.6000945140625 0.30927935781250004 0.5676194875 0.3156069921875 0.5615898171875 0.3262984921875
2 0.46056590937499997 0.371595309375 0.4122472078125 0.3718458484375 0.4038138078125 0.39534209374999996 0.432400340625 0.393061821875 0.4364201171875 0.38593415625 0.4603033515625 0.3777559171875 0.46056590937499997 0.371595309375
2 0.4038138078125 0.39534209374999996 0.432400340625 0.393061821875 0.4603033515625 0.3777559171875 0.46056590937499997 0.371595309375 0.4122472078125 0.3718458484375 0.4038138078125 0.39534209374999996
2 0.3942894875 0.40084004531249995 0.3722848640625 0.4085347546875 0.3440921734375 0.4015741140625 0.33485753125 0.4293386078125 0.3578082375 0.42850892500000004 0.3894684640625 0.4122359609375 0.3942894875 0.40084004531249995
2 0.2499398609375 0.47455191093750004 0.28294000937499997 0.4559030578125 0.28534374375 0.4430983125 0.266018975 0.44604124375 0.2520539109375 0.43948061875000005 0.234752590625 0.45307329531249996 0.24737772812499997 0.4620098078125 0.2499398609375 0.47455191093750004
2 0.2706316703125 0.49766024687500005 0.2445937140625 0.49826904375 0.22970968281249998 0.5132705484375 0.2486406078125 0.5195685343750001 0.26796537656249997 0.5166256031249999 0.27453373124999997 0.5078264625 0.2706316703125 0.49766024687500005
2 0.73210375 0.5251161062499999 0.721895903125 0.517588421875 0.71250285625 0.52000606875 0.69869619375 0.5387922921875 0.725155115625 0.5573697375 0.732932109375 0.5492750109375 0.74769841875 0.5515673875 0.7539906484375 0.5347152796875 0.7500885890625 0.5245490625 0.7422980359375 0.5184302109375001 0.73210375 0.5251161062499999
2 0.26402326875000004 0.042383992187500004 0.2577445984375 0.07344968125 0.2772142046875 0.081640021875 0.2981279015625 0.055947015625 0.28334803750000004 0.0394410609375 0.26402326875000004 0.042383992187500004
2 0.3472342921875 0.0372146484375 0.3660203796875 0.032379357812499995 0.388826240625 0.0204164 0.389890046875 0.0099875421875 0.332861825 0.0256813625 0.3472342921875 0.0372146484375
2 0.2023453578125 0.53046881875 0.2242187 0.5258544109375001 0.23400558437500002 0.514195853125 0.2311808921875 0.50781435625 0.2008470296875 0.50749785625 0.2023453578125 0.53046881875