2 0 0.5986328140625 0.018554685937500003 0.609375 0.029296875 0.6083984359375 0.025390625 0.5810546859375 0.033203125 0.5654296859375 0.0029296859375 0.56640625 0 0.5986328140625
2 0.08203125 0.7861328140625 0.083984375 0.8271484359375 0.099609375 0.8271484359375 0.12109375 0.7958984359375 0.123046875 0.7783203140625 0.11816406406249999 0.7734375 0.08203125 0.7861328140625
2 0.06542968593750001 0.638671875 0.05859375 0.6435546859375 0.05859375 0.6884765640625 0.044921875 0.7177734359375 0.047851564062500004 0.724609375 0.05859375 0.7236328140625 0.087890625 0.7119140640625 0.080078125 0.6962890640625 0.083984375 0.6708984359375 0.06542968593750001 0.638671875
2 0.15625 0.8447265640625 0.1416015640625 0.8359375 0.12890625 0.8447265640625 0.119140625 0.8740234359375 0.107421875 0.8876953140625 0.125 0.9072265640625 0.125 0.9150390640625 0.11328125 0.9248046859375 0.125 0.9384765640625 0.12109375 0.9599609359375 0.1298828140625 0.96875 0.138671875 0.9677734359375 0.1484375 0.9560546859375 0.158203125 0.9189453140625 0.146484375 0.8798828140625 0.15625 0.8447265640625
2 0.1611328140625 0.98046875 0.154296875 0.9970703140625 0.2109375 0.9990234359375 0.2041015640625 0.984375 0.1826171859375 0.97265625 0.1708984359375 0.984375 0.1611328140625 0.98046875
2 0.451171875 0.6083984359375 0.4423828140625 0.60546875 0.43359375 0.6376953140625 0.4375 0.6650390640625 0.4306640640625 0.669921875 0.4150390640625 0.6640625 0.412109375 0.6767578140625 0.4267578140625 0.712890625 0.455078125 0.7158203140625 0.4609375 0.7001953140625 0.451171875 0.6923828140625 0.453125 0.6240234359375 0.451171875 0.6083984359375
2 0.34375 0.4423828140625 0.361328125 0.4306640640625 0.3583984359375 0.416015625 0.3330078140625 0.404296875 0.322265625 0.4072265640625 0.3203125 0.4208984359375 0.326171875 0.4287109359375 0.302734375 0.4541015640625 0.314453125 0.4658203140625 0.3271484359375 0.453125 0.3369140640625 0.4609375 0.345703125 0.4580078140625 0.34375 0.4423828140625
2 0.2958984359375 0.283203125 0.2763671859375 0.283203125 0.2734375 0.2919921859375 0.2958984359375 0.31640625 0.30859375 0.3154296859375 0.31640625 0.3115234359375 0.3203125 0.2919921859375 0.3017578140625 0.265625 0.2958984359375 0.283203125
2 0.2822265640625 0.22265625 0.2734375 0.2353515640625 0.2822265640625 0.25390625 0.296875 0.2529296859375 0.30859375 0.2451171859375 0.310546875 0.2177734359375 0.3037109359375 0.21484375 0.2822265640625 0.22265625
2 0.48828125 0.8271484359375 0.478515625 0.8662109359375 0.490234375 0.8720703140625 0.498046875 0.8564453140625 0.517578125 0.8447265640625 0.5166015640625 0.826171875 0.48828125 0.8271484359375
2 0.5341796859375 0.921875 0.5234375 0.9384765640625 0.529296875 0.9599609359375 0.5234375 0.9736328140625 0.546875 0.9814453140625 0.55859375 0.9619140640625 0.560546875 0.9423828140625 0.5458984359375 0.9375 0.5341796859375 0.921875
2 0.8603515640625 0.6875 0.8408203140625 0.673828125 0.8359375 0.6806640640625 0.84375 0.7236328140625 0.8681640640625 0.751953125 0.876953125 0.7509765640625 0.89453125 0.7197265640625 0.888671875 0.6826171859375 0.8701171859375 0.677734375 0.8603515640625 0.6875
2 0.7978515640625 0.51953125 0.79296875 0.5380859359375 0.81640625 0.5576171859375 0.8232421859375 0.548828125 0.8408203140625 0.548828125 0.84765625 0.5322265640625 0.7978515640625 0.51953125
2 0.740234375 0.3740234359375 0.751953125 0.3798828140625 0.759765625 0.3759765640625 0.763671875 0.3623046859375 0.7392578140625 0.3515625 0.740234375 0.3740234359375
2 0.66796875 0.2119140640625 0.6748046859375 0.220703125 0.693359375 0.2197265640625 0.708984375 0.2041015640625 0.6904296859375 0.185546875 0.66796875 0.2041015640625 0.66796875 0.2119140640625
2 0.595703125 0.0615234359375 0.607421875 0.06542968593750001 0.623046875 0.049804685937499996 0.623046875 0.040039064062500004 0.6005859359375 0.025390625 0.595703125 0.0615234359375
2 0.224609375 0.016601564062499997 0.2255859359375 0 0.201171875 0.0009765640625 0.2138671859375 0.015625 0.224609375 0.016601564062499997