0 0.5146484359375 0.876953125 0.541015625 0.8427734359375 0.5625 0.7958984359375 0.55859375 0.7685546859375 0.5302734359375 0.728515625 0.5068359359375 0.73828125 0.4912109359375 0.732421875 0.486328125 0.7373046859375 0.48828125 0.7626953140625 0.4794921859375 0.7734375 0.4580078140625 0.775390625 0.4462890640625 0.787109375 0.4169921859375 0.78515625 0.408203125 0.8056640640625 0.4169921859375 0.8203125 0.4345703140625 0.82421875 0.4443359359375 0.80859375 0.46484375 0.7998046859375 0.47265625 0.8193359359375 0.466796875 0.8486328140625 0.4765625 0.8798828140625 0.453125 0.8916015640625 0.4697265640625 0.919921875 0.498046875 0.9248046859375 0.5 0.9052734359375 0.517578125 0.8994140640625 0.50390625 0.8759765640625 0.5146484359375 0.876953125
2 0.07421875 0.8876953140625 0.08105468593750001 0.8984375 0.10058593593750001 0.8984375 0.11230468593750001 0.9140625 0.12109375 0.9150390640625 0.126953125 0.9091796859375 0.126953125 0.8916015640625 0.10253906406249999 0.869140625 0.07421875 0.8876953140625
2 0.400390625 0.6474609359375 0.4140625 0.6611328140625 0.41796875 0.6923828140625 0.42578125 0.7001953140625 0.44140625 0.6787109359375 0.4150390640625 0.611328125 0.400390625 0.6318359359375 0.400390625 0.6474609359375
2 0.3271484359375 0.4609375 0.330078125 0.4912109359375 0.345703125 0.5009765640625 0.3623046859375 0.53515625 0.376953125 0.5361328140625 0.380859375 0.5205078140625 0.365234375 0.5009765640625 0.361328125 0.4755859359375 0.3271484359375 0.4609375
2 0.255859375 0.3349609359375 0.267578125 0.3408203140625 0.27734375 0.3173828140625 0.275390625 0.3056640640625 0.2626953140625 0.298828125 0.255859375 0.3349609359375
2 0.208984375 0.11425781406249999 0.212890625 0.1416015640625 0.2001953140625 0.14453125 0.1953125 0.1533203140625 0.197265625 0.1767578140625 0.21875 0.1767578140625 0.22265625 0.1435546859375 0.232421875 0.1337890640625 0.2216796859375 0.10546875 0.208984375 0.11425781406249999
2 0.7158203140625 0.404296875 0.705078125 0.3916015640625 0.7109375 0.3720703140625 0.7060546859375 0.357421875 0.6904296859375 0.376953125 0.6767578140625 0.361328125 0.6796875 0.4072265640625 0.703125 0.4326171859375 0.701171875 0.4521484359375 0.71484375 0.4560546859375 0.732421875 0.4384765640625 0.7265625 0.4287109359375 0.73046875 0.4052734359375 0.7158203140625 0.404296875
2 0.640625 0.2255859359375 0.640625 0.1943359359375 0.6337890640625 0.193359375 0.626953125 0.2216796859375 0.640625 0.2255859359375
2 0.609375 0.0576171859375 0.6044921859375 0.052734375 0.5908203140625 0.0546875 0.583984375 0.06542968593750001 0.576171875 0.09082031406249999 0.576171875 0.10253906406249999 0.58203125 0.10449218593750001 0.5888671859375 0.091796875 0.599609375 0.09082031406249999 0.607421875 0.07519531406249999 0.609375 0.0576171859375
2 0.96484375 0.10058593593750001 0.966796875 0.11621093593750001 0.98046875 0.12402343593750001 0.994140625 0.11621093593750001 0.9921875 0.09082031406249999 0.9833984359375 0.078125 0.96484375 0.10058593593750001
2 0.9638671859375 0 0.947265625 0.0146484359375 0.94921875 0.036132814062500004 0.93359375 0.06933593593750001 0.935546875 0.08496093593750001 0.947265625 0.08691406406249999 0.958984375 0.07519531406249999 0.978515625 0.0283203140625 0.96875 0.022460935937500003 0.9638671859375 0
2 0.849609375 0.9443359359375 0.8642578140625 0.958984375 0.87109375 0.9580078140625 0.888671875 0.9248046859375 0.8818359359375 0.912109375 0.84765625 0.9306640640625 0.849609375 0.9443359359375
2 0.79296875 0.7275390640625 0.80078125 0.7333984359375 0.8125 0.7197265640625 0.8095703140625 0.701171875 0.79296875 0.7041015640625 0.79296875 0.7275390640625