2 0.18359375 0.2744140640625 0.18359375 0.2529296859375 0.1767578140625 0.251953125 0.177734375 0.2705078140625 0.18359375 0.2744140640625
2 0.220703125 0.5107421859375 0.23046875 0.5126953140625 0.234375 0.4912109359375 0.2275390640625 0.486328125 0.220703125 0.4951171859375 0.220703125 0.5107421859375
2 0.265625 0.5537109359375 0.26171875 0.5654296859375 0.26171875 0.5888671859375 0.2734375 0.5927734359375 0.283203125 0.5810546859375 0.283203125 0.5556640640625 0.2763671859375 0.546875 0.265625 0.5537109359375
2 0.4951171859375 0.9765625 0.490234375 0.9833984359375 0.4951171859375 1 0.552734375 0.9990234359375 0.5380859359375 0.970703125 0.5166015640625 0.974609375 0.5087890640625 0.982421875 0.4951171859375 0.9765625
2 0.21875 0.3818359359375 0.216796875 0.4052734359375 0.203125 0.4189453140625 0.203125 0.4384765640625 0.22265625 0.4423828140625 0.232421875 0.4326171859375 0.240234375 0.4033203140625 0.2294921859375 0.375 0.21875 0.3818359359375
2 0.423828125 0.8486328140625 0.4169921859375 0.845703125 0.40234375 0.8818359359375 0.41796875 0.9072265640625 0.423828125 0.9345703140625 0.431640625 0.9365234359375 0.439453125 0.9248046859375 0.435546875 0.8857421859375 0.42578125 0.8701171859375 0.423828125 0.8486328140625
2 0.330078125 0.7138671859375 0.333984375 0.7353515640625 0.3515625 0.7451171859375 0.3642578140625 0.775390625 0.376953125 0.7763671859375 0.38671875 0.7626953140625 0.361328125 0.7197265640625 0.3349609359375 0.708984375 0.330078125 0.7138671859375
2 0.08203125 0.11425781406249999 0.103515625 0.1435546859375 0.109375 0.1748046859375 0.123046875 0.1865234359375 0.1328125 0.1708984359375 0.126953125 0.1279296859375 0.08300781406249999 0.09765625 0.08203125 0.11425781406249999
2 0.57421875 0.2666015640625 0.57421875 0.2587890640625 0.5615234359375 0.25 0.55859375 0.2626953140625 0.57421875 0.2666015640625
2 0.71875 0.7705078140625 0.732421875 0.7568359359375 0.7197265640625 0.748046875 0.712890625 0.7529296859375 0.71875 0.7705078140625
2 0.583984375 0.3310546859375 0.576171875 0.3525390640625 0.5791015640625 0.361328125 0.595703125 0.3603515640625 0.607421875 0.3427734359375 0.607421875 0.3291015640625 0.5966796859375 0.32421875 0.583984375 0.3310546859375
2 0.6318359359375 0.453125 0.625 0.4619140640625 0.630859375 0.5029296859375 0.6357421859375 0.513671875 0.650390625 0.5166015640625 0.65625 0.5068359359375 0.642578125 0.4833984359375 0.640625 0.4599609359375 0.6318359359375 0.453125
2 0.4853515640625 0 0.482421875 0.0068359359375 0.482421875 0.0615234359375 0.494140625 0.07324218593750001 0.501953125 0.036132814062500004 0.51171875 0.0283203140625 0.5107421859375 0 0.4853515640625 0
2 0.7080078140625 0.625 0.6767578140625 0.623046875 0.67578125 0.6455078140625 0.697265625 0.6884765640625 0.697265625 0.7001953140625 0.7041015640625 0.708984375 0.71484375 0.7080078140625 0.728515625 0.6904296859375 0.728515625 0.6591796859375 0.712890625 0.6513671859375 0.7080078140625 0.625
2 0.95703125 0.3603515640625 0.9609375 0.3720703140625 0.97265625 0.3798828140625 0.986328125 0.3701171859375 0.9794921859375 0.34375 0.9619140640625 0.349609375 0.95703125 0.3603515640625
2 0.939453125 0.2880859359375 0.9296875 0.3330078140625 0.931640625 0.3447265640625 0.943359375 0.3466796859375 0.955078125 0.3369140640625 0.96875 0.2998046859375 0.9521484359375 0.263671875 0.939453125 0.2880859359375
2 0.89453125 0.08691406406249999 0.8955078140625 0.099609375 0.91015625 0.10058593593750001 0.92578125 0.09082031406249999 0.9208984359375 0.078125 0.9013671859375 0.080078125 0.89453125 0.08691406406249999
2 0.943359375 0.2177734359375 0.953125 0.2021484359375 0.9345703140625 0.197265625 0.931640625 0.2138671859375 0.943359375 0.2177734359375