2 0.0009765640625 0 0 0.032226564062500004 0.0078125 0.032226564062500004 0.017578125 0.0146484359375 0.008789064062500001 0 0.0009765640625 0
2 0.10546875 0.3935546859375 0.111328125 0.4052734359375 0.109375 0.4306640640625 0.119140625 0.4306640640625 0.1328125 0.4228515640625 0.13671875 0.4072265640625 0.11035156406249999 0.388671875 0.10546875 0.3935546859375
2 0.2373046859375 0.8125 0.23046875 0.8486328140625 0.2431640640625 0.865234375 0.251953125 0.8662109359375 0.265625 0.8603515640625 0.279296875 0.8349609359375 0.2548828140625 0.830078125 0.2373046859375 0.8125
2 0.779296875 0.06933593593750001 0.783203125 0.032226564062500004 0.7763671859375 0.025390625 0.755859375 0.036132814062500004 0.767578125 0.06347656406249999 0.7734375 0.10644531406249999 0.7939453140625 0.10546875 0.80078125 0.09667968593750001 0.798828125 0.07910156406249999 0.779296875 0.06933593593750001
2 1 0.7197265640625 0.9873046859375 0.71484375 0.9755859359375 0.69921875 0.96484375 0.7041015640625 0.9375 0.7412109359375 0.935546875 0.7587890640625 0.953125 0.7626953140625 0.9677734359375 0.759765625 0.9716796859375 0.75 1 0.7294921859375 1 0.7197265640625
2 0.8671875 0.4267578140625 0.84375 0.4345703140625 0.8564453140625 0.458984375 0.87890625 0.4677734359375 0.904296875 0.4521484359375 0.8857421859375 0.37890625 0.876953125 0.3837890640625 0.8671875 0.4267578140625
2 0.9345703140625 0.51171875 0.923828125 0.5322265640625 0.900390625 0.5498046859375 0.892578125 0.5654296859375 0.8994140640625 0.580078125 0.92578125 0.5830078140625 0.9453125 0.5751953140625 0.955078125 0.5498046859375 0.953125 0.5322265640625 0.9345703140625 0.51171875
2 0.5546875 0.4404296859375 0.5576171859375 0.3984375 0.548828125 0.4013671859375 0.5380859359375 0.419921875 0.5185546859375 0.427734375 0.5048828140625 0.41796875 0.5 0.4306640640625 0.513671875 0.4697265640625 0.529296875 0.4794921859375 0.5400390640625 0.50390625 0.552734375 0.5048828140625 0.55859375 0.4990234359375 0.552734375 0.4736328140625 0.560546875 0.4580078140625 0.5546875 0.4404296859375
2 0.267578125 0.6845703140625 0.2587890640625 0.654296875 0.248046875 0.6591796859375 0.2392578140625 0.6796875 0.2265625 0.6845703140625 0.228515625 0.7060546859375 0.244140625 0.7255859359375 0.244140625 0.7490234359375 0.2783203140625 0.744140625 0.2890625 0.7216796859375 0.283203125 0.6923828140625 0.267578125 0.6845703140625
2 0.125 0.2646484359375 0.11816406406249999 0.259765625 0.099609375 0.2666015640625 0.09277343593750001 0.29296875 0.08496093593750001 0.29296875 0.080078125 0.2763671859375 0.07324218593750001 0.2734375 0.068359375 0.2998046859375 0.05078125 0.3076171859375 0.0625 0.3349609359375 0.0546875 0.3525390640625 0.08105468593750001 0.353515625 0.091796875 0.3623046859375 0.111328125 0.3447265640625 0.11328125 0.3095703140625 0.125 0.2802734359375 0.125 0.2646484359375
2 0.2939453140625 0.8671875 0.26953125 0.8876953140625 0.267578125 0.9091796859375 0.2880859359375 0.916015625 0.310546875 0.9521484359375 0.3125 0.9775390640625 0.3017578140625 0.98046875 0.2919921859375 0.97265625 0.29296875 0.9892578140625 0.3017578140625 1 0.333984375 0.9990234359375 0.333984375 0.9697265640625 0.31640625 0.9169921859375 0.330078125 0.8740234359375 0.2939453140625 0.8671875
2 0.6943359359375 0.837890625 0.6806640640625 0.845703125 0.6689453140625 0.830078125 0.6435546859375 0.826171875 0.626953125 0.8525390640625 0.640625 0.8642578140625 0.64453125 0.8916015640625 0.673828125 0.9267578140625 0.701171875 0.9052734359375 0.69140625 0.8935546859375 0.701171875 0.8466796859375 0.6943359359375 0.837890625
2 0.552734375 0.3291015640625 0.55078125 0.3173828140625 0.53515625 0.3017578140625 0.533203125 0.2822265640625 0.51953125 0.2763671859375 0.5068359359375 0.25390625 0.498046875 0.2626953140625 0.498046875 0.2861328140625 0.486328125 0.2998046859375 0.484375 0.3232421859375 0.47265625 0.3388671859375 0.4765625 0.3525390640625 0.494140625 0.3603515640625 0.5205078140625 0.34375 0.5302734359375 0.3515625 0.5439453140625 0.349609375 0.552734375 0.3291015640625
2 0.62109375 0.6533203140625 0.623046875 0.6279296859375 0.6083984359375 0.6171875 0.5810546859375 0.623046875 0.55859375 0.6513671859375 0.5654296859375 0.671875 0.59375 0.6845703140625 0.580078125 0.7158203140625 0.595703125 0.7275390640625 0.6064453140625 0.71875 0.6220703140625 0.720703125 0.634765625 0.6923828140625 0.62109375 0.6533203140625
2 0.11035156406249999 0.1953125 0.08105468593750001 0.197265625 0.06640625 0.1865234359375 0.0546875 0.1708984359375 0.06640625 0.11816406406249999 0.0595703140625 0.109375 0.041992185937499996 0.109375 0.024414064062499997 0.091796875 0.00390625 0.1416015640625 0 0.1689453140625 0.010742185937499999 0.1875 0.0302734359375 0.181640625 0.043945314062500004 0.185546875 0.05859375 0.2216796859375 0.099609375 0.2568359359375 0.1015625 0.2333984359375 0.11328125 0.2216796859375 0.1171875 0.2041015640625 0.11035156406249999 0.1953125
2 0.236328125 0.5634765640625 0.2197265640625 0.5703125 0.201171875 0.5673828140625 0.193359375 0.5205078140625 0.203125 0.4990234359375 0.205078125 0.4716796859375 0.1806640640625 0.466796875 0.169921875 0.4404296859375 0.1611328140625 0.435546875 0.134765625 0.4736328140625 0.134765625 0.5009765640625 0.150390625 0.5244140640625 0.16015625 0.5908203140625 0.185546875 0.6142578140625 0.1943359359375 0.603515625 0.2197265640625 0.6015625 0.234375 0.5830078140625 0.236328125 0.5634765640625
2 0.5 0.1552734359375 0.4931640640625 0.142578125 0.4736328140625 0.154296875 0.4619140640625 0.146484375 0.451171875 0.1494140640625 0.451171875 0.12011718593750001 0.44140625 0.09667968593750001 0.4453125 0.06933593593750001 0.4296875 0.0556640640625 0.421875 0.0302734359375 0.4111328140625 0.02734375 0.40234375 0.047851564062500004 0.3828125 0.0556640640625 0.396484375 0.1474609359375 0.416015625 0.1943359359375 0.42578125 0.2021484359375 0.4296875 0.2255859359375 0.470703125 0.2490234359375 0.474609375 0.2314453140625 0.49609375 0.2158203140625 0.505859375 0.1904296859375 0.5 0.1552734359375