2 0.0390625 0.1494140640625 0.020507814062499997 0.126953125 0.010742185937499999 0.12890625 0.0009765640625 0.1171875 0 0.1962890640625 0.016601564062499997 0.212890625 0.025390625 0.2119140640625 0.041992185937499996 0.19921875 0.045898435937499996 0.208984375 0.0546875 0.1923828140625 0.0390625 0.1494140640625
2 0 0.3349609359375 0.0078125 0.3427734359375 0.00390625 0.3681640640625 0.038085935937499996 0.40234375 0.046875 0.4013671859375 0.0615234359375 0.39453125 0.087890625 0.3955078140625 0.103515625 0.3427734359375 0.09375 0.3330078140625 0.091796875 0.3154296859375 0.07421875 0.3056640640625 0.06738281406249999 0.2890625 0.047851564062500004 0.294921875 0.0302734359375 0.2734375 0.020507814062499997 0.2734375 0.021484375 0.3212890640625 0 0.3173828140625 0 0.3349609359375
2 0.2177734359375 0.646484375 0.197265625 0.6611328140625 0.201171875 0.7060546859375 0.2060546859375 0.71484375 0.212890625 0.7138671859375 0.224609375 0.7021484359375 0.228515625 0.6767578140625 0.228515625 0.6552734359375 0.2177734359375 0.646484375
2 0.28125 0.8603515640625 0.251953125 0.8857421859375 0.2705078140625 0.884765625 0.2822265640625 0.873046875 0.298828125 0.8896484359375 0.296875 0.9189453140625 0.310546875 0.9326171859375 0.328125 0.8916015640625 0.306640625 0.8759765640625 0.2880859359375 0.84375 0.28125 0.8603515640625
2 0.2734375 0.7783203140625 0.26171875 0.7451171859375 0.2470703140625 0.732421875 0.224609375 0.7685546859375 0.234375 0.7783203140625 0.232421875 0.8115234359375 0.2470703140625 0.814453125 0.25390625 0.8330078140625 0.26171875 0.8349609359375 0.2763671859375 0.818359375 0.2890625 0.8232421859375 0.29296875 0.7978515640625 0.2734375 0.7783203140625
2 0.177734375 0.5244140640625 0.15625 0.4853515640625 0.1259765640625 0.4609375 0.12109375 0.4658203140625 0.123046875 0.4873046859375 0.115234375 0.4990234359375 0.125 0.5107421859375 0.125 0.5283203140625 0.1484375 0.5830078140625 0.14453125 0.6044921859375 0.1552734359375 0.611328125 0.1708984359375 0.6015625 0.1875 0.6181640640625 0.205078125 0.5947265640625 0.203125 0.5810546859375 0.181640625 0.5576171859375 0.177734375 0.5244140640625
2 0.0263671859375 0.908203125 0.03515625 0.9072265640625 0.044921875 0.8818359359375 0.0302734359375 0.869140625 0.013671875 0.8955078140625 0.0263671859375 0.908203125
2 0.4375 0.3193359359375 0.423828125 0.3017578140625 0.4189453140625 0.28125 0.3876953140625 0.314453125 0.3759765640625 0.3125 0.361328125 0.3212890640625 0.365234375 0.3349609359375 0.3828125 0.3486328140625 0.37890625 0.3701171859375 0.396484375 0.3740234359375 0.4150390640625 0.349609375 0.4345703140625 0.353515625 0.4375 0.3486328140625 0.4375 0.3193359359375
2 0.39453125 0.2177734359375 0.3984375 0.1748046859375 0.369140625 0.1474609359375 0.365234375 0.12207031406249999 0.341796875 0.08105468593750001 0.337890625 0.047851564062500004 0.3291015640625 0.041015625 0.3173828140625 0.0546875 0.298828125 0.0576171859375 0.30859375 0.08496093593750001 0.298828125 0.10058593593750001 0.318359375 0.11816406406249999 0.326171875 0.1435546859375 0.3056640640625 0.1484375 0.294921875 0.1611328140625 0.296875 0.1845703140625 0.2890625 0.2080078140625 0.30078125 0.2138671859375 0.3076171859375 0.234375 0.3193359359375 0.234375 0.3291015640625 0.22265625 0.3388671859375 0.234375 0.361328125 0.2294921859375 0.353515625 0.2451171859375 0.353515625 0.2705078140625 0.341796875 0.2841796859375 0.341796875 0.2958984359375 0.359375 0.3056640640625 0.3798828140625 0.29296875 0.396484375 0.2685546859375 0.388671875 0.2216796859375 0.39453125 0.2177734359375
2 0.5830078140625 0.732421875 0.5654296859375 0.734375 0.548828125 0.7548828140625 0.56640625 0.7626953140625 0.5712890640625 0.75390625 0.5791015640625 0.7578125 0.583984375 0.7529296859375 0.5830078140625 0.732421875
2 0.626953125 0.7939453140625 0.607421875 0.7880859359375 0.6025390640625 0.765625 0.583984375 0.7783203140625 0.5859375 0.8056640640625 0.57421875 0.8154296859375 0.57421875 0.8271484359375 0.56640625 0.8349609359375 0.572265625 0.8447265640625 0.599609375 0.8310546859375 0.6005859359375 0.8125 0.623046875 0.8115234359375 0.626953125 0.7939453140625
2 0.5615234359375 0.65234375 0.5537109359375 0.63671875 0.53125 0.6240234359375 0.537109375 0.6005859359375 0.5234375 0.6005859359375 0.521484375 0.5849609359375 0.51171875 0.5771484359375 0.513671875 0.5537109359375 0.4873046859375 0.541015625 0.47265625 0.5595703140625 0.47265625 0.5712890640625 0.482421875 0.5830078140625 0.48046875 0.6083984359375 0.4853515640625 0.611328125 0.5009765640625 0.6015625 0.51171875 0.6240234359375 0.4921875 0.6396484359375 0.513671875 0.6611328140625 0.515625 0.6923828140625 0.5439453140625 0.703125 0.5615234359375 0.68359375 0.56640625 0.7001953140625 0.578125 0.7080078140625 0.583984375 0.6650390640625 0.576171875 0.6435546859375 0.5693359359375 0.640625 0.5615234359375 0.65234375
2 0.7734375 0.2607421859375 0.767578125 0.2080078140625 0.7890625 0.1787109359375 0.7744140640625 0.1796875 0.7666015640625 0.169921875 0.7509765640625 0.19140625 0.7412109359375 0.17578125 0.7216796859375 0.171875 0.712890625 0.1630859359375 0.728515625 0.1376953140625 0.728515625 0.12207031406249999 0.71875 0.11230468593750001 0.720703125 0.10058593593750001 0.7021484359375 0.111328125 0.67578125 0.08496093593750001 0.6640625 0.06738281406249999 0.6640625 0.0302734359375 0.6572265640625 0.025390625 0.638671875 0.034179685937499996 0.626953125 0.06347656406249999 0.626953125 0.10839843593750001 0.6396484359375 0.126953125 0.66015625 0.1259765640625 0.6640625 0.1748046859375 0.67578125 0.1845703140625 0.67578125 0.2041015640625 0.703125 0.2275390640625 0.71484375 0.2490234359375 0.708984375 0.2783203140625 0.74609375 0.3095703140625 0.755859375 0.2978515640625 0.748046875 0.2666015640625 0.7666015640625 0.267578125 0.7734375 0.2607421859375
2 0.7880859359375 0.39453125 0.78125 0.3955078140625 0.78515625 0.4267578140625 0.7880859359375 0.39453125
2 0.76171875 0.5048828140625 0.763671875 0.4873046859375 0.7548828140625 0.48046875 0.75 0.4990234359375 0.76171875 0.5048828140625
2 0.76171875 0.4658203140625 0.76953125 0.4541015640625 0.7685546859375 0.431640625 0.75 0.4384765640625 0.76171875 0.4658203140625
2 0.802734375 0.4853515640625 0.818359375 0.4326171859375 0.7841796859375 0.4296875 0.77734375 0.4736328140625 0.802734375 0.4853515640625
2 0.8564453140625 0.7109375 0.837890625 0.7294921859375 0.84375 0.7529296859375 0.8515625 0.7548828140625 0.875 0.7314453140625 0.87890625 0.7197265640625 0.8740234359375 0.71484375 0.8564453140625 0.7109375
2 0.8125 0.5869140640625 0.828125 0.5771484359375 0.8173828140625 0.5390625 0.796875 0.5576171859375 0.802734375 0.5771484359375 0.7890625 0.5791015640625 0.796875 0.6337890640625 0.80859375 0.6455078140625 0.814453125 0.6123046859375 0.806640625 0.6025390640625 0.81640625 0.5927734359375 0.8125 0.5869140640625
2 0.93359375 0.7587890640625 0.9150390640625 0.7734375 0.9052734359375 0.751953125 0.873046875 0.7666015640625 0.861328125 0.7998046859375 0.8681640640625 0.8125 0.8896484359375 0.80078125 0.89453125 0.8076171859375 0.892578125 0.8330078140625 0.90234375 0.8369140640625 0.9189453140625 0.810546875 0.9404296859375 0.814453125 0.9453125 0.8095703140625 0.93359375 0.7587890640625
2 0.8466796859375 0.669921875 0.8359375 0.6650390640625 0.841796875 0.6591796859375 0.8359375 0.6533203140625 0.857421875 0.6396484359375 0.8564453140625 0.630859375 0.8447265640625 0.6328125 0.83984375 0.6259765640625 0.8515625 0.5966796859375 0.87890625 0.5751953140625 0.8720703140625 0.52734375 0.8447265640625 0.5546875 0.8388671859375 0.55078125 0.833984375 0.5556640640625 0.8359375 0.5791015640625 0.8203125 0.5947265640625 0.8203125 0.6943359359375 0.82421875 0.6787109359375 0.8349609359375 0.671875 0.841796875 0.6748046859375 0.8359375 0.6904296859375 0.85546875 0.7041015640625 0.884765625 0.6826171859375 0.8798828140625 0.65625 0.8525390640625 0.658203125 0.8466796859375 0.669921875
2 0.90234375 0.9423828140625 0.92578125 0.9228515640625 0.9072265640625 0.908203125 0.8984375 0.9287109359375 0.90234375 0.9423828140625
2 0.921875 0.9990234359375 0.958984375 0.9990234359375 0.958984375 0.9677734359375 0.9501953140625 0.95703125 0.9296875 0.9775390640625 0.921875 0.9990234359375
2 0.6435546859375 0.935546875 0.625 0.9716796859375 0.6337890640625 1 0.65625 0.9990234359375 0.640625 0.9775390640625 0.654296875 0.9560546859375 0.650390625 0.9384765640625 0.6435546859375 0.935546875