2 0.1606343671875 0.785581084375 0.14390925000000002 0.7633657453125 0.14972465 0.7561811765625001 0.14481218125 0.7507942187500001 0.1311936671875 0.7591088859374999 0.07553252031249999 0.7561929515625 0.0785027296875 0.7633248140625 0.0990555296875 0.7723011093750001 0.0912865109375 0.7792807421875 0.0962103453125 0.7866175453124999 0.12156195 0.78148234375 0.1528767140625 0.7945105625 0.1606343671875 0.785581084375
2 0.01890819375 0.8123730921875 0.0454389328125 0.7851888734375 0.0277654140625 0.767745678125 0.017921770312499998 0.7699922984375001 0.01890819375 0.8123730921875
2 0.8686180140624999 0.9923577609375 0.8372009578125 0.961780934375 0.8254905984375001 0.9625011578124999 0.8187040718749999 0.970558184375 0.8432323109375 0.991643425 0.8666984921875001 0.9980023609374999 0.8686180140624999 0.9923577609375
2 1 0.9203573437499999 0.9560194937500001 0.9138368859374999 0.957081546875 0.92856319375 0.9434857624999999 0.9407775546874999 0.9542704562500001 0.9487291656249999 0.9737725671874999 0.9449289999999999 0.9972728468750001 0.9571374703125001 1 0.9300696437499999 1 0.9203573437499999
2 0.7131276796875 0.61067420625 0.694539865625 0.6038526937500001 0.6847831296875 0.604777853125 0.6634296859375 0.625921690625 0.6419284937499999 0.6217175390625 0.6370955859375 0.6299794984375 0.665531065625 0.651474615625 0.69291585625 0.6601932703125 0.6957383109374999 0.641977146875 0.714280659375 0.640999278125 0.7161774546874999 0.631454990625 0.7131276796875 0.61067420625
2 0.5134100484374999 0.6803359734375001 0.5085089468749999 0.6768988640625 0.51230253125 0.6578102859375 0.5034714546875 0.6500636078124999 0.4546650328125 0.65078971875 0.4498207578125 0.6571018328125 0.4616106796875 0.6700305281250001 0.4577829984375 0.6832695734375 0.480368978125 0.706099725 0.4920793375 0.7053795 0.498820403125 0.68952309375 0.5134441468750001 0.686185509375 0.5134100484374999 0.6803359734375001
2 0.4062564078125 0.7197604156249999 0.39052514843749997 0.7005723125000001 0.36708169687500003 0.6981130671875 0.36028380625 0.70422025 0.369205809375 0.727565684375 0.400486475 0.73474436875 0.4062564078125 0.7197604156249999
2 1 0.16190869218749998 0.9867292640624999 0.1531863859375 0.9780914078125 0.17858707812500002 0.964518353125 0.19470113125 0.977245303125 0.20090783281250002 0.9967360484375 0.1951578203125 1 0.192225509375 1 0.16190869218749998
2 0.6338058265625001 0.23308350625 0.6064551328125 0.2302143890625 0.5899005046875 0.2372467296875 0.604626540625 0.25145775000000004 0.657465228125 0.27258981250000003 0.6701353515624999 0.2690472921875 0.669096028125 0.25822067187500003 0.6504059234375 0.233850546875 0.65130885625 0.22127902187499998 0.6338058265625001 0.23308350625
2 0.4925263359375 0.2796457015625 0.5130905 0.2905718453125 0.536443025 0.2774323265625 0.5422243296875 0.26439822031250004 0.50317464375 0.2641991703125 0.4925263359375 0.2796457015625
2 0.0108457765625 0.37721450624999997 0.02158500625 0.3773667390625 0.029467684374999997 0.3898855578125 0.0392357921875 0.39091024375 0.049861365625 0.371564021875 0.06255421875 0.3719211890625 0.06447373906250001 0.3662765890625 0.031250821875 0.360842815625 0.011771440625 0.3685426734375 0.0108457765625 0.37721450624999997