2 0.029296875 0.4482421859375 0.037109375 0.4716796859375 0.046875 0.4755859359375 0.052734375 0.4599609359375 0.048828125 0.4423828140625 0.040039064062500004 0.4375 0.029296875 0.4482421859375
2 0 0.5380859359375 0.013671875 0.5478515640625 0.016601564062499997 0.568359375 0.033203125 0.5673828140625 0.056640625 0.5478515640625 0.05859375 0.5380859359375 0.044921875 0.5224609359375 0.044921875 0.4970703140625 0.020507814062499997 0.474609375 0.015625 0.4912109359375 0 0.5009765640625 0 0.5380859359375
2 0.083984375 0.6435546859375 0.0703125 0.6689453140625 0.07714843593750001 0.68359375 0.087890625 0.6826171859375 0.1015625 0.6630859359375 0.10546875 0.6455078140625 0.10058593593750001 0.6328125 0.083984375 0.6435546859375
2 0.2236328140625 0.87109375 0.2109375 0.8740234359375 0.189453125 0.9111328140625 0.205078125 0.9326171859375 0.20703125 0.9658203140625 0.212890625 0.9677734359375 0.224609375 0.9541015640625 0.234375 0.9091796859375 0.232421875 0.8798828140625 0.2236328140625 0.87109375
2 0.5478515640625 0.705078125 0.515625 0.7412109359375 0.51953125 0.7529296859375 0.541015625 0.7685546859375 0.54296875 0.7783203140625 0.55859375 0.7861328140625 0.56640625 0.7763671859375 0.55859375 0.7470703140625 0.5625 0.7177734359375 0.5478515640625 0.705078125
2 0.4248046859375 0.43359375 0.41796875 0.4384765640625 0.419921875 0.4599609359375 0.404296875 0.4697265640625 0.4072265640625 0.484375 0.423828125 0.4853515640625 0.439453125 0.4736328140625 0.4453125 0.4560546859375 0.4453125 0.4482421859375 0.4248046859375 0.43359375
2 0.330078125 0.1279296859375 0.328125 0.1513671859375 0.337890625 0.1630859359375 0.33984375 0.1787109359375 0.345703125 0.1787109359375 0.357421875 0.1494140640625 0.357421875 0.1318359359375 0.3408203140625 0.119140625 0.330078125 0.1279296859375
2 0.568359375 0.8935546859375 0.578125 0.8623046859375 0.5556640640625 0.83984375 0.5546875 0.8837890640625 0.568359375 0.8935546859375
2 1 0.7900390640625 0.9638671859375 0.794921875 0.96875 0.8154296859375 0.98828125 0.8232421859375 1 0.8193359359375 1 0.7900390640625
2 0.919921875 0.7216796859375 0.927734375 0.7333984359375 0.927734375 0.7724609359375 0.9326171859375 0.779296875 0.94140625 0.7783203140625 0.96484375 0.7080078140625 0.96484375 0.6904296859375 0.9580078140625 0.68359375 0.919921875 0.7216796859375
2 0.7177734359375 0.10546875 0.693359375 0.1279296859375 0.697265625 0.1435546859375 0.71484375 0.1494140640625 0.716796875 0.1767578140625 0.72265625 0.1923828140625 0.73046875 0.1943359359375 0.7421875 0.1611328140625 0.734375 0.1513671859375 0.732421875 0.11816406406249999 0.7177734359375 0.10546875
2 0.802734375 0.3330078140625 0.802734375 0.3447265640625 0.833984375 0.3505859359375 0.845703125 0.3310546859375 0.8251953140625 0.326171875 0.8154296859375 0.31640625 0.802734375 0.3330078140625
2 0.8671875 0.5419921859375 0.876953125 0.5478515640625 0.890625 0.5380859359375 0.890625 0.5302734359375 0.8662109359375 0.51953125 0.8671875 0.5419921859375
2 0.822265625 0.4345703140625 0.830078125 0.4365234359375 0.841796875 0.4248046859375 0.8388671859375 0.412109375 0.814453125 0.4189453140625 0.822265625 0.4345703140625