2 0.13671875 0.4931640640625 0.14453125 0.5068359359375 0.154296875 0.4990234359375 0.15625 0.4697265640625 0.1435546859375 0.455078125 0.13671875 0.4931640640625
2 0.5419921859375 0.462890625 0.529296875 0.4794921859375 0.52734375 0.5146484359375 0.544921875 0.5146484359375 0.5546875 0.5048828140625 0.546875 0.4892578140625 0.548828125 0.4677734359375 0.5419921859375 0.462890625
2 0.6103515640625 0.828125 0.625 0.8271484359375 0.646484375 0.8154296859375 0.6298828140625 0.771484375 0.60546875 0.8193359359375 0.6103515640625 0.828125
2 0.109375 0.2685546859375 0.10449218593750001 0.2578125 0.08691406406249999 0.259765625 0.0703125 0.2724609359375 0.078125 0.3095703140625 0.064453125 0.3173828140625 0.0625 0.3291015640625 0.07324218593750001 0.345703125 0.083984375 0.3466796859375 0.107421875 0.3388671859375 0.095703125 0.3037109359375 0.095703125 0.2861328140625 0.109375 0.2685546859375
2 0.2255859359375 0.640625 0.2099609359375 0.646484375 0.1884765640625 0.640625 0.18359375 0.6630859359375 0.1875 0.6806640640625 0.2080078140625 0.693359375 0.21875 0.7099609359375 0.24609375 0.6826171859375 0.24609375 0.6728515640625 0.23046875 0.6650390640625 0.2255859359375 0.640625
2 1 0.7314453140625 0.9697265640625 0.720703125 0.962890625 0.7294921859375 0.962890625 0.7626953140625 1 0.8291015640625 1 0.7314453140625
2 0.87109375 0.4072265640625 0.875 0.3779296859375 0.888671875 0.3603515640625 0.888671875 0.3408203140625 0.8701171859375 0.337890625 0.8525390640625 0.322265625 0.84765625 0.3447265640625 0.859375 0.3662109359375 0.85546875 0.4072265640625 0.8671875 0.4267578140625 0.869140625 0.4501953140625 0.892578125 0.4521484359375 0.90625 0.4384765640625 0.90234375 0.4248046859375 0.8740234359375 0.4140625 0.87109375 0.4072265640625
2 0.6787109359375 0.845703125 0.662109375 0.8623046859375 0.65625 0.8837890640625 0.669921875 0.9228515640625 0.669921875 0.9521484359375 0.68359375 0.9580078140625 0.705078125 0.9384765640625 0.70703125 0.9208984359375 0.69140625 0.8525390640625 0.6787109359375 0.845703125
2 0.19921875 0.5224609359375 0.1884765640625 0.515625 0.1396484359375 0.515625 0.123046875 0.5283203140625 0.109375 0.5576171859375 0.1650390640625 0.587890625 0.173828125 0.5869140640625 0.18359375 0.5810546859375 0.18359375 0.5595703140625 0.19921875 0.5400390640625 0.19921875 0.5224609359375
2 0.59765625 0.5751953140625 0.59375 0.5439453140625 0.5791015640625 0.533203125 0.57421875 0.5400390640625 0.576171875 0.5751953140625 0.587890625 0.6044921859375 0.5625 0.6337890640625 0.5625 0.6494140640625 0.5869140640625 0.66015625 0.615234375 0.6591796859375 0.630859375 0.6396484359375 0.62109375 0.6083984359375 0.62109375 0.5810546859375 0.59765625 0.5751953140625
2 0.482421875 0.1884765640625 0.486328125 0.1259765640625 0.4775390640625 0.12109375 0.4560546859375 0.1328125 0.4482421859375 0.14453125 0.4345703140625 0.14453125 0.427734375 0.1572265640625 0.439453125 0.1884765640625 0.4453125 0.2314453140625 0.484375 0.2333984359375 0.498046875 0.2197265640625 0.50390625 0.1943359359375 0.4990234359375 0.185546875 0.482421875 0.1884765640625
2 0.34375 0.9091796859375 0.33984375 0.8955078140625 0.3115234359375 0.876953125 0.2822265640625 0.892578125 0.28125 0.8642578140625 0.2744140640625 0.857421875 0.2431640640625 0.859375 0.2421875 0.8701171859375 0.265625 0.9091796859375 0.2822265640625 0.921875 0.3076171859375 0.921875 0.318359375 0.9345703140625 0.3203125 0.9677734359375 0.306640625 0.9931640640625 0.3134765640625 1 0.36328125 0.9990234359375 0.359375 0.9697265640625 0.3447265640625 0.970703125 0.3359375 0.9580078140625 0.34375 0.9091796859375