2 0.08691406406249999 0.5390625 0.07519531406249999 0.55078125 0.0595703140625 0.541015625 0.0517578140625 0.55859375 0.03515625 0.5224609359375 0.020507814062499997 0.513671875 0.015625 0.5341796859375 0.03515625 0.5556640640625 0.0390625 0.5771484359375 0.0537109359375 0.58984375 0.07421875 0.5947265640625 0.0625 0.6259765640625 0.080078125 0.6376953140625 0.091796875 0.6298828140625 0.083984375 0.6044921859375 0.09765625 0.5419921859375 0.08691406406249999 0.5390625
2 0.1376953140625 0.712890625 0.12402343593750001 0.716796875 0.11328125 0.6923828140625 0.10058593593750001 0.68359375 0.09765625 0.7197265640625 0.08984375 0.7275390640625 0.09375 0.7412109359375 0.10449218593750001 0.75 0.11816406406249999 0.748046875 0.1279296859375 0.763671875 0.150390625 0.7666015640625 0.16015625 0.7451171859375 0.146484375 0.7353515640625 0.146484375 0.7197265640625 0.1376953140625 0.712890625
2 0.140625 0.7978515640625 0.1298828140625 0.7734375 0.12109375 0.7880859359375 0.125 0.8154296859375 0.119140625 0.8427734359375 0.1328125 0.8583984359375 0.142578125 0.8564453140625 0.158203125 0.8251953140625 0.15625 0.8115234359375 0.140625 0.7978515640625
2 0.1982421859375 0.857421875 0.1884765640625 0.87109375 0.1767578140625 0.8515625 0.171875 0.8779296859375 0.185546875 0.9169921859375 0.19921875 0.9208984359375 0.212890625 0.8974609359375 0.205078125 0.8857421859375 0.20703125 0.8623046859375 0.1982421859375 0.857421875
2 0.2197265640625 0.951171875 0.2099609359375 0.94140625 0.189453125 0.9423828140625 0.193359375 0.9775390640625 0.203125 0.9833984359375 0.203125 0.9990234359375 0.224609375 0.9990234359375 0.244140625 0.9326171859375 0.2392578140625 0.921875 0.22265625 0.9326171859375 0.2197265640625 0.951171875
1 0.2421875 0.7119140640625 0.2421875 0.6982421859375 0.234375 0.6923828140625 0.2373046859375 0.650390625 0.22265625 0.6962890640625 0.208984375 0.6982421859375 0.20703125 0.7255859359375 0.185546875 0.7294921859375 0.23046875 0.7470703140625 0.2470703140625 0.740234375 0.263671875 0.7138671859375 0.2626953140625 0.708984375 0.2421875 0.7119140640625
2 0.5849609359375 0.94140625 0.564453125 0.9384765640625 0.56640625 0.9521484359375 0.583984375 0.9697265640625 0.5947265640625 1 0.626953125 0.9990234359375 0.62109375 0.9814453140625 0.625 0.9580078140625 0.6044921859375 0.923828125 0.5849609359375 0.94140625
2 0.453125 0.4384765640625 0.4462890640625 0.435546875 0.4208984359375 0.466796875 0.4072265640625 0.458984375 0.400390625 0.4638671859375 0.41015625 0.4873046859375 0.41015625 0.5087890640625 0.4326171859375 0.513671875 0.439453125 0.5302734359375 0.455078125 0.5400390640625 0.462890625 0.5341796859375 0.462890625 0.5126953140625 0.455078125 0.4873046859375 0.453125 0.4384765640625
2 0.3515625 0.2392578140625 0.3447265640625 0.232421875 0.3359375 0.2587890640625 0.3115234359375 0.255859375 0.302734375 0.2646484359375 0.302734375 0.2763671859375 0.31640625 0.2978515640625 0.349609375 0.3251953140625 0.376953125 0.2958984359375 0.37890625 0.2783203140625 0.353515625 0.2626953140625 0.3515625 0.2392578140625
2 0.53125 0.7373046859375 0.515625 0.7177734359375 0.51171875 0.6982421859375 0.5048828140625 0.6953125 0.484375 0.7177734359375 0.48046875 0.7333984359375 0.5 0.7861328140625 0.525390625 0.8037109359375 0.54296875 0.7958984359375 0.548828125 0.7685546859375 0.53515625 0.7587890640625 0.53125 0.7373046859375
2 0.4853515640625 0.59375 0.4560546859375 0.591796875 0.4462890640625 0.578125 0.4365234359375 0.578125 0.4208984359375 0.5625 0.43359375 0.6318359359375 0.458984375 0.6689453140625 0.470703125 0.6728515640625 0.494140625 0.6533203140625 0.48828125 0.6396484359375 0.490234375 0.6005859359375 0.4853515640625 0.59375
2 0.298828125 0.1474609359375 0.296875 0.10839843593750001 0.2919921859375 0.1015625 0.28125 0.10253906406249999 0.283203125 0.06542968593750001 0.298828125 0.0029296859375 0.2431640640625 0 0.23046875 0.0126953140625 0.2265625 0.0302734359375 0.2470703140625 0.037109375 0.2578125 0.0576171859375 0.259765625 0.09277343593750001 0.275390625 0.1259765640625 0.2587890640625 0.126953125 0.251953125 0.1357421859375 0.2734375 0.1845703140625 0.2802734359375 0.17578125 0.2919921859375 0.18359375 0.306640625 0.1689453140625 0.298828125 0.1474609359375
2 0.75 0.032226564062500004 0.75 0.045898435937499996 0.7265625 0.08886718593750001 0.728515625 0.10449218593750001 0.7109375 0.12207031406249999 0.71875 0.1318359359375 0.7919921859375 0 0.77734375 0.0048828140625 0.7568359359375 0.041015625 0.75 0.032226564062500004
2 0.697265625 0.2138671859375 0.7021484359375 0.228515625 0.732421875 0.2294921859375 0.740234375 0.2255859359375 0.7431640640625 0.158203125 0.703125 0.1982421859375 0.697265625 0.2138671859375
2 0.7744140640625 0.298828125 0.7470703140625 0.287109375 0.732421875 0.3037109359375 0.744140625 0.3193359359375 0.74609375 0.3583984359375 0.765625 0.3642578140625 0.796875 0.3134765640625 0.798828125 0.2958984359375 0.7919921859375 0.27734375 0.7744140640625 0.298828125
2 0.712890625 0.0009765640625 0.6318359359375 0 0.65234375 0.032226564062500004 0.65234375 0.06738281406249999 0.68359375 0.09082031406249999 0.69921875 0.07910156406249999 0.708984375 0.0576171859375 0.705078125 0.036132814062500004 0.712890625 0.0009765640625
2 0.9970703140625 0.974609375 0.9765625 0.9990234359375 1 0.9990234359375 0.9970703140625 0.974609375
2 0.9541015640625 0.951171875 0.9453125 0.9501953140625 0.939453125 0.9130859359375 0.9267578140625 0.8984375 0.91796875 0.9091796859375 0.9140625 0.9482421859375 0.896484375 0.9580078140625 0.89453125 0.9697265640625 0.9033203140625 0.982421875 0.9208984359375 0.982421875 0.9365234359375 1 0.974609375 0.9990234359375 0.978515625 0.9697265640625 0.96875 0.9462890640625 0.9599609359375 0.943359375 0.9541015640625 0.951171875
1 0.9345703140625 0.595703125 0.9189453140625 0.59375 0.900390625 0.6142578140625 0.912109375 0.6748046859375 0.9169921859375 0.681640625 0.9365234359375 0.6796875 0.9462890640625 0.69140625 0.962890625 0.6923828140625 0.98046875 0.6728515640625 0.984375 0.6103515640625 0.9443359359375 0.6171875 0.9345703140625 0.595703125