2 0.1568819875 0.92469480625 0.199778584375 0.9316663374999999 0.2092701671875 0.9263440375 0.20921746093750002 0.9175092140625001 0.181509753125 0.916928953125 0.16262611093749998 0.9079758218749999 0.15467449687499998 0.9174711796875 0.1568819875 0.92469480625
2 0.8592880375 0.0640383578125 0.8721113171875 0.0367015328125 0.8311645671875001 0.0300468875 0.828652615625 0.044349075 0.8592880375 0.0640383578125
2 0.8484675890625001 0.42709846718750005 0.8642712890625001 0.4277054859375 0.880379446875 0.4067866875 0.86755028125 0.3968561359375 0.855646271875 0.3968828921875 0.8375355578124999 0.40864997968749994 0.834561028125 0.41797351093749996 0.8484675890625001 0.42709846718750005
2 0.7775588203125 0.44107248749999994 0.76708936875 0.42760265468750003 0.7281451703124999 0.430099725 0.7392821390625001 0.44662012500000003 0.7579608453125 0.45750134062500003 0.7709422421875 0.4566689859375 0.7775588203125 0.44107248749999994
2 0.74876755 0.0774588765625 0.7360379046875 0.04793059375 0.71761684375 0.0439561203125 0.7134126921874999 0.06484815625 0.7206499671875 0.08073478437500001 0.7414834578125 0.090004803125 0.74876755 0.0774588765625
2 0.48678600000000005 0.46148422031249997 0.4867391796875 0.48991677187500005 0.5167070828125 0.506555484375 0.5296357765625 0.49688830624999997 0.5073618453125001 0.46384749999999997 0.48678600000000005 0.46148422031249997
2 0.807269365625 0.77737603125 0.7926952875 0.7652005078124999 0.7553964703125 0.789540275 0.766533434375 0.8060606796875 0.77823250625 0.80796200625 0.8045524765625001 0.7936063015625 0.807269365625 0.77737603125
2 0.9174853890625 0.785481328125 0.912660534375 0.7748902421875 0.88874710625 0.7572741109375001 0.8498029046875001 0.7597711796875 0.8679195046875 0.7852714703125 0.9102012890625 0.7980272546875 0.9174853890625 0.785481328125
2 0.384639059375 0.8626595375000001 0.3829995625 0.8780842124999999 0.39280149375 0.888503475 0.43005349531250003 0.8925962609375 0.43538774374999994 0.8797334453125 0.434000003125 0.8647974828124999 0.4183485359375 0.85342755625 0.3984402078125 0.8541148453125 0.384639059375 0.8626595375000001
2 0.18615236875000002 0.09880291718749999 0.1749685828125 0.110715065625 0.178306171875 0.12596791875 0.2138132609375 0.12781573125 0.22191709999999998 0.10755746562499999 0.20508282812499998 0.0793234921875 0.1939985671875 0.0716379140625 0.18101716875 0.0724702671875 0.18615236875000002 0.09880291718749999
2 0.5939747875 0.4700782265625 0.638411353125 0.4812228140625 0.6492847890625 0.4535691 0.6386104015625 0.442027353125 0.6117224421875 0.4337347546875 0.602230859375 0.439057053125 0.5915623609375 0.46478268125 0.5939747875 0.4700782265625
2 0.2974640125 0.8710478890625 0.280635628125 0.8800812921875 0.2490282296875 0.8788672562500001 0.2414864890625 0.88450644375 0.2434890421875 0.8936581546875001 0.292440109375 0.8996522656250001 0.3183033859375 0.9175852843750001 0.33000245625 0.9194866125000001 0.33513176875 0.90855188125 0.31326771249999996 0.8716549078125 0.2974640125 0.8710478890625
2 0.0866345671875 0.5778804484375 0.062516196875 0.5621924 0.0576913484375 0.5516013156249999 0.047997290625 0.5486115421875 0.0529984140625 0.6057746390625 0.0690918421875 0.612295834375 0.08289299375 0.60375114375 0.0804278609375 0.589620775 0.0866345671875 0.5778804484375
2 0.6067047125 0.8261780828124999 0.5855667625 0.8384338781249999 0.6111723953125 0.8494601578125 0.627286446875 0.8658087374999999 0.6537586453124999 0.8406901265625001 0.6647901984375 0.839540884375 0.666687340625 0.8310229484375 0.6537527578125 0.80342275 0.6147558531249999 0.7970849921875 0.6067047125 0.8261780828124999
2 0.354565459375 0.5017796109375 0.3300372203125 0.48994773125 0.32141809062500004 0.4963925171875 0.243219340625 0.48564508906250003 0.2335228203125 0.492895471875 0.24137490781249998 0.5029978484375001 0.2702127109375 0.5116073328125 0.274574984375 0.5172197640625 0.269035796875 0.5320106640625 0.2794525390625 0.536645671875 0.313829534375 0.530464259375 0.345231996875 0.5336063796875 0.354565459375 0.5017796109375
2 0.3895920234375 0.060275064062499994 0.3722483546875 0.055494990625 0.351777921875 0.0708013578125 0.3561928984375 0.08524860937499999 0.3506537125 0.1000395078125 0.3548110484375 0.10758002343749999 0.4035571765625 0.11550221875 0.429877146875 0.1011465140625 0.4355685625 0.075592709375 0.4118600734375 0.05604849375 0.3895920234375 0.060275064062499994
2 0.5709458671875 0.8546909062499999 0.554626884375 0.8402704109375 0.5296887640625 0.8322946984374999 0.4465656390625 0.8305539171874999 0.4405638734375 0.840366159375 0.4576030828125 0.86667205 0.454833490625 0.8740674984375 0.4674050171875 0.8770913140625 0.5026017546875 0.8631975625000001 0.512350984375 0.864782003125 0.5210755234375 0.8760068625 0.5470383265625001 0.8743421515625001 0.5709458671875 0.8546909062499999