2 0.27734375 0.5458984359375 0.27734375 0.5595703140625 0.28515625 0.5654296859375 0.283203125 0.5595703140625 0.29296875 0.5556640640625 0.2861328140625 0.537109375 0.27734375 0.5458984359375
2 0.4560546859375 0.974609375 0.4501953140625 0.9609375 0.439453125 0.9951171859375 0.4443359359375 1 0.46875 0.9990234359375 0.4697265640625 0.994140625 0.474609375 0.9970703140625 0.46875 0.9736328140625 0.4560546859375 0.974609375
2 0.16796875 0.3134765640625 0.1796875 0.3447265640625 0.177734375 0.3583984359375 0.205078125 0.3662109359375 0.21484375 0.3564453140625 0.212890625 0.3427734359375 0.1806640640625 0.30078125 0.16796875 0.3134765640625
2 0.0517578140625 0 0.0390625 0.0517578140625 0.06640625 0.06738281406249999 0.072265625 0.06347656406249999 0.0703125 0.040039064062500004 0.083984375 0.024414064062499997 0.083984375 0.010742185937499999 0.07910156406249999 0 0.0517578140625 0
2 0.3564453140625 0.703125 0.326171875 0.7060546859375 0.328125 0.7294921859375 0.314453125 0.7490234359375 0.314453125 0.7626953140625 0.3203125 0.7646484359375 0.3466796859375 0.755859375 0.36328125 0.7373046859375 0.365234375 0.7236328140625 0.3564453140625 0.703125
2 0.24609375 0.4228515640625 0.2314453140625 0.412109375 0.220703125 0.4462890640625 0.234375 0.4638671859375 0.234375 0.5146484359375 0.259765625 0.5185546859375 0.265625 0.5146484359375 0.259765625 0.4736328140625 0.248046875 0.4482421859375 0.24609375 0.4228515640625
2 0.2763671859375 0.576171875 0.271484375 0.5966796859375 0.28515625 0.6162109359375 0.283203125 0.6474609359375 0.2919921859375 0.66015625 0.310546875 0.6591796859375 0.3203125 0.6494140640625 0.3125 0.6005859359375 0.2978515640625 0.580078125 0.2763671859375 0.576171875
2 0.4013671859375 0.83984375 0.388671875 0.8388671859375 0.400390625 0.8310546859375 0.3876953140625 0.83203125 0.3828125 0.8408203140625 0.388671875 0.8486328140625 0.3662109359375 0.845703125 0.353515625 0.8681640640625 0.365234375 0.8720703140625 0.3701171859375 0.8984375 0.3818359359375 0.8828125 0.3994140640625 0.888671875 0.40234375 0.9052734359375 0.4296875 0.9208984359375 0.4296875 0.9384765640625 0.435546875 0.9443359359375 0.447265625 0.9345703140625 0.44140625 0.8994140640625 0.41015625 0.8486328140625 0.4013671859375 0.83984375
2 0.158203125 0.2041015640625 0.1396484359375 0.173828125 0.10546875 0.1962890640625 0.1015625 0.2177734359375 0.111328125 0.2373046859375 0.091796875 0.2451171859375 0.09765625 0.2705078140625 0.12207031406249999 0.2734375 0.126953125 0.2939453140625 0.13671875 0.2958984359375 0.150390625 0.2646484359375 0.146484375 0.2373046859375 0.158203125 0.2236328140625 0.158203125 0.2041015640625
2 0.0517578140625 0.732421875 0.04296875 0.7431640640625 0.044921875 0.7685546859375 0.029296875 0.7900390640625 0.040039064062500004 0.802734375 0.0625 0.8115234359375 0.06738281406249999 0.83203125 0.08203125 0.8330078140625 0.08984375 0.7802734359375 0.072265625 0.7626953140625 0.0625 0.7353515640625 0.0517578140625 0.732421875
2 0.1435546859375 0.955078125 0.138671875 0.9501953140625 0.138671875 0.9169921859375 0.1279296859375 0.91015625 0.08691406406249999 0.912109375 0.08203125 0.9267578140625 0.1015625 0.9423828140625 0.10546875 0.9697265640625 0.12207031406249999 0.97265625 0.1396484359375 1 0.1640625 0.9990234359375 0.17578125 0.9697265640625 0.1630859359375 0.9453125 0.1533203140625 0.9453125 0.1435546859375 0.955078125
2 0.59375 0.4931640640625 0.603515625 0.4990234359375 0.60546875 0.4794921859375 0.5986328140625 0.46875 0.5908203140625 0.46875 0.59375 0.4931640640625
2 0.6611328140625 0.662109375 0.640625 0.6767578140625 0.6328125 0.7021484359375 0.6396484359375 0.720703125 0.654296875 0.7216796859375 0.66015625 0.7041015640625 0.6796875 0.6962890640625 0.677734375 0.6748046859375 0.6611328140625 0.662109375
2 0.5546875 0.2666015640625 0.5439453140625 0.248046875 0.51953125 0.2646484359375 0.52734375 0.2841796859375 0.5234375 0.3271484359375 0.533203125 0.3330078140625 0.5458984359375 0.33203125 0.55078125 0.3251953140625 0.546875 0.2822265640625 0.5546875 0.2666015640625
2 0.4208984359375 0 0.41796875 0.0126953140625 0.44140625 0.032226564062500004 0.43359375 0.0595703140625 0.4599609359375 0.0546875 0.46875 0.06347656406249999 0.484375 0.032226564062500004 0.482421875 0.020507814062499997 0.4658203140625 0 0.4208984359375 0
2 0.5693359359375 0.34375 0.5625 0.3486328140625 0.55859375 0.3720703140625 0.548828125 0.3779296859375 0.55078125 0.4013671859375 0.541015625 0.4267578140625 0.546875 0.4462890640625 0.5625 0.4521484359375 0.595703125 0.4091796859375 0.5849609359375 0.392578125 0.568359375 0.3837890640625 0.5693359359375 0.34375
2 0.615234375 0.5791015640625 0.623046875 0.5615234359375 0.611328125 0.5439453140625 0.615234375 0.5361328140625 0.6025390640625 0.52734375 0.591796875 0.5341796859375 0.59765625 0.5791015640625 0.61328125 0.5927734359375 0.619140625 0.6103515640625 0.615234375 0.6298828140625 0.630859375 0.6357421859375 0.65234375 0.6181640640625 0.654296875 0.5869140640625 0.6396484359375 0.578125 0.615234375 0.5791015640625
2 0.541015625 0.1845703140625 0.5234375 0.1787109359375 0.5029296859375 0.140625 0.486328125 0.1376953140625 0.4853515640625 0.1015625 0.4677734359375 0.111328125 0.4521484359375 0.1015625 0.44140625 0.1474609359375 0.4462890640625 0.154296875 0.47265625 0.1591796859375 0.4697265640625 0.203125 0.484375 0.2021484359375 0.4970703140625 0.16796875 0.505859375 0.1728515640625 0.5 0.1845703140625 0.5 0.2177734359375 0.50390625 0.2353515640625 0.515625 0.2431640640625 0.521484375 0.2314453140625 0.51953125 0.2080078140625 0.537109375 0.2021484359375 0.541015625 0.1845703140625
2 0.689453125 0.8662109359375 0.701171875 0.8720703140625 0.70703125 0.8662109359375 0.705078125 0.8486328140625 0.6923828140625 0.84375 0.689453125 0.8662109359375
2 0.6748046859375 0.765625 0.669921875 0.7724609359375 0.669921875 0.8173828140625 0.67578125 0.8212890640625 0.705078125 0.7958984359375 0.697265625 0.7802734359375 0.6982421859375 0.763671875 0.6748046859375 0.765625
2 0.75390625 0.9404296859375 0.740234375 0.9169921859375 0.7275390640625 0.908203125 0.724609375 0.9189453140625 0.73828125 0.9306640640625 0.73828125 0.9521484359375 0.748046875 0.9658203140625 0.751953125 0.9990234359375 0.77734375 0.9990234359375 0.76953125 0.9736328140625 0.751953125 0.9658203140625 0.7578125 0.9599609359375 0.75390625 0.9404296859375
2 0.8203125 0.1279296859375 0.828125 0.1298828140625 0.859375 0.08691406406249999 0.8564453140625 0.072265625 0.826171875 0.09082031406249999 0.8203125 0.1279296859375
2 0.921875 0.4853515640625 0.9296875 0.4951171859375 0.9296875 0.5107421859375 0.935546875 0.5126953140625 0.953125 0.5009765640625 0.953125 0.4912109359375 0.9287109359375 0.474609375 0.921875 0.4853515640625
2 0.97265625 0.6416015640625 0.9765625 0.6298828140625 0.9599609359375 0.609375 0.955078125 0.6298828140625 0.97265625 0.6416015640625
2 0.951171875 0.7099609359375 0.9609375 0.7138671859375 0.978515625 0.7021484359375 0.9716796859375 0.68359375 0.955078125 0.6865234359375 0.951171875 0.7099609359375
2 1 0.7919921859375 0.9794921859375 0.779296875 0.974609375 0.8076171859375 0.984375 0.8173828140625 0.986328125 0.8330078140625 1 0.8369140640625 1 0.7919921859375