2 0.42566208593750005 0 0.4138901625 0.0198044515625 0.443261246875 0.0192164765625 0.45609870625 0.029607790625 0.461364821875 0.0249573609375 0.45984961249999995 0 0.42566208593750005 0
2 0.23611378906249997 0.06634610937499999 0.20284775625 0.06675234062499999 0.19410403437499998 0.0780951140625 0.19720412812500002 0.08803207187499999 0.22514447343750002 0.1050034859375 0.24583140781249999 0.1030310703125 0.24237354843749997 0.0734928078125 0.23611378906249997 0.06634610937499999
2 0.3801870421875 0.0495671984375 0.3373426140625 0.04756803125 0.31508572031250004 0.032820273437500005 0.3020297140625 0.037107215625 0.3022880796875 0.045932346875 0.309640890625 0.0756523484375 0.350855784375 0.073658559375 0.38449933125 0.05662302500000001 0.3801870421875 0.0495671984375
2 0.08234298125 0.10617405312499999 0.059450206250000005 0.09923046875 0.0522366203125 0.10379002500000001 0.0521770484375 0.1165172421875 0.063226009375 0.124866640625 0.082859721875 0.12382431249999999 0.09569718125 0.134215625 0.1453378609375 0.12478115000000001 0.1697011953125 0.137668734375 0.181445615625 0.12548674531249998 0.138620934375 0.0872569765625 0.11481415937499999 0.11552303593749999 0.10312931562500001 0.11497780937499999 0.099770853125 0.0962157234375 0.09303418125 0.0949221515625 0.08234298125 0.10617405312499999
2 0.0113995625 0.18511910625 0.0230844078125 0.18566433437500002 0.033040320312499996 0.171440434375 0.02910555 0.1477553046875 0.0376903015625 0.13836357187499998 0.016168690625000003 0.1265878171875 0.0113995625 0.18511910625
2 0.02590734375 0.5109005421874999 0.0012260671875 0.5019150421874999 0.0004312125 0.5116702578125001 0.0071083125 0.52569104375 0.0353665953125 0.538760371875 0.06412154375 0.50974596875 0.040493490625 0.49983038437499994 0.02590734375 0.5109005421874999
2 0.1609785125 0.496639271875 0.16215088125 0.47025475781250003 0.125784759375 0.46072403125 0.11873014374999999 0.4633325453125 0.11914748125 0.4702066328125 0.1367741453125 0.481800646875 0.140450546875 0.496660646875 0.15376492656250002 0.5011988328125 0.1609785125 0.496639271875
2 0.290962290625 0.44884678906250003 0.29744059218749996 0.44131523125000005 0.383288421875 0.44336252500000006 0.386925003125 0.43471914062500006 0.3457696796875 0.42398571250000006 0.3240295265625 0.4268882140625 0.32488395312499996 0.4044057859375 0.31830625 0.40116117031250004 0.29040573125 0.40769314375 0.2786613109375 0.41987512968749996 0.2761773515625 0.43836460468749994 0.290962290625 0.44884678906250003
2 0.534475546875 0.315283290625 0.54415334375 0.3284648625 0.5410930734375 0.342031290625 0.5455643328125 0.347136078125 0.5575671203125 0.34377921875 0.5658737484375 0.3617929625 0.5775585921874999 0.36233818906250004 0.598523646875 0.3329603 0.588686878125 0.32172977187499996 0.5706827015625 0.326765059375 0.547114215625 0.3041222609375 0.537217878125 0.305618946875 0.534475546875 0.315283290625
2 0.7345486375 0.306992775 0.720181040625 0.303384675 0.7237182234375 0.283965115625 0.7192469671875 0.2788603328125 0.685543846875 0.308623078125 0.6902734703125 0.32255299375 0.70358785 0.3270911796875 0.734965978125 0.3138668625 0.7345486375 0.306992775
2 0.769722321875 0.28317402812500003 0.7526123921875 0.289230271875 0.7504463718750001 0.303817659375 0.762965896875 0.318111059375 0.7842291375 0.3210616859375 0.787547778125 0.3163203875 0.7868720703125 0.300621171875 0.769722321875 0.28317402812500003
2 0.9379614046875 0.641588725 0.954554596875 0.6178822234375 0.9148698375000001 0.613092796875 0.910180034375 0.62266626875 0.9264355296875 0.6390924546875 0.9379614046875 0.641588725
2 0.7473873890625 0.7012424578124999 0.7578004671875 0.7173960296875 0.767537834375 0.7178503859375 0.7799181374999999 0.697864225 0.7650338046875 0.6766058687500001 0.7516598515624999 0.684794896875 0.7473873890625 0.7012424578124999
2 0.43336747343750004 0.7884299015625 0.4195761875 0.7897448453125 0.4041951859375 0.81057021875 0.41061391875000003 0.8157658781249999 0.4109716828125 0.8353671796875 0.425021340625 0.8428773625 0.44157470937500004 0.7956674718750001 0.43336747343750004 0.7884299015625
2 0.254359153125 0.8740832921875 0.2717274515625 0.8768521765624999 0.2818423359375 0.860677234375 0.2751652375 0.8466564453125001 0.29006932343749997 0.8316842 0.28186208437500004 0.8244466296875 0.2404882203125 0.8283914625 0.2083152359375 0.8513709921875 0.20841462968750002 0.8621471656249999 0.23619600625 0.8810696234375 0.254359153125 0.8740832921875
2 0.633142375 0.747810871875 0.6254120515625 0.73472016875 0.608043759375 0.7319512859375 0.5864029984375 0.7456299609375 0.5866613671875001 0.7544550875 0.6016052765625 0.7629862296875001 0.6184568359375 0.7481048578125 0.631771209375 0.7526430421875 0.633142375 0.747810871875