2 0.2333984359375 0.970703125 0.21484375 0.9912109359375 0.2236328140625 1 0.23828125 0.9990234359375 0.2421875 0.9814453140625 0.234375 0.9814453140625 0.240234375 0.9716796859375 0.2333984359375 0.970703125
2 0.201171875 0.8974609359375 0.201171875 0.8740234359375 0.17578125 0.8251953140625 0.1494140640625 0.806640625 0.140625 0.8369140640625 0.150390625 0.8740234359375 0.162109375 0.8896484359375 0.166015625 0.9404296859375 0.18359375 0.9560546859375 0.1943359359375 0.943359375 0.2109375 0.9443359359375 0.216796875 0.9033203140625 0.201171875 0.8974609359375
2 0.123046875 0.7392578140625 0.12890625 0.7216796859375 0.12011718593750001 0.708984375 0.109375 0.7138671859375 0.11328125 0.6943359359375 0.1015625 0.6611328140625 0.08496093593750001 0.666015625 0.0615234359375 0.6484375 0.0546875 0.6552734359375 0.056640625 0.6904296859375 0.041015625 0.6962890640625 0.046875 0.7158203140625 0.041015625 0.7412109359375 0.060546875 0.7529296859375 0.0625 0.7587890640625 0.0546875 0.7646484359375 0.0595703140625 0.7734375 0.068359375 0.7744140640625 0.072265625 0.8056640640625 0.083984375 0.8173828140625 0.095703125 0.8037109359375 0.1015625 0.7763671859375 0.126953125 0.7568359359375 0.123046875 0.7392578140625
2 0.525390625 0.9345703140625 0.5068359359375 0.880859375 0.4853515640625 0.87890625 0.470703125 0.9013671859375 0.4814453140625 0.9296875 0.50390625 0.9267578140625 0.501953125 0.9443359359375 0.4921875 0.9560546859375 0.51171875 0.9794921859375 0.513671875 0.9990234359375 0.576171875 0.9990234359375 0.576171875 0.9775390640625 0.568359375 0.9599609359375 0.5556640640625 0.962890625 0.525390625 0.9345703140625
2 0.4296875 0.6826171859375 0.44140625 0.6669921859375 0.4228515640625 0.650390625 0.4091796859375 0.65625 0.3916015640625 0.642578125 0.3896484359375 0.6484375 0.369140625 0.6533203140625 0.35546875 0.6689453140625 0.353515625 0.6826171859375 0.375 0.6982421859375 0.376953125 0.7080078140625 0.37109375 0.7119140640625 0.388671875 0.7236328140625 0.3916015640625 0.734375 0.41015625 0.7333984359375 0.4208984359375 0.71875 0.44140625 0.7119140640625 0.44140625 0.6923828140625 0.4296875 0.6826171859375
2 0.40625 0.5908203140625 0.392578125 0.5439453140625 0.37890625 0.5400390640625 0.380859375 0.5302734359375 0.365234375 0.5146484359375 0.353515625 0.4853515640625 0.3466796859375 0.44140625 0.3125 0.4541015640625 0.3125 0.4951171859375 0.322265625 0.5048828140625 0.32421875 0.5185546859375 0.3193359359375 0.525390625 0.306640625 0.5263671859375 0.302734375 0.5595703140625 0.302734375 0.5693359359375 0.3125 0.5732421859375 0.32421875 0.5966796859375 0.3203125 0.6396484359375 0.33203125 0.6455078140625 0.3466796859375 0.623046875 0.3779296859375 0.619140625 0.3955078140625 0.626953125 0.40625 0.5908203140625
2 0.216796875 0.11035156406249999 0.224609375 0.09082031406249999 0.2197265640625 0.08203125 0.205078125 0.07910156406249999 0.1962890640625 0.05859375 0.1875 0.06347656406249999 0.1826171859375 0.078125 0.1748046859375 0.078125 0.1669921859375 0.06640625 0.16015625 0.09667968593750001 0.1474609359375 0.09375 0.142578125 0.09863281406249999 0.146484375 0.1259765640625 0.1640625 0.1298828140625 0.169921875 0.1611328140625 0.177734375 0.1650390640625 0.2041015640625 0.138671875 0.2158203140625 0.1484375 0.22265625 0.1435546859375 0.216796875 0.11035156406249999
2 0.564453125 0.2431640640625 0.56640625 0.2568359359375 0.58203125 0.2626953140625 0.6171875 0.2138671859375 0.6083984359375 0.19921875 0.5927734359375 0.203125 0.564453125 0.2431640640625
2 0.576171875 0.1630859359375 0.58203125 0.1376953140625 0.5615234359375 0.123046875 0.55859375 0.1513671859375 0.55078125 0.1650390640625 0.5625 0.1728515640625 0.560546875 0.2099609359375 0.56640625 0.2119140640625 0.5771484359375 0.19921875 0.5849609359375 0.201171875 0.587890625 0.1904296859375 0.576171875 0.1630859359375
2 0.7626953140625 0.591796875 0.767578125 0.5810546859375 0.7451171859375 0.564453125 0.7333984359375 0.576171875 0.705078125 0.5556640640625 0.7109375 0.5244140640625 0.7001953140625 0.51171875 0.6865234359375 0.515625 0.677734375 0.4970703140625 0.65625 0.4814453140625 0.658203125 0.4658203140625 0.6484375 0.4521484359375 0.6484375 0.4189453140625 0.6435546859375 0.416015625 0.607421875 0.4365234359375 0.6171875 0.4541015640625 0.615234375 0.4755859359375 0.623046875 0.5009765640625 0.6376953140625 0.5 0.6484375 0.5087890640625 0.6484375 0.5302734359375 0.65625 0.5439453140625 0.650390625 0.5673828140625 0.673828125 0.6005859359375 0.6904296859375 0.60546875 0.7080078140625 0.59765625 0.7265625 0.5986328140625 0.71875 0.6259765640625 0.6953125 0.6357421859375 0.697265625 0.6494140640625 0.724609375 0.6826171859375 0.728515625 0.6689453140625 0.75 0.6474609359375 0.73828125 0.6005859359375 0.7626953140625 0.591796875
2 0.7880859359375 0.779296875 0.7578125 0.7822265640625 0.7578125 0.8271484359375 0.771484375 0.8291015640625 0.78125 0.8251953140625 0.787109375 0.8115234359375 0.79296875 0.7900390640625 0.7880859359375 0.779296875
2 0.849609375 0.9345703140625 0.8515625 0.9013671859375 0.8115234359375 0.904296875 0.796875 0.8623046859375 0.7763671859375 0.865234375 0.765625 0.9208984359375 0.779296875 0.9365234359375 0.771484375 0.9580078140625 0.783203125 0.9892578140625 0.8037109359375 1 0.857421875 0.9990234359375 0.853515625 0.9775390640625 0.828125 0.9521484359375 0.8310546859375 0.943359375 0.849609375 0.9345703140625
2 0.9697265640625 0.181640625 0.9541015640625 0.185546875 0.931640625 0.2177734359375 0.9384765640625 0.2265625 0.9453125 0.2255859359375 0.9541015640625 0.216796875 0.9658203140625 0.220703125 0.970703125 0.2158203140625 0.9697265640625 0.181640625
2 0.9404296859375 0.111328125 0.9326171859375 0.111328125 0.91015625 0.1318359359375 0.91015625 0.1787109359375 0.9130859359375 0.173828125 0.9404296859375 0.177734375 0.94921875 0.1689453140625 0.9404296859375 0.111328125
2 0.8798828140625 0.013671875 0.8564453140625 0.03515625 0.8388671859375 0.03125 0.833984375 0.036132814062500004 0.8359375 0.045898435937499996 0.853515625 0.0615234359375 0.849609375 0.08105468593750001 0.8662109359375 0.076171875 0.876953125 0.08300781406249999 0.890625 0.049804685937499996 0.890625 0.040039064062500004 0.880859375 0.034179685937499996 0.8798828140625 0.013671875