2 0.2380250234375 0.9342707984375 0.2230060890625 0.9578327578125 0.203563821875 0.9645398109375 0.18250735625 0.9831450859374999 0.17015622187499999 0.9866972390625 0.22311512968749997 0.9836127343750001 0.26033333281250004 0.958252646875 0.2638462296875 0.9441350999999999 0.2537267828125 0.9339381796874999 0.2380250234375 0.9342707984375
2 0.5219144453125 0.77063495625 0.496377746875 0.770449546875 0.48297300468750004 0.7821132875 0.45168328906250005 0.7866500828125 0.426544909375 0.8000151203125 0.40302071875 0.8014819390625 0.4007985859375 0.8261044906249999 0.38845700625 0.8405301250000001 0.3709703421875 0.8469536296875001 0.3646662890625 0.86633594375 0.3455085328125 0.8827218921875 0.3547924375 0.8979000312500001 0.3850189953125 0.8906013406250001 0.36062034375 0.929131496875 0.38308137656249996 0.9249027859375 0.40516207812499994 0.9411415218749999 0.42152868125 0.9300203484375 0.420845853125 0.9067910093749999 0.4382756125 0.8984317234375 0.4077076359375 0.8941157453124999 0.39646812656249997 0.8792211562500001 0.3943418140625 0.8736973671875001 0.410310096875 0.849025746875 0.43953040468750004 0.84090094375 0.435637175 0.8754859343750001 0.44681978281249995 0.88844475 0.46257844531250003 0.8900479078125001 0.4711226203125 0.8800609343750001 0.4771990609375 0.8529355015625001 0.5142987015625 0.8456122781250001 0.5335702625 0.8330978890624999 0.5609487640624999 0.8291281937500001 0.570556090625 0.8219031093750001 0.575796990625 0.7997588999999999 0.594403709375 0.7980330640625 0.5919928828125001 0.7828303890625 0.6052838171875 0.7672950968750001 0.6115309671875 0.7459769984375 0.6390801765624999 0.7478146375 0.6501878953125 0.7248197765625 0.6814776109375 0.7202829828125 0.71931698125 0.738124875 0.7279180546874999 0.730073678125 0.7265134843750001 0.7156971140625 0.7130338546874999 0.69140718125 0.6964396421875 0.6947852453125 0.68402316875 0.6732572046875 0.6409998078125 0.6794952984375 0.6382086546875 0.684760071875 0.6545363421875 0.7057210125 0.649960284375 0.7170766656249999 0.6048675140625 0.719726753125 0.5957154015625 0.7424380625 0.55694466875 0.7597237265625 0.5353191875000001 0.7589712171875 0.5219144453125 0.77063495625
2 0.7929292421875 0.6701027515625 0.7747028499999999 0.6513611359375 0.7779881375000001 0.6295004796875 0.78469050625 0.623668609375 0.804644896875 0.634383559375 0.8183341499999999 0.632398709375 0.8220177546875 0.624088496875 0.812790753125 0.6108461328125 0.8164743578125 0.6025359203125 0.8073611609375 0.5931651171875 0.7995387328125 0.594299315625 0.7515020890625 0.6304247328125 0.7459197750000001 0.6409542734375 0.7293824671875 0.6462681124999999 0.7367676671875001 0.66366558125 0.7524694281250001 0.6633329625 0.7706389140625001 0.680138796875 0.786283771875 0.6778704 0.7929292421875 0.6701027515625
2 0.8582458671875 0.5537107046874999 0.8584734765625001 0.56145381875 0.8717824000000001 0.57993641875 0.8872565515625 0.571860684375 0.9089389359375 0.5745489734375 0.9264256 0.56812546875 0.9435139421875001 0.5481515171875 0.965019340625 0.5423513671875 0.9669172406250001 0.50976568125 0.9444453109375001 0.5130239578125 0.9351224890625 0.5299279343750001 0.8669038453125 0.5475952875 0.8582458671875 0.5537107046874999
2 0.14338604531250002 0.6544444765625 0.159069815625 0.6200939625 0.18510065 0.60368348125 0.1848730421875 0.59594036875 0.1398371671875 0.6005262359375 0.13184403125 0.5958531 0.10135094687499999 0.6274907921875 0.0912884015625 0.6192296484375001 0.0795547578125 0.6209309484375 0.04241620625 0.6603362859375 0.059124220312499996 0.66082978125 0.091914328125 0.6405232109375001 0.1056035765625 0.6385383625000001 0.1126473625 0.6443211625 0.1119825234375 0.655109715625 0.14338604531250002 0.6544444765625
2 0.35174651562500003 0.5270321906250001 0.377624625 0.5388322703124999 0.388959953125 0.5235805250000001 0.402649209375 0.521595675 0.40828841718750003 0.5130019124999999 0.3816885625 0.510054609375 0.3910113796875 0.49315063437499995 0.3858663015625 0.485148509375 0.359056825 0.5084759875 0.3085524484375 0.5274629515625 0.2830906359375 0.5632312125000001 0.3036529625 0.5612218296875 0.3117030015625 0.56783074375 0.33198081875 0.55614246875 0.32767128749999996 0.5431591234375001 0.340012871875 0.5287334890625 0.35174651562500003 0.5270321906250001
2 0.46625582187500003 0.4472481859375 0.4811789359375 0.45383256562499996 0.49469748437499994 0.4460403828125 0.4945267765625 0.4402330484375 0.4806099125 0.43447478593750005 0.46625582187500003 0.4472481859375
2 0.5730175921875 0.4045520546875 0.5821307859375 0.41392286250000004 0.6035286640625 0.4069322578125 0.6089402640625 0.3905953828125 0.5892134828125 0.387623546875 0.5730175921875 0.4045520546875
2 0.96495955 0.2087250859375 0.9447955406249999 0.22428491875 0.9653578671874999 0.22227553437499997 0.96495955 0.2087250859375
2 0.75931534375 0.2949189296875 0.7401575874999999 0.311304875 0.724398925 0.30970171562500004 0.708259934375 0.32856600468749997 0.7172024218749999 0.33212947656249997 0.7348028890625 0.329577528125 0.746308925 0.320133115625 0.7777124453125001 0.3194678765625 0.7813960515625 0.3111576640625 0.7671377734375 0.29378472968749997 0.75931534375 0.2949189296875
2 0.8407111203125 0.2578447234375 0.8301544406250001 0.26617946875 0.8247428375 0.28251634375 0.8495008890625 0.28961875312499996 0.8646336265624999 0.26992835 0.9116820062500001 0.2669947140625 0.9133531046875 0.257032271875 0.9051892625000001 0.24655180312499997 0.8664185296875001 0.263837465625 0.8407111203125 0.2578447234375
2 0.681004053125 0.036053546874999995 0.6786501328125001 0.0227866484375 0.6552966484375 0.0300608015625 0.647968353125 0.0145991125 0.635171553125 0.013538517187499998 0.6278043421875 0.0301589421875 0.6055709171875 0.042130765625 0.6001024125 0.056531865625 0.6597768875 0.0488514859375 0.67179504375 0.056829078125 0.700617028125 0.035153826562500004 0.681004053125 0.036053546874999995
2 0.3889507875 0.18920891875 0.34759851875000003 0.1854845734375 0.325820315625 0.212942625 0.3892922015625 0.2008235875 0.3889507875 0.18920891875
2 0.1645111625 0.2373033671875 0.1488094015625 0.23763598749999998 0.13065790156249998 0.2548480453125 0.14149909375 0.256192190625 0.1645111625 0.2373033671875
2 0.20931942656250002 0.2249743875 0.1963519171875 0.218106459375 0.19992171718750001 0.2059246890625 0.19270722812500002 0.19433455625 0.1795300953125 0.213741409375 0.1573355890625 0.19363111718749998 0.146722003125 0.20003008906250003 0.147234125 0.21745208906250002 0.16020163125 0.22432002031249998 0.1837258203125 0.2228532 0.19614229375 0.24438124218750001 0.20876839062500002 0.2396344984375 0.20931942656250002 0.2249743875
2 0 0.6969708406249999 0.020865609375 0.69553745 0.030302234374999997 0.6825050328125 0.0220814890625 0.6700887843750001 0 0.674636771875 0 0.6969708406249999