2 0.7974452203125 0.2313200359375 0.8148188031249999 0.2122040234375 0.8578102796874999 0.2103978703125 0.8585936671875001 0.19371086875000001 0.8428777593750001 0.187265378125 0.8642485015625001 0.17562011718749998 0.8514963734375 0.171848 0.8474537640625 0.1604710015625 0.8103898390625 0.1676239015625 0.7940269078125 0.1895841640625 0.787656865625 0.23022129218749998 0.7974452203125 0.2313200359375
2 0.27600493125000003 0.11271062968750001 0.2918799234375 0.1328279953125 0.3231299234375 0.1300939734375 0.335654784375 0.1143348390625 0.326740728125 0.10436159687499999 0.2778671453125 0.1047272546875 0.27600493125000003 0.11271062968750001
2 0.1797911390625 0.161208071875 0.1649267953125 0.1439349546875 0.153230771875 0.1469133375 0.1513685578125 0.15489671249999998 0.1671299171875 0.165248453125 0.1797911390625 0.161208071875
2 0.6631795796875 0.28607925 0.6660069984375 0.277033871875 0.623935265625 0.2738717765625 0.610467934375 0.29264603437500003 0.6320204859375 0.29662577031250004 0.6631795796875 0.28607925
2 0.557619921875 0.2874940703125 0.54394805 0.2886902046875 0.54713909375 0.310894825 0.537464375 0.31956170781250004 0.5385659328125 0.3302184578125 0.5756753109375 0.3269718078125 0.58815471875 0.3073064234375 0.5734721890625 0.305658309375 0.557619921875 0.2874940703125
2 0.2551703171875 0.42246377031250004 0.2482548375 0.41622590156249994 0.2228414828125 0.41649416875 0.2191625 0.4363671703125 0.24845937812500002 0.43380402656249994 0.2551703171875 0.42246377031250004
2 0.3137640671875 0.41733748125 0.3089835234375 0.4265537359375 0.26787699374999996 0.4223296375 0.25822500000000004 0.4329496453125 0.2701482890625 0.44950251249999995 0.3013528359375 0.44286224062499996 0.3109821046875 0.430289109375 0.3305588078125 0.432486596875 0.3402107953125 0.421866590625 0.3538826734375 0.42067045625 0.3683379328125 0.4027873234375 0.341709390625 0.3826332140625 0.3260616640625 0.3820470984375 0.3184082515625 0.3964024796875 0.2979345265625 0.4011263703125 0.3137640671875 0.41733748125
2 0.013381215625000002 0.5619019328125 0.040770418749999995 0.563415915625 0.059131931250000005 0.5451910265625 0.03652326875 0.5344607921875 0.013381215625000002 0.5619019328125
2 0.028508965625 0.8538454249999999 0.0441566921875 0.854431540625 0.07410059531249999 0.8234626468749999 0.041930851562499996 0.8311649156250001 0.028508965625 0.8538454249999999
2 0.139109840625 0.7816054765625 0.09434705 0.7992075062499999 0.0924621078125 0.8052377578125001 0.10824619375 0.8175426218749999 0.1335913625 0.8114149796874999 0.15009065625 0.8011734703125001 0.15383782031249998 0.787159840625 0.139109840625 0.7816054765625
2 0.9833236828125 0.4956165375 0.98311914375 0.47803841562500005 0.9410474140625 0.4748763171875 0.93233789375 0.48248119999999994 0.9334849078125 0.497044196875 0.9346319187500001 0.5116071953125 0.9415246734375 0.5158919421875 0.9746368890625 0.5051745453125001 0.9833236828125 0.4956165375
2 0.6938868765625 0.5727494828124999 0.6551198234375 0.6015576328125001 0.62773061875 0.6000436515625001 0.6162618625 0.622553284375 0.622212146875 0.6298531546875 0.633930896875 0.6288278968750001 0.6478754890625 0.6510692625 0.6751965125 0.6467238703125 0.6828499265625 0.632368490625 0.6993946734375001 0.6260332265625 0.6778193921875 0.6201003671875001 0.6697114453124999 0.59539325 0.7349025046875 0.5691610796875 0.7474046390625 0.5514488203125001 0.7385814875000001 0.5492880765625 0.6938868765625 0.5727494828124999
2 1 0.8526041624999999 0.9846325203124999 0.860130665625 0.9767063874999999 0.851048546875 0.953223434375 0.8491928124999999 0.9474776890625 0.859471065625 0.95434771875 0.861802684375 0.9545295312500001 0.877427684375 0.9732319437499999 0.8884996734374999 1 0.8854705062500001 1 0.8526041624999999
2 0.5075004828125 0.68485673125 0.5309834359375001 0.686712465625 0.5357639796875 0.6774962140625 0.509339978125 0.6749202296875 0.5075004828125 0.68485673125