2 0.13671875 0.8251953140625 0.14453125 0.8310546859375 0.15625 0.8154296859375 0.15625 0.7998046859375 0.1357421859375 0.79296875 0.13671875 0.8251953140625
2 0.037109375 0.4306640640625 0.032226564062500004 0.40234375 0.0234375 0.4052734359375 0 0.4404296859375 0.00390625 0.4794921859375 0.017578125 0.4853515640625 0.0263671859375 0.474609375 0.052734375 0.4638671859375 0.046875 0.4404296859375 0.037109375 0.4306640640625
2 0.2109375 0.9541015640625 0.2265625 0.9052734359375 0.2265625 0.8857421859375 0.2021484359375 0.88671875 0.193359375 0.8642578140625 0.1845703140625 0.861328125 0.16015625 0.8974609359375 0.162109375 0.9208984359375 0.15234375 0.9306640640625 0.158203125 0.9482421859375 0.171875 0.9560546859375 0.166015625 0.9755859359375 0.169921875 0.9951171859375 0.1728515640625 1 0.24609375 0.9990234359375 0.25390625 0.9873046859375 0.251953125 0.9755859359375 0.2314453140625 0.9765625 0.2109375 0.9541015640625
2 0.1513671859375 0.677734375 0.1318359359375 0.681640625 0.12890625 0.6728515640625 0.130859375 0.6572265640625 0.146484375 0.6337890640625 0.1376953140625 0.623046875 0.11621093593750001 0.623046875 0.08984375 0.5927734359375 0.09765625 0.5478515640625 0.0537109359375 0.53125 0.046875 0.5419921859375 0.044921875 0.5771484359375 0.033203125 0.6005859359375 0.0390625 0.6162109359375 0.049804685937499996 0.623046875 0.08691406406249999 0.599609375 0.091796875 0.6435546859375 0.109375 0.6591796859375 0.126953125 0.6884765640625 0.11425781406249999 0.7109375 0.08691406406249999 0.712890625 0.083984375 0.7197265640625 0.0859375 0.7412109359375 0.1015625 0.7626953140625 0.099609375 0.7783203140625 0.10546875 0.7822265640625 0.1337890640625 0.77734375 0.14453125 0.7607421859375 0.15625 0.6845703140625 0.1513671859375 0.677734375
2 0.5634765640625 0.8125 0.5478515640625 0.8359375 0.5263671859375 0.84375 0.5126953140625 0.8359375 0.509765625 0.8447265640625 0.515625 0.8662109359375 0.5322265640625 0.869140625 0.54296875 0.8935546859375 0.5546875 0.8935546859375 0.560546875 0.8857421859375 0.556640625 0.8740234359375 0.5625 0.8623046859375 0.5634765640625 0.8125
2 0.5546875 0.7314453140625 0.544921875 0.7236328140625 0.54296875 0.7099609359375 0.5322265640625 0.70703125 0.5205078140625 0.6875 0.51171875 0.6923828140625 0.509765625 0.7138671859375 0.498046875 0.7255859359375 0.49609375 0.7373046859375 0.484375 0.7451171859375 0.4912109359375 0.76171875 0.5078125 0.7646484359375 0.5205078140625 0.75390625 0.5478515640625 0.759765625 0.5546875 0.7451171859375 0.5546875 0.7314453140625
2 0.287109375 0.047851564062500004 0.287109375 0.0009765640625 0.2275390640625 0 0.2265625 0.024414064062499997 0.23828125 0.049804685937499996 0.23828125 0.07519531406249999 0.24609375 0.08496093593750001 0.240234375 0.10253906406249999 0.2490234359375 0.111328125 0.265625 0.11035156406249999 0.2744140640625 0.095703125 0.28515625 0.09667968593750001 0.279296875 0.06347656406249999 0.287109375 0.047851564062500004
2 0.515625 0.6376953140625 0.515625 0.6259765640625 0.5009765640625 0.58984375 0.4814453140625 0.59375 0.462890625 0.5849609359375 0.453125 0.5244140640625 0.4208984359375 0.49609375 0.4052734359375 0.51171875 0.39453125 0.5126953140625 0.40625 0.5908203140625 0.4375 0.6494140640625 0.4501953140625 0.65234375 0.45703125 0.6689453140625 0.466796875 0.6728515640625 0.4794921859375 0.671875 0.4931640640625 0.65234375 0.5068359359375 0.6484375 0.515625 0.6376953140625
2 0.4013671859375 0.298828125 0.3818359359375 0.30078125 0.365234375 0.2822265640625 0.3671875 0.2255859359375 0.353515625 0.1806640640625 0.3447265640625 0.16796875 0.326171875 0.1611328140625 0.3203125 0.1318359359375 0.3056640640625 0.115234375 0.30078125 0.1533203140625 0.28515625 0.1669921859375 0.296875 0.1962890640625 0.29296875 0.2275390640625 0.306640625 0.2685546859375 0.328125 0.2861328140625 0.330078125 0.2958984359375 0.318359375 0.3173828140625 0.326171875 0.3388671859375 0.345703125 0.3544921859375 0.34765625 0.3720703140625 0.36328125 0.3935546859375 0.359375 0.4150390640625 0.3759765640625 0.421875 0.3828125 0.4482421859375 0.3984375 0.4541015640625 0.404296875 0.4345703140625 0.40234375 0.3349609359375 0.408203125 0.3095703140625 0.4013671859375 0.298828125
2 0.68359375 0.2080078140625 0.6865234359375 0.21875 0.703125 0.2255859359375 0.71875 0.2119140640625 0.716796875 0.1904296859375 0.7080078140625 0.177734375 0.68359375 0.2080078140625
2 0.69921875 0.0517578140625 0.6826171859375 0.046875 0.6728515640625 0.05859375 0.662109375 0.0595703140625 0.66015625 0.07324218593750001 0.671875 0.09472656406249999 0.669921875 0.11621093593750001 0.685546875 0.12207031406249999 0.7099609359375 0.111328125 0.716796875 0.09277343593750001 0.701171875 0.07324218593750001 0.69921875 0.0517578140625
2 0.751953125 0.4658203140625 0.76953125 0.4736328140625 0.77734375 0.4541015640625 0.7646484359375 0.447265625 0.751953125 0.4560546859375 0.751953125 0.4658203140625
2 0.7421875 0.4013671859375 0.75390625 0.3818359359375 0.7373046859375 0.365234375 0.728515625 0.3896484359375 0.7421875 0.4013671859375
2 0.76953125 0.5029296859375 0.767578125 0.5185546859375 0.7734375 0.5205078140625 0.79296875 0.5146484359375 0.7880859359375 0.49609375 0.7783203140625 0.494140625 0.76953125 0.5029296859375
2 0.9228515640625 0.9140625 0.9130859359375 0.921875 0.8994140640625 0.916015625 0.880859375 0.9521484359375 0.884765625 0.9677734359375 0.900390625 0.9736328140625 0.9130859359375 0.966796875 0.9287109359375 0.96875 0.94140625 0.9482421859375 0.9228515640625 0.9140625
2 0.87890625 0.7958984359375 0.8720703140625 0.78515625 0.86328125 0.7919921859375 0.853515625 0.8291015640625 0.833984375 0.8369140640625 0.837890625 0.8525390640625 0.86328125 0.8740234359375 0.892578125 0.8486328140625 0.890625 0.8349609359375 0.880859375 0.8271484359375 0.87890625 0.7958984359375