2 0.107421875 0.2939453140625 0.10253906406249999 0.28515625 0.08691406406249999 0.283203125 0.06640625 0.2978515640625 0.072265625 0.3369140640625 0.056640625 0.3623046859375 0.06738281406249999 0.376953125 0.080078125 0.3779296859375 0.10546875 0.3701171859375 0.091796875 0.3330078140625 0.09375 0.3095703140625 0.107421875 0.2939453140625
2 0.2080078140625 0.677734375 0.1962890640625 0.666015625 0.1708984359375 0.669921875 0.185546875 0.6845703140625 0.181640625 0.7060546859375 0.189453125 0.7197265640625 0.2138671859375 0.7421875 0.220703125 0.7412109359375 0.244140625 0.7216796859375 0.228515625 0.7001953140625 0.2265625 0.6748046859375 0.2080078140625 0.677734375
2 0.2705078140625 0.884765625 0.2548828140625 0.8984375 0.2392578140625 0.900390625 0.23828125 0.9072265640625 0.2705078140625 0.94921875 0.2841796859375 0.955078125 0.3037109359375 0.94921875 0.3125 0.9541015640625 0.31640625 0.9951171859375 0.333984375 0.9990234359375 0.33984375 0.9228515640625 0.3076171859375 0.90625 0.2783203140625 0.921875 0.2705078140625 0.884765625
2 0.197265625 0.5498046859375 0.1923828140625 0.544921875 0.1708984359375 0.548828125 0.1630859359375 0.537109375 0.15234375 0.5380859359375 0.154296875 0.4970703140625 0.1416015640625 0.490234375 0.1328125 0.5166015640625 0.1328125 0.5478515640625 0.123046875 0.5517578140625 0.107421875 0.5830078140625 0.1279296859375 0.599609375 0.173828125 0.6123046859375 0.1796875 0.6083984359375 0.177734375 0.5908203140625 0.197265625 0.5634765640625 0.197265625 0.5498046859375
2 0.380859375 0.020507814062499997 0.3857421859375 0.02734375 0.396484375 0.0263671859375 0.408203125 0.018554685937500003 0.4150390640625 0 0.38671875 0.0009765640625 0.380859375 0.020507814062499997
2 0.52734375 0.5302734359375 0.53515625 0.5361328140625 0.55859375 0.5244140640625 0.5439453140625 0.484375 0.52734375 0.5068359359375 0.52734375 0.5302734359375
2 0.6162109359375 0.841796875 0.634765625 0.8408203140625 0.646484375 0.8310546859375 0.6279296859375 0.79296875 0.60546875 0.8330078140625 0.6162109359375 0.841796875
2 0.689453125 0.8701171859375 0.6767578140625 0.8671875 0.666015625 0.8798828140625 0.66015625 0.9130859359375 0.671875 0.9521484359375 0.671875 0.9775390640625 0.685546875 0.9794921859375 0.70703125 0.9521484359375 0.70703125 0.9423828140625 0.693359375 0.9169921859375 0.689453125 0.8701171859375
2 0.59375 0.5966796859375 0.59375 0.5751953140625 0.5791015640625 0.55859375 0.57421875 0.5673828140625 0.578125 0.6005859359375 0.5859375 0.6162109359375 0.58203125 0.6298828140625 0.564453125 0.6396484359375 0.564453125 0.6572265640625 0.615234375 0.6806640640625 0.62890625 0.6494140640625 0.62109375 0.6083984359375 0.6142578140625 0.595703125 0.59375 0.5966796859375
2 0.478515625 0.2041015640625 0.482421875 0.1494140640625 0.4775390640625 0.140625 0.4697265640625 0.140625 0.4580078140625 0.15625 0.427734375 0.1748046859375 0.42578125 0.1884765640625 0.4375 0.2119140640625 0.44140625 0.2470703140625 0.4482421859375 0.25390625 0.4765625 0.2548828140625 0.494140625 0.2431640640625 0.501953125 0.2060546859375 0.4970703140625 0.201171875 0.478515625 0.2041015640625
2 0.8828125 0.5341796859375 0.890625 0.5380859359375 0.896484375 0.5263671859375 0.8955078140625 0.49609375 0.87890625 0.5126953140625 0.8828125 0.5341796859375
2 1 0.7548828140625 0.9716796859375 0.740234375 0.96484375 0.7451171859375 0.966796875 0.7939453140625 0.986328125 0.8193359359375 0.98828125 0.8447265640625 1 0.8583984359375 1 0.7548828140625
2 0.875 0.4228515640625 0.892578125 0.3642578140625 0.8876953140625 0.357421875 0.8720703140625 0.359375 0.8505859359375 0.333984375 0.84375 0.3505859359375 0.853515625 0.4306640640625 0.8671875 0.4521484359375 0.87109375 0.4736328140625 0.888671875 0.4775390640625 0.90625 0.4619140640625 0.90234375 0.4404296859375 0.8798828140625 0.435546875 0.875 0.4228515640625