2 0.091796875 0.8994140640625 0.1171875 0.9091796859375 0.12109375 0.8935546859375 0.119140625 0.8642578140625 0.11425781406249999 0.861328125 0.091796875 0.8994140640625
2 0.048828125 0.7255859359375 0.0546875 0.6884765640625 0.0009765640625 0.69140625 0 0.7060546859375 0.009765625 0.7119140640625 0.015625 0.7314453140625 0.02734375 0.7353515640625 0.0234375 0.7509765640625 0.041992185937499996 0.763671875 0.068359375 0.7646484359375 0.076171875 0.7568359359375 0.07421875 0.7314453140625 0.0615234359375 0.720703125 0.048828125 0.7255859359375
2 0.3642578140625 0.49609375 0.3515625 0.5029296859375 0.3515625 0.5166015640625 0.3359375 0.5341796859375 0.333984375 0.5439453140625 0.345703125 0.5478515640625 0.3662109359375 0.537109375 0.373046875 0.5244140640625 0.375 0.5048828140625 0.3642578140625 0.49609375
2 0.306640625 0.4541015640625 0.3095703140625 0.46875 0.322265625 0.4677734359375 0.34375 0.4345703140625 0.3408203140625 0.41015625 0.32421875 0.4169921859375 0.306640625 0.4541015640625
2 0.220703125 0.1708984359375 0.2099609359375 0.138671875 0.205078125 0.1435546859375 0.20703125 0.2001953140625 0.21484375 0.2177734359375 0.22265625 0.2197265640625 0.234375 0.2119140640625 0.236328125 0.1904296859375 0.232421875 0.1787109359375 0.220703125 0.1708984359375
2 0.2509765640625 0.201171875 0.244140625 0.2099609359375 0.244140625 0.2294921859375 0.248046875 0.2744140640625 0.25390625 0.2763671859375 0.2734375 0.2646484359375 0.2734375 0.2548828140625 0.259765625 0.2080078140625 0.2509765640625 0.201171875
2 0.4423828140625 0.705078125 0.4267578140625 0.7109375 0.41796875 0.7197265640625 0.42578125 0.7470703140625 0.4609375 0.7587890640625 0.466796875 0.7529296859375 0.46484375 0.7412109359375 0.451171875 0.7119140640625 0.4423828140625 0.705078125
2 0.1474609359375 0 0.13671875 0.016601564062499997 0.13671875 0.043945314062500004 0.1591796859375 0.060546875 0.171875 0.0595703140625 0.181640625 0.043945314062500004 0.177734375 0.0146484359375 0.1708984359375 0.005859375 0.1474609359375 0
2 0.4052734359375 0.6171875 0.3857421859375 0.62890625 0.357421875 0.6650390640625 0.3623046859375 0.6796875 0.390625 0.6826171859375 0.408203125 0.6767578140625 0.404296875 0.6533203140625 0.41015625 0.6220703140625 0.4052734359375 0.6171875
2 0.5078125 0.8994140640625 0.4990234359375 0.849609375 0.484375 0.8583984359375 0.46875 0.9462890640625 0.478515625 0.9970703140625 0.48828125 0.9990234359375 0.49609375 0.9619140640625 0.486328125 0.9189453140625 0.5009765640625 0.912109375 0.5078125 0.8994140640625
2 0.767578125 0.6708984359375 0.787109375 0.6767578140625 0.8017578140625 0.67578125 0.802734375 0.6650390640625 0.7744140640625 0.658203125 0.767578125 0.6708984359375
2 0.65234375 0.2236328140625 0.66015625 0.2314453140625 0.671875 0.2197265640625 0.6806640640625 0.1875 0.654296875 0.1962890640625 0.65234375 0.2236328140625
2 0.677734375 0.3662109359375 0.677734375 0.3896484359375 0.703125 0.4111328140625 0.705078125 0.3759765640625 0.6943359359375 0.357421875 0.6845703140625 0.357421875 0.677734375 0.3662109359375
2 0.6806640640625 0.275390625 0.662109375 0.2861328140625 0.654296875 0.3212890640625 0.66796875 0.3251953140625 0.701171875 0.3017578140625 0.703125 0.2841796859375 0.6962890640625 0.27734375 0.6806640640625 0.275390625
2 0.6181640640625 0.041015625 0.603515625 0.040039064062500004 0.599609375 0.016601564062499997 0.5908203140625 0.009765625 0.57421875 0.08300781406249999 0.580078125 0.09863281406249999 0.59375 0.10253906406249999 0.60546875 0.09472656406249999 0.611328125 0.06738281406249999 0.623046875 0.0537109359375 0.6181640640625 0.041015625