2 0.0009765640625 0.5625 0 0.5947265640625 0.03125 0.6044921859375 0.02734375 0.5732421859375 0.03515625 0.5615234359375 0.024414064062499997 0.556640625 0.0009765640625 0.5625
2 0.150390625 0.9970703140625 0.212890625 0.9990234359375 0.2109375 0.9853515640625 0.1845703140625 0.96875 0.1611328140625 0.974609375 0.150390625 0.9970703140625
2 0.11425781406249999 0.765625 0.083984375 0.7783203140625 0.083984375 0.8193359359375 0.09375 0.8232421859375 0.109375 0.8134765640625 0.123046875 0.7880859359375 0.125 0.7763671859375 0.11425781406249999 0.765625
2 0.06933593593750001 0.6328125 0.060546875 0.6376953140625 0.060546875 0.6806640640625 0.046875 0.7021484359375 0.0517578140625 0.716796875 0.0625 0.7158203140625 0.091796875 0.7060546859375 0.083984375 0.6904296859375 0.0859375 0.6650390640625 0.06933593593750001 0.6328125
2 0.146484375 0.8740234359375 0.146484375 0.8583984359375 0.15625 0.8408203140625 0.1435546859375 0.83203125 0.130859375 0.8408203140625 0.109375 0.8759765640625 0.12011718593750001 0.892578125 0.1328125 0.8974609359375 0.130859375 0.9072265640625 0.115234375 0.9150390640625 0.125 0.9345703140625 0.12109375 0.9501953140625 0.1279296859375 0.958984375 0.140625 0.9580078140625 0.150390625 0.9482421859375 0.150390625 0.9267578140625 0.158203125 0.9091796859375 0.146484375 0.8740234359375
2 0.275390625 0.2314453140625 0.2861328140625 0.251953125 0.30078125 0.2548828140625 0.3125 0.2353515640625 0.3076171859375 0.2109375 0.2861328140625 0.216796875 0.275390625 0.2314453140625
2 0.3017578140625 0.259765625 0.298828125 0.2724609359375 0.2802734359375 0.27734375 0.275390625 0.2900390640625 0.2978515640625 0.314453125 0.30859375 0.3154296859375 0.3203125 0.3076171859375 0.322265625 0.2861328140625 0.314453125 0.2685546859375 0.3017578140625 0.259765625
2 0.3583984359375 0.412109375 0.3330078140625 0.3984375 0.32421875 0.4052734359375 0.326171875 0.4267578140625 0.306640625 0.4541015640625 0.3134765640625 0.46484375 0.32421875 0.4638671859375 0.3466796859375 0.455078125 0.34765625 0.4404296859375 0.36328125 0.4267578140625 0.3583984359375 0.412109375
2 0.4443359359375 0.603515625 0.4375 0.6259765640625 0.4375 0.6669921859375 0.4150390640625 0.6640625 0.412109375 0.6728515640625 0.421875 0.6865234359375 0.4248046859375 0.70703125 0.4345703140625 0.712890625 0.45703125 0.7119140640625 0.462890625 0.6982421859375 0.453125 0.6904296859375 0.453125 0.6064453140625 0.4443359359375 0.603515625
2 0.5166015640625 0.826171875 0.48828125 0.8271484359375 0.48046875 0.8642578140625 0.4921875 0.8681640640625 0.4990234359375 0.853515625 0.5107421859375 0.853515625 0.517578125 0.8447265640625 0.5166015640625 0.826171875
2 0.5478515640625 0.9375 0.5380859359375 0.919921875 0.525390625 0.9384765640625 0.525390625 0.9501953140625 0.53515625 0.9580078140625 0.529296875 0.9755859359375 0.53515625 0.9853515640625 0.552734375 0.9755859359375 0.560546875 0.9580078140625 0.560546875 0.9404296859375 0.5478515640625 0.9375
2 0.798828125 0.5302734359375 0.8017578140625 0.552734375 0.8154296859375 0.5625 0.83984375 0.5615234359375 0.849609375 0.5498046859375 0.8447265640625 0.53515625 0.8154296859375 0.525390625 0.798828125 0.5302734359375
2 0.8857421859375 0.6796875 0.8603515640625 0.68359375 0.8408203140625 0.671875 0.837890625 0.6923828140625 0.845703125 0.7294921859375 0.8662109359375 0.751953125 0.87890625 0.7529296859375 0.8984375 0.7236328140625 0.890625 0.7060546859375 0.892578125 0.6884765640625 0.8857421859375 0.6796875
2 0.6630859359375 0.17578125 0.66796875 0.1806640640625 0.6748046859375 0.171875 0.650390625 0.1708984359375 0.6552734359375 0.1796875 0.6630859359375 0.17578125
2 0.669921875 0.2119140640625 0.6787109359375 0.220703125 0.6953125 0.2216796859375 0.7109375 0.2041015640625 0.6904296859375 0.1875 0.671875 0.2021484359375 0.669921875 0.2119140640625
2 0.59765625 0.0263671859375 0.6015625 0.06542968593750001 0.6083984359375 0.06640625 0.6279296859375 0.044921875 0.646484375 0.08300781406249999 0.6328125 0.041992185937499996 0.6220703140625 0.029296875 0.6025390640625 0.021484375 0.59765625 0.0263671859375