2 0.2957571203125 0.7648107859375 0.3074199765625 0.766216671875 0.31267158125 0.7572093421874999 0.2980332015625 0.756915340625 0.2957571203125 0.7648107859375
2 0.5755304546875 0 0.5750907046875 0.0001287109375 0.572894371875 0.006073012500000001 0.5974777421875 0.0020103531250000002 0.595448921875 0 0.5755304546875 0
2 0.5151649500000001 0.367082421875 0.526907553125 0.366537165625 0.5302818031250001 0.3556695734375 0.5176005234375001 0.35528469375 0.5151649500000001 0.367082421875
2 0.48069805781249997 0.39789444375 0.49627511249999995 0.399118578125 0.501526721875 0.390111246875 0.48321338125 0.3841455734375 0.48069805781249997 0.39789444375
2 0.74346793125 0.946555475 0.7603823953125 0.93895403125 0.750056946875 0.9287225687499999 0.73619775 0.9332609828124999 0.7367377 0.9439468249999999 0.74346793125 0.946555475
2 0.0435370765625 0.866104559375 0.051046495312499995 0.873545625 0.062868840625 0.8710492265625 0.0699180578125 0.8658533046875 0.07259287187499999 0.848202153125 0.050126090624999994 0.8482716531250001 0.0435370765625 0.866104559375
2 0.654996271875 0.3391676703125 0.6625239625 0.3222648984375 0.6263574828125 0.3229705296875 0.6240016500000001 0.332817115625 0.6256397703125 0.3405308078125 0.654996271875 0.3391676703125
2 0.7300689421875 0.9637308750000001 0.7160685265625 0.9478277374999999 0.6946201734375 0.9468762296875 0.6921845953125 0.9586739578125 0.7053260796874999 0.9716958218749999 0.7300689421875 0.9637308750000001
2 0.2732254453125 0.1212546609375 0.2788575109375 0.1268354609375 0.294594059375 0.1241573109375 0.309870403125 0.10884217656249999 0.278176340625 0.0957080625 0.27316397187499997 0.0988619671875 0.2732254453125 0.1212546609375
2 0.42607530625 0.06157638125 0.4047864375 0.056722590625 0.400553253125 0.0647089109375 0.4193267984375 0.083311571875 0.4331062484375 0.0807242984375 0.45025994843749995 0.06726943125 0.4401737328125 0.0511845390625 0.42607530625 0.06157638125
2 0.208368775 0.8000275968749999 0.22989687656250002 0.7990279625000001 0.241019784375 0.7897480078125 0.2267801328125 0.7796982953125 0.1855215375 0.7855089734375 0.1808098796875 0.8052021453125 0.15301174687500002 0.8162301171875 0.1606009109375 0.821720040625 0.20773080937500002 0.8156367343750001 0.208368775 0.8000275968749999