2 0.2236328140625 0.87109375 0.2138671859375 0.87109375 0.19140625 0.9033203140625 0.19140625 0.9150390640625 0.20703125 0.9326171859375 0.20703125 0.9677734359375 0.21484375 0.9677734359375 0.22265625 0.9580078140625 0.232421875 0.9169921859375 0.232421875 0.8779296859375 0.2236328140625 0.87109375
2 0.08203125 0.6474609359375 0.0703125 0.6689453140625 0.07714843593750001 0.68359375 0.087890625 0.6845703140625 0.099609375 0.6669921859375 0.103515625 0.6435546859375 0.09863281406249999 0.634765625 0.08203125 0.6474609359375
2 0.034179685937499996 0.44140625 0.033203125 0.4716796859375 0.038085935937499996 0.478515625 0.05078125 0.4775390640625 0.056640625 0.4736328140625 0.05078125 0.4501953140625 0.043945314062500004 0.439453125 0.034179685937499996 0.44140625
2 0 0.5380859359375 0.013671875 0.5498046859375 0.016601564062499997 0.568359375 0.03515625 0.5673828140625 0.05859375 0.5478515640625 0.060546875 0.5341796859375 0.048828125 0.5224609359375 0.052734375 0.5048828140625 0.044921875 0.4892578140625 0.020507814062499997 0.474609375 0 0.4970703140625 0 0.5380859359375
2 0.515625 0.7412109359375 0.51953125 0.7529296859375 0.5390625 0.7666015640625 0.544921875 0.7822265640625 0.55859375 0.7861328140625 0.564453125 0.7802734359375 0.5625 0.7158203140625 0.5498046859375 0.703125 0.515625 0.7412109359375
2 0.4287109359375 0.408203125 0.41796875 0.4150390640625 0.41796875 0.4580078140625 0.404296875 0.4658203140625 0.4091796859375 0.482421875 0.423828125 0.4833984359375 0.44140625 0.4736328140625 0.447265625 0.4541015640625 0.431640625 0.4306640640625 0.4287109359375 0.408203125
2 0.330078125 0.1533203140625 0.345703125 0.1708984359375 0.35546875 0.1337890640625 0.3408203140625 0.12109375 0.330078125 0.1298828140625 0.330078125 0.1533203140625
2 0.734375 0.1474609359375 0.73046875 0.11425781406249999 0.7158203140625 0.107421875 0.693359375 0.1279296859375 0.693359375 0.1396484359375 0.7001953140625 0.15234375 0.71484375 0.1591796859375 0.724609375 0.2177734359375 0.732421875 0.2236328140625 0.740234375 0.2138671859375 0.734375 0.1923828140625 0.7421875 0.1591796859375 0.734375 0.1474609359375
2 0.8408203140625 0.326171875 0.82421875 0.3212890640625 0.8193359359375 0.30078125 0.798828125 0.3447265640625 0.80859375 0.3818359359375 0.81640625 0.3623046859375 0.8271484359375 0.359375 0.845703125 0.3349609359375 0.8408203140625 0.326171875
2 0.888671875 0.5283203140625 0.8720703140625 0.517578125 0.8623046859375 0.517578125 0.853515625 0.5341796859375 0.857421875 0.5712890640625 0.86328125 0.5732421859375 0.873046875 0.5634765640625 0.869140625 0.5537109359375 0.890625 0.5380859359375 0.888671875 0.5283203140625
2 0.853515625 0.4248046859375 0.8388671859375 0.408203125 0.8134765640625 0.404296875 0.806640625 0.4072265640625 0.80859375 0.4384765640625 0.8125 0.4501953140625 0.822265625 0.4541015640625 0.8232421859375 0.4453125 0.857421875 0.4306640640625 0.845703125 0.4326171859375 0.853515625 0.4248046859375
2 0.9560546859375 0.681640625 0.919921875 0.7197265640625 0.9375 0.7724609359375 0.951171875 0.7744140640625 0.951171875 0.7470703140625 0.96484375 0.7119140640625 0.96484375 0.6904296859375 0.9560546859375 0.681640625
2 0.892578125 0.6923828140625 0.8984375 0.6787109359375 0.8759765640625 0.6640625 0.88671875 0.6923828140625 0.892578125 0.6923828140625
2 0.9990234359375 0.791015625 0.962890625 0.7958984359375 0.96875 0.8076171859375 0.962890625 0.8330078140625 0.96875 0.8369140640625 0.9716796859375 0.81640625 0.9814453140625 0.822265625 1 0.8193359359375 0.9990234359375 0.791015625
2 0.2763671859375 0 0.27734375 0.0263671859375 0.291015625 0.032226564062500004 0.298828125 0.018554685937500003 0.296875 0.0068359359375 0.2919921859375 0 0.2763671859375 0