2 0.5358232546874999 0.873029853125 0.54133573125 0.85884748125 0.57596376875 0.85168885625 0.5765401125 0.84117969375 0.5548537890625 0.8348307484375 0.555405103125 0.818136965625 0.527504803125 0.8055564468749999 0.5102158125 0.8153203796874999 0.5003936015625 0.8350360484375001 0.46824614843749995 0.8434503765624999 0.45656975468749994 0.8637704234375001 0.4244598453125 0.881461684375 0.460979609375 0.8829756140624999 0.5091632453125 0.8610771890625 0.5160536796875 0.881538084375 0.5358232546874999 0.873029853125
2 0.6796601640625 0.78382831875 0.6721933859375 0.7738765843750001 0.6727071546875 0.747905871875 0.654766734375 0.7496251015625 0.63802905625 0.7426952531250001 0.613298321875 0.7486920734375 0.5928522828125 0.7429709796874999 0.5848592218750001 0.7558976484375 0.5669438296875 0.7638015015625 0.5694869875 0.7805187609375001 0.554152296875 0.8144168015625001 0.6172319453124999 0.8031449125 0.6513337 0.8188646921875 0.662383690625 0.7966845640625 0.6796601640625 0.78382831875
2 0.70446665 0.6436299078125 0.7292099046875 0.6407254 0.7614574765625 0.6570495562499999 0.7804880140625 0.618850446875 0.77548930625 0.6070621093749999 0.7563211062499999 0.611245796875 0.7483280453125001 0.6241724671875 0.7297612171875001 0.62403161875 0.70446665 0.6436299078125
2 0.913199846875 0.533275178125 0.8939941046875 0.5281819328124999 0.87225771875 0.5094637453125 0.8320546265625 0.515343190625 0.8445076 0.53399095625 0.841475703125 0.5494290312500001 0.8730593328125 0.5546161765625001 0.8823802859375001 0.563963534375 0.8953345140625 0.5535482734375 0.9034026671875001 0.5591754671875 0.9126735640625 0.5561535828124999 0.9188249624999999 0.5469236015625001 0.913199846875 0.533275178125
2 1 0.42416079531250006 0.9993945 0.42260929531249997 0.97348604375 0.44343981718750003 0.9604567312500001 0.43530121250000003 0.9326440328125001 0.44436687187499996 0.9295745921874999 0.4505280140625 0.9370163421875001 0.45429513125 0.9395970421875001 0.48028931874999997 0.9686500296875 0.4718515140625 0.9835335265625 0.479385740625 0.9952850062499999 0.477619559375 1 0.46309289375 1 0.42416079531250006
2 0.08773951875 0.7156382859375 0.096972871875 0.7033394687500001 0.09688526875 0.6816932921875 0.1123075625 0.6694414281250001 0.10978943593749999 0.6589087890624999 0.10172128124999999 0.6532815953125 0.08874202656249999 0.6575122343750001 0.073344759375 0.675948721875 0.08773951875 0.7156382859375
2 0.228933153125 0.5849810078125001 0.1665174515625 0.6073899109374999 0.149867378125 0.622106234375 0.16844672031250002 0.6253393968750001 0.2141748046875 0.6083698890625 0.229584584375 0.5930257109375 0.228933153125 0.5849810078125001
2 0.36047978281250004 0.51733175 0.3709784578125 0.5118454046875 0.3715548015625 0.50133624375 0.35667130468749997 0.49380201718750005 0.28865552031249997 0.5087471203125 0.301697353125 0.5199780328125 0.334471209375 0.5134237859375 0.36047978281250004 0.51733175
2 0.386238059375 0.4593935 0.3763157296875 0.45437068125 0.32994872656249996 0.4663878 0.357235134375 0.48020054375 0.3671950125 0.49450029375 0.388818765625 0.4853876875 0.386238059375 0.4593935
2 0.44128710312499997 0.45177134687500003 0.48022487812500003 0.439079428125 0.48142762499999997 0.430430346875 0.4585010078125 0.4234535484375 0.4269799515625 0.43372795937499997 0.41534110625 0.46332493750000003 0.4289592796875 0.46404669062500004 0.44128710312499997 0.45177134687500003
2 0.5232971703125 0.377561865625 0.5159179984375 0.38925630624999996 0.5239736328125 0.391791190625 0.5567224625 0.37905232031249997 0.5759156937500001 0.3810532515625 0.587554540625 0.351456271875 0.5868405343750001 0.3279500171875 0.56210979375 0.333946840625 0.5603557375 0.3592897015625 0.5232971703125 0.377561865625
2 0.6132252140625 0.2718718484375 0.612060009375 0.289797859375 0.6411380234374999 0.28754467968749997 0.649106059375 0.2684333859375 0.639183728125 0.26341056875 0.6132252140625 0.2718718484375
2 0.8064860578124999 0.161399740625 0.774238478125 0.145075584375 0.7638023796875 0.1660234796875 0.771256640625 0.17288290625 0.7898234703125 0.17302375625 0.8065110843750001 0.1675843625 0.8064860578124999 0.161399740625
2 0.9151060687499999 0.08677368437500001 0.9169101921875 0.0738000625 0.8828084359374999 0.058080284375 0.8767196109375 0.0827718203125 0.867448715625 0.085793703125 0.8463762750000001 0.078212528125 0.8377818421875001 0.0954637375 0.8223220031249999 0.098438671875 0.8248401281250001 0.10897130937499999 0.8137651109374999 0.12496681406250001 0.8564487843749999 0.12034307500000001 0.8674987749999999 0.098162946875 0.8866419421874999 0.0877946375 0.9151060687499999 0.08677368437500001
2 0.364366084375 0 0.34294248125000004 0.00698310625 0.3392716671875 0.017468796875 0.353541275 0.026235249999999998 0.3801261921875 0.019634051562499998 0.4123237046875 0.023588965625 0.425302965625 0.019358325000000003 0.4252529046875 0.0069890828125 0.399115425 0 0.364366084375 0
2 0.310995259375 0.064874409375 0.27939911875 0.0565949546875 0.23615161406250001 0.07482016875 0.23185439687499998 0.08344577187499999 0.24929356406249997 0.110789565625 0.265392321875 0.1127670234375 0.310995259375 0.064874409375