2 0.047851564062500004 0.654296875 0.041015625 0.6552734359375 0.037109375 0.6904296859375 0.037109375 0.7138671859375 0.04296875 0.7158203140625 0.0546875 0.6943359359375 0.076171875 0.6806640640625 0.06347656406249999 0.658203125 0.047851564062500004 0.654296875
2 0.123046875 0.9482421859375 0.125 0.9130859359375 0.11035156406249999 0.90625 0.09667968593750001 0.908203125 0.08886718593750001 0.921875 0.07910156406249999 0.91796875 0.056640625 0.9462890640625 0.056640625 0.9638671859375 0.09277343593750001 0.974609375 0.11035156406249999 0.966796875 0.12402343593750001 1 0.150390625 0.9990234359375 0.154296875 0.9775390640625 0.1484375 0.9560546859375 0.1357421859375 0.9453125 0.123046875 0.9482421859375
2 0.111328125 0.8935546859375 0.11328125 0.8740234359375 0.10449218593750001 0.869140625 0.099609375 0.8876953140625 0.111328125 0.8935546859375
2 0.513671875 0.1513671859375 0.4970703140625 0.1328125 0.494140625 0.2021484359375 0.501953125 0.2158203140625 0.521484375 0.1962890640625 0.521484375 0.1865234359375 0.51171875 0.1748046859375 0.513671875 0.1513671859375
2 0.2578125 0.4462890640625 0.2666015640625 0.4609375 0.2890625 0.4619140640625 0.298828125 0.4248046859375 0.2958984359375 0.392578125 0.26953125 0.4052734359375 0.2578125 0.4462890640625
2 0.5029296859375 0.912109375 0.4921875 0.9228515640625 0.486328125 0.9658203140625 0.5 0.9716796859375 0.501953125 0.9990234359375 0.509765625 0.9990234359375 0.525390625 0.9658203140625 0.525390625 0.9482421859375 0.521484375 0.9248046859375 0.5029296859375 0.912109375
2 0.4306640640625 0.802734375 0.416015625 0.8349609359375 0.40234375 0.8369140640625 0.404296875 0.8505859359375 0.4267578140625 0.87890625 0.466796875 0.8896484359375 0.47265625 0.8603515640625 0.458984375 0.8447265640625 0.458984375 0.8291015640625 0.4306640640625 0.802734375
2 0.4326171859375 0 0.4345703140625 0.0078125 0.4501953140625 0.00390625 0.466796875 0.020507814062499997 0.478515625 0.0556640640625 0.498046875 0.06542968593750001 0.501953125 0.08105468593750001 0.533203125 0.11230468593750001 0.541015625 0.10449218593750001 0.541015625 0.09082031406249999 0.5234375 0.07519531406249999 0.52734375 0.032226564062500004 0.5068359359375 0.02734375 0.4970703140625 0.01171875 0.4853515640625 0.017578125 0.4638671859375 0 0.4326171859375 0
2 0.21484375 0.2255859359375 0.19921875 0.1904296859375 0.1767578140625 0.1796875 0.173828125 0.2275390640625 0.1875 0.2412109359375 0.1796875 0.2470703140625 0.185546875 0.2900390640625 0.1923828140625 0.29296875 0.2060546859375 0.283203125 0.2177734359375 0.296875 0.25390625 0.3173828140625 0.2578125 0.2978515640625 0.2392578140625 0.279296875 0.220703125 0.2783203140625 0.21484375 0.2255859359375
2 0.8212890640625 0.9296875 0.8125 0.9306640640625 0.814453125 0.8955078140625 0.791015625 0.8798828140625 0.7626953140625 0.837890625 0.7548828140625 0.83984375 0.724609375 0.8740234359375 0.720703125 0.8896484359375 0.7236328140625 0.90234375 0.7314453140625 0.90234375 0.7373046859375 0.890625 0.7578125 0.8935546859375 0.7578125 0.9208984359375 0.740234375 0.9423828140625 0.7509765640625 0.955078125 0.77734375 0.9580078140625 0.7841796859375 1 0.828125 0.9990234359375 0.828125 0.9814453140625 0.84375 0.9677734359375 0.841796875 0.9541015640625 0.8212890640625 0.9296875
2 0.419921875 0.7412109359375 0.40625 0.7158203140625 0.390625 0.7138671859375 0.390625 0.7001953140625 0.412109375 0.6689453140625 0.412109375 0.6533203140625 0.4033203140625 0.619140625 0.3759765640625 0.619140625 0.3583984359375 0.59765625 0.33984375 0.5986328140625 0.33984375 0.5849609359375 0.357421875 0.5751953140625 0.359375 0.5595703140625 0.34765625 0.5244140640625 0.3369140640625 0.515625 0.31640625 0.5712890640625 0.330078125 0.5966796859375 0.3193359359375 0.611328125 0.3037109359375 0.603515625 0.30078125 0.6142578140625 0.314453125 0.6357421859375 0.3125 0.6630859359375 0.3310546859375 0.654296875 0.3408203140625 0.65625 0.3515625 0.7001953140625 0.3623046859375 0.712890625 0.3828125 0.7177734359375 0.376953125 0.7412109359375 0.361328125 0.7509765640625 0.361328125 0.7587890640625 0.373046875 0.7841796859375 0.388671875 0.7900390640625 0.3955078140625 0.767578125 0.4091796859375 0.767578125 0.421875 0.7587890640625 0.419921875 0.7412109359375
2 0.75390625 0.7646484359375 0.740234375 0.7373046859375 0.720703125 0.7314453140625 0.7421875 0.6865234359375 0.7421875 0.6669921859375 0.7275390640625 0.6484375 0.7080078140625 0.658203125 0.69921875 0.6455078140625 0.701171875 0.6279296859375 0.71484375 0.6064453140625 0.69921875 0.5654296859375 0.70703125 0.5458984359375 0.705078125 0.5302734359375 0.69140625 0.5224609359375 0.6865234359375 0.50390625 0.6708984359375 0.509765625 0.66015625 0.5048828140625 0.671875 0.4833984359375 0.673828125 0.4560546859375 0.685546875 0.4501953140625 0.689453125 0.4306640640625 0.671875 0.4189453140625 0.669921875 0.3955078140625 0.6591796859375 0.392578125 0.634765625 0.4404296859375 0.638671875 0.4677734359375 0.611328125 0.4892578140625 0.6328125 0.5361328140625 0.62890625 0.5634765640625 0.63671875 0.5791015640625 0.63671875 0.6025390640625 0.646484375 0.6103515640625 0.64453125 0.6337890640625 0.6494140640625 0.640625 0.66796875 0.6435546859375 0.654296875 0.6943359359375 0.6669921859375 0.697265625 0.6865234359375 0.673828125 0.6982421859375 0.673828125 0.701171875 0.6806640640625 0.701171875 0.6982421859375 0.673828125 0.7294921859375 0.671875 0.7490234359375 0.6767578140625 0.7578125 0.703125 0.7529296859375 0.705078125 0.7880859359375 0.693359375 0.8017578140625 0.69140625 0.8251953140625 0.70703125 0.8310546859375 0.732421875 0.8271484359375 0.734375 0.7841796859375 0.7509765640625 0.78125 0.75390625 0.7646484359375
2 0.1455078140625 0.02734375 0.138671875 0.041992185937499996 0.14453125 0.0595703140625 0.15234375 0.0595703140625 0.16015625 0.0517578140625 0.15234375 0.041992185937499996 0.154296875 0.032226564062500004 0.1455078140625 0.02734375
2 1 0.4423828140625 0.9873046859375 0.439453125 0.982421875 0.4560546859375 1 0.5224609359375 1 0.4423828140625
2 0.9658203140625 0.36328125 0.958984375 0.3720703140625 0.95703125 0.3916015640625 0.966796875 0.3896484359375 0.970703125 0.4150390640625 0.982421875 0.4248046859375 0.98828125 0.3876953140625 1 0.3740234359375 0.9990234359375 0.349609375 0.9658203140625 0.36328125
2 0.904296875 0.1357421859375 0.90625 0.1552734359375 0.91796875 0.1650390640625 0.90625 0.1787109359375 0.904296875 0.1943359359375 0.9072265640625 0.19921875 0.93359375 0.2001953140625 0.94140625 0.1884765640625 0.943359375 0.1396484359375 0.9228515640625 0.107421875 0.904296875 0.1357421859375