2 0.966796875 0.4482421859375 0.982421875 0.4365234359375 0.9697265640625 0.419921875 0.951171875 0.4326171859375 0.966796875 0.4482421859375
2 0.96875 0.6103515640625 0.984375 0.6376953140625 0.984375 0.6279296859375 1 0.6220703140625 0.9990234359375 0.603515625 0.96875 0.6103515640625
2 0.859375 0.2197265640625 0.873046875 0.2294921859375 0.87890625 0.1962890640625 0.8681640640625 0.185546875 0.861328125 0.1904296859375 0.859375 0.2197265640625
2 0.6572265640625 0.6796875 0.654296875 0.6982421859375 0.6640625 0.7490234359375 0.67578125 0.7529296859375 0.68359375 0.7431640640625 0.68359375 0.7236328140625 0.671875 0.6884765640625 0.6572265640625 0.6796875
2 0.853515625 0.1376953140625 0.86328125 0.1689453140625 0.876953125 0.1708984359375 0.896484375 0.1357421859375 0.8916015640625 0.12109375 0.8603515640625 0.126953125 0.853515625 0.1376953140625
2 0.21875 0.4833984359375 0.21875 0.4990234359375 0.2109375 0.5107421859375 0.212890625 0.5263671859375 0.22265625 0.5302734359375 0.2373046859375 0.529296875 0.25 0.5146484359375 0.2353515640625 0.474609375 0.21875 0.4833984359375
2 0.8359375 0.0556640640625 0.84765625 0.06347656406249999 0.861328125 0.043945314062500004 0.853515625 0.0029296859375 0.8251953140625 0 0.8359375 0.0556640640625
2 0.020507814062499997 0.037109375 0.00390625 0.036132814062500004 0.018554685937500003 0.06640625 0.05078125 0.07910156406249999 0.060546875 0.07519531406249999 0.0625 0.06347656406249999 0.040039064062500004 0.0234375 0.020507814062499997 0.037109375
2 0.625 0.5830078140625 0.625 0.6298828140625 0.6337890640625 0.640625 0.646484375 0.6396484359375 0.671875 0.6044921859375 0.671875 0.5908203140625 0.6611328140625 0.578125 0.625 0.5830078140625
2 0.279296875 0.6689453140625 0.26171875 0.6806640640625 0.2705078140625 0.701171875 0.29296875 0.7099609359375 0.310546875 0.7021484359375 0.2939453140625 0.6171875 0.279296875 0.6357421859375 0.279296875 0.6689453140625
2 0.314453125 0.7841796859375 0.3056640640625 0.78125 0.2978515640625 0.796875 0.2587890640625 0.794921875 0.259765625 0.8056640640625 0.2822265640625 0.818359375 0.287109375 0.8349609359375 0.306640625 0.8466796859375 0.33984375 0.8212890640625 0.3349609359375 0.8125 0.3125 0.8017578140625 0.314453125 0.7841796859375
2 0.224609375 0.3525390640625 0.224609375 0.3291015640625 0.2177734359375 0.32421875 0.203125 0.3291015640625 0.173828125 0.4033203140625 0.17578125 0.4150390640625 0.1923828140625 0.4296875 0.19921875 0.4287109359375 0.205078125 0.4208984359375 0.20703125 0.3798828140625 0.220703125 0.3681640640625 0.224609375 0.3525390640625
2 0.5458984359375 0.26953125 0.5322265640625 0.283203125 0.5126953140625 0.28125 0.50390625 0.3095703140625 0.505859375 0.3232421859375 0.515625 0.3291015640625 0.517578125 0.3642578140625 0.529296875 0.3701171859375 0.55078125 0.3466796859375 0.544921875 0.3134765640625 0.552734375 0.2763671859375 0.5458984359375 0.26953125
2 0.09082031406249999 0.251953125 0.083984375 0.2607421859375 0.08984375 0.2802734359375 0.10839843593750001 0.291015625 0.1171875 0.3056640640625 0.109375 0.3310546859375 0.1298828140625 0.337890625 0.1484375 0.3564453140625 0.158203125 0.3251953140625 0.13671875 0.2763671859375 0.10644531406249999 0.25 0.09082031406249999 0.251953125
2 0.4052734359375 0.939453125 0.3779296859375 0.935546875 0.3720703140625 0.921875 0.3603515640625 0.921875 0.3544921859375 0.935546875 0.33984375 0.9404296859375 0.345703125 0.9853515640625 0.3564453140625 1 0.412109375 0.9990234359375 0.416015625 0.9873046859375 0.3984375 0.9736328140625 0.40625 0.9580078140625 0.4052734359375 0.939453125
2 0.498046875 0.06542968593750001 0.525390625 0.0302734359375 0.5302734359375 0 0.443359375 0.0009765640625 0.443359375 0.049804685937499996 0.42578125 0.0615234359375 0.423828125 0.07128906406249999 0.44140625 0.08691406406249999 0.44140625 0.10058593593750001 0.47265625 0.1259765640625 0.48046875 0.12011718593750001 0.48046875 0.09472656406249999 0.49609375 0.08496093593750001 0.498046875 0.06542968593750001