2 0.11328125 0.3564453140625 0.11328125 0.3408203140625 0.10253906406249999 0.3359375 0.099609375 0.3544921859375 0.11328125 0.3564453140625
2 0.103515625 0.4560546859375 0.10058593593750001 0.435546875 0.08203125 0.4501953140625 0.08496093593750001 0.45703125 0.103515625 0.4560546859375
2 0.0546875 0.3916015640625 0.060546875 0.4326171859375 0.0625 0.4423828140625 0.0703125 0.4443359359375 0.083984375 0.4150390640625 0.076171875 0.3896484359375 0.0595703140625 0.3828125 0.0546875 0.3916015640625
2 0.037109375 0.2900390640625 0.0390625 0.2685546859375 0.008789064062500001 0.23828125 0.00390625 0.2607421859375 0.013671875 0.2802734359375 0.033203125 0.2958984359375 0.033203125 0.3076171859375 0.06347656406249999 0.330078125 0.07519531406249999 0.326171875 0.080078125 0.3408203140625 0.0859375 0.3408203140625 0.0859375 0.3173828140625 0.07324218593750001 0.318359375 0.06738281406249999 0.302734375 0.037109375 0.2900390640625
2 0.11816406406249999 0.525390625 0.10839843593750001 0.525390625 0.1015625 0.5439453140625 0.1171875 0.5634765640625 0.111328125 0.5986328140625 0.111328125 0.6083984359375 0.1171875 0.6103515640625 0.138671875 0.6005859359375 0.1328125 0.5810546859375 0.134765625 0.5439453140625 0.11816406406249999 0.525390625
2 0.1962890640625 0.728515625 0.18359375 0.7177734359375 0.18359375 0.6806640640625 0.1513671859375 0.66796875 0.146484375 0.6845703140625 0.158203125 0.6943359359375 0.166015625 0.7373046859375 0.162109375 0.7763671859375 0.1669921859375 0.78125 0.1787109359375 0.771484375 0.185546875 0.7783203140625 0.185546875 0.8076171859375 0.2041015640625 0.82421875 0.2109375 0.8232421859375 0.2265625 0.7841796859375 0.205078125 0.7607421859375 0.208984375 0.7294921859375 0.1962890640625 0.728515625
2 0.548828125 0.9716796859375 0.5615234359375 0.99609375 0.595703125 0.9990234359375 0.583984375 0.9814453140625 0.5791015640625 0.953125 0.552734375 0.9599609359375 0.548828125 0.9716796859375
2 0.4521484359375 0.55859375 0.4375 0.5673828140625 0.447265625 0.5869140640625 0.4521484359375 0.55859375
2 0.4697265640625 0.615234375 0.46484375 0.6748046859375 0.4765625 0.7158203140625 0.48828125 0.7216796859375 0.4921875 0.6884765640625 0.48046875 0.6513671859375 0.482421875 0.6318359359375 0.4697265640625 0.615234375
2 0.4912109359375 0.734375 0.486328125 0.7412109359375 0.486328125 0.7998046859375 0.505859375 0.8154296859375 0.51171875 0.8349609359375 0.525390625 0.8408203140625 0.52734375 0.8154296859375 0.509765625 0.7783203140625 0.505859375 0.7529296859375 0.4912109359375 0.734375
2 0.2490234359375 0 0.25 0.0126953140625 0.28515625 0.045898435937499996 0.28125 0.008789064062500001 0.2705078140625 0 0.2490234359375 0
2 0.326171875 0.1494140640625 0.337890625 0.1533203140625 0.33984375 0.12402343593750001 0.3291015640625 0.115234375 0.32421875 0.12011718593750001 0.326171875 0.1494140640625
2 0.828125 0.9150390640625 0.837890625 0.9462890640625 0.84375 0.9482421859375 0.84765625 0.9072265640625 0.8388671859375 0.89453125 0.828125 0.9013671859375 0.828125 0.9150390640625
2 0.8095703140625 0.8046875 0.80859375 0.8369140640625 0.826171875 0.8798828140625 0.833984375 0.8837890640625 0.8359375 0.8525390640625 0.826171875 0.8447265640625 0.82421875 0.8193359359375 0.8095703140625 0.8046875
2 0.763671875 0.5322265640625 0.7529296859375 0.52734375 0.74609375 0.5771484359375 0.748046875 0.6181640640625 0.755859375 0.6201171859375 0.763671875 0.6025390640625 0.759765625 0.5712890640625 0.76953125 0.5537109359375 0.763671875 0.5322265640625
2 0.81640625 0.7158203140625 0.7958984359375 0.697265625 0.78515625 0.7216796859375 0.802734375 0.7392578140625 0.794921875 0.7822265640625 0.798828125 0.7939453140625 0.810546875 0.7978515640625 0.826171875 0.7822265640625 0.81640625 0.7529296859375 0.822265625 0.7333984359375 0.81640625 0.7158203140625
2 0.80078125 0.6240234359375 0.7919921859375 0.611328125 0.7744140640625 0.61328125 0.7578125 0.6240234359375 0.76953125 0.6513671859375 0.765625 0.6767578140625 0.77734375 0.6787109359375 0.7978515640625 0.67578125 0.806640625 0.6669921859375 0.796875 0.6455078140625 0.80078125 0.6240234359375
2 0.654296875 0.2802734359375 0.65234375 0.3056640640625 0.6640625 0.3076171859375 0.689453125 0.2978515640625 0.689453125 0.2861328140625 0.6806640640625 0.275390625 0.654296875 0.2802734359375
2 0.587890625 0.043945314062500004 0.587890625 0.018554685937500003 0.5791015640625 0.01171875 0.5703125 0.0263671859375 0.587890625 0.043945314062500004
2 0.8203125 0.022460935937500003 0.828125 0.024414064062499997 0.84375 0.018554685937500003 0.8466796859375 0 0.818359375 0.0009765640625 0.8203125 0.022460935937500003
2 0.958984375 0.3466796859375 0.939453125 0.3056640640625 0.947265625 0.2822265640625 0.93359375 0.2666015640625 0.935546875 0.2412109359375 0.921875 0.2255859359375 0.92578125 0.1572265640625 0.9169921859375 0.14453125 0.90234375 0.1689453140625 0.896484375 0.2470703140625 0.912109375 0.2685546859375 0.90625 0.3037109359375 0.9130859359375 0.3125 0.9189453140625 0.306640625 0.931640625 0.3095703140625 0.92578125 0.3427734359375 0.943359375 0.3623046859375 0.939453125 0.3935546859375 0.9453125 0.4091796859375 0.955078125 0.4130859359375 0.9755859359375 0.404296875 0.982421875 0.3896484359375 0.962890625 0.3759765640625 0.958984375 0.3466796859375
2 1 0.4384765640625 0.9892578140625 0.435546875 0.96484375 0.4560546859375 0.96484375 0.4638671859375 0.970703125 0.4755859359375 0.96875 0.4990234359375 0.9921875 0.5439453140625 0.9765625 0.6337890640625 1 0.6435546859375 1 0.5419921859375 0.994140625 0.5361328140625 1 0.5126953140625 1 0.4384765640625
2 0.01953125 0.2158203140625 0.021484375 0.1884765640625 0.0009765640625 0.18359375 0 0.2001953140625 0.01953125 0.2158203140625