2 0.087890625 0.5947265640625 0.1015625 0.5654296859375 0.0615234359375 0.53125 0.064453125 0.5615234359375 0.087890625 0.5947265640625
2 0.1923828140625 0.974609375 0.220703125 0.9892578140625 0.248046875 0.9599609359375 0.2275390640625 0.9375 0.185546875 0.9599609359375 0.1923828140625 0.974609375
2 0.1904296859375 0.837890625 0.1708984359375 0.85546875 0.15234375 0.8544921859375 0.16015625 0.8955078140625 0.1796875 0.9248046859375 0.185546875 0.9248046859375 0.1953125 0.9072265640625 0.19921875 0.8779296859375 0.19921875 0.8505859359375 0.1904296859375 0.837890625
2 0.03125 0.4248046859375 0.0009765640625 0.40625 0 0.5400390640625 0.0078125 0.5400390640625 0.020507814062499997 0.517578125 0.040039064062500004 0.521484375 0.048828125 0.5068359359375 0.03125 0.4248046859375
2 0.134765625 0.7080078140625 0.1171875 0.6923828140625 0.11035156406249999 0.673828125 0.09863281406249999 0.6796875 0.08105468593750001 0.67578125 0.080078125 0.7431640640625 0.126953125 0.7822265640625 0.14453125 0.8212890640625 0.154296875 0.8271484359375 0.162109375 0.7529296859375 0.1494140640625 0.734375 0.1328125 0.7373046859375 0.134765625 0.7080078140625
2 0.41796875 0.4326171859375 0.416015625 0.4091796859375 0.3974609359375 0.39453125 0.39453125 0.4111328140625 0.41796875 0.4326171859375
2 0.2861328140625 0.072265625 0.2705078140625 0.07421875 0.25390625 0.08886718593750001 0.248046875 0.1298828140625 0.2548828140625 0.142578125 0.267578125 0.1435546859375 0.2783203140625 0.140625 0.298828125 0.11816406406249999 0.298828125 0.09472656406249999 0.2861328140625 0.072265625
2 0.4228515640625 0.4609375 0.4140625 0.4716796859375 0.419921875 0.4873046859375 0.41015625 0.4990234359375 0.41015625 0.5107421859375 0.427734375 0.5576171859375 0.443359375 0.5615234359375 0.451171875 0.5458984359375 0.44921875 0.4912109359375 0.4375 0.4658203140625 0.4228515640625 0.4609375
2 0.4755859359375 0.59765625 0.4384765640625 0.59765625 0.4375 0.6181640640625 0.46875 0.6416015640625 0.46484375 0.6572265640625 0.48046875 0.6748046859375 0.509765625 0.6416015640625 0.509765625 0.6279296859375 0.4990234359375 0.625 0.4755859359375 0.59765625
2 0.560546875 0.7431640640625 0.5244140640625 0.71875 0.51953125 0.7373046859375 0.498046875 0.7548828140625 0.5126953140625 0.763671875 0.5302734359375 0.7578125 0.541015625 0.7646484359375 0.54296875 0.7900390640625 0.53125 0.8134765640625 0.548828125 0.8330078140625 0.552734375 0.8486328140625 0.56640625 0.8525390640625 0.572265625 0.8447265640625 0.568359375 0.8056640640625 0.552734375 0.7822265640625 0.560546875 0.7431640640625
2 0.34765625 0.2431640640625 0.34375 0.2119140640625 0.3271484359375 0.19921875 0.318359375 0.2119140640625 0.3203125 0.2568359359375 0.330078125 0.2861328140625 0.3671875 0.3310546859375 0.3671875 0.3681640640625 0.37890625 0.3720703140625 0.388671875 0.3251953140625 0.3671875 0.2958984359375 0.365234375 0.2705078140625 0.34765625 0.2431640640625
2 0.91796875 0.7333984359375 0.927734375 0.7373046859375 0.921875 0.7255859359375 0.9296875 0.7158203140625 0.9130859359375 0.7109375 0.91796875 0.7333984359375
2 0.736328125 0.2822265640625 0.751953125 0.2861328140625 0.76171875 0.2802734359375 0.76171875 0.2666015640625 0.7431640640625 0.263671875 0.736328125 0.2822265640625
2 0.8603515640625 0.552734375 0.85546875 0.5634765640625 0.861328125 0.5810546859375 0.876953125 0.5908203140625 0.87890625 0.6142578140625 0.896484375 0.6533203140625 0.912109375 0.6591796859375 0.912109375 0.6025390640625 0.8828125 0.5771484359375 0.8818359359375 0.556640625 0.8603515640625 0.552734375
2 0.708984375 0.10644531406249999 0.70703125 0.1513671859375 0.697265625 0.1689453140625 0.7001953140625 0.185546875 0.71484375 0.1845703140625 0.751953125 0.1513671859375 0.751953125 0.1376953140625 0.7177734359375 0.09765625 0.708984375 0.10644531406249999
2 0.861328125 0.4208984359375 0.8564453140625 0.40625 0.845703125 0.4033203140625 0.8369140640625 0.376953125 0.8154296859375 0.375 0.810546875 0.3916015640625 0.814453125 0.4072265640625 0.8203125 0.4091796859375 0.818359375 0.4365234359375 0.8427734359375 0.46875 0.857421875 0.4697265640625 0.861328125 0.4560546859375 0.875 0.4482421859375 0.876953125 0.4306640640625 0.861328125 0.4208984359375
2 0.666015625 0.047851564062500004 0.677734375 0.0517578140625 0.68359375 0.0126953140625 0.6953125 0.0009765640625 0.6572265640625 0 0.666015625 0.047851564062500004