2 0.024414064062499997 0.41015625 0.0390625 0.4130859359375 0.05078125 0.4091796859375 0.045898435937499996 0.400390625 0.021484375 0.4033203140625 0.024414064062499997 0.41015625
2 0 0.9873046859375 0.009765625 0.9951171859375 0.015625 0.9892578140625 0.013671875 0.9619140640625 0.0029296859375 0.95703125 0 0.9873046859375
2 0.873046875 0.9990234359375 0.875 0.9794921859375 0.8583984359375 0.974609375 0.84765625 0.9951171859375 0.873046875 0.9990234359375
2 0.673828125 0.3310546859375 0.681640625 0.3330078140625 0.68359375 0.3076171859375 0.6689453140625 0.287109375 0.666015625 0.3115234359375 0.673828125 0.3310546859375
2 0.7216796859375 0.5703125 0.732421875 0.5693359359375 0.736328125 0.5458984359375 0.7197265640625 0.533203125 0.71484375 0.5615234359375 0.7216796859375 0.5703125
2 0.25 0.9521484359375 0.25390625 0.9833984359375 0.263671875 0.9873046859375 0.271484375 0.9423828140625 0.2666015640625 0.923828125 0.255859375 0.9326171859375 0.25 0.9521484359375
2 0.4765625 0.7216796859375 0.47265625 0.7412109359375 0.47265625 0.7646484359375 0.48828125 0.7685546859375 0.494140625 0.7626953140625 0.494140625 0.7216796859375 0.4892578140625 0.716796875 0.4765625 0.7216796859375
2 0.712890625 0.4365234359375 0.7109375 0.4091796859375 0.6845703140625 0.375 0.68359375 0.4248046859375 0.712890625 0.4365234359375
2 0.349609375 0.3701171859375 0.349609375 0.3837890640625 0.3583984359375 0.390625 0.375 0.3896484359375 0.390625 0.3759765640625 0.38671875 0.3583984359375 0.3681640640625 0.345703125 0.349609375 0.3701171859375
2 0.12402343593750001 0.53515625 0.10644531406249999 0.53125 0.103515625 0.5849609359375 0.123046875 0.5966796859375 0.12109375 0.5810546859375 0.1328125 0.5673828140625 0.130859375 0.5498046859375 0.12402343593750001 0.53515625
2 0.3173828140625 0.205078125 0.2900390640625 0.2109375 0.28125 0.2255859359375 0.2861328140625 0.248046875 0.30859375 0.2509765640625 0.3203125 0.2451171859375 0.326171875 0.2314453140625 0.326171875 0.2119140640625 0.3173828140625 0.205078125
2 0.525390625 0.9228515640625 0.55859375 0.9501953140625 0.5546875 0.9951171859375 0.591796875 0.9990234359375 0.564453125 0.9658203140625 0.560546875 0.9033203140625 0.5361328140625 0.89453125 0.525390625 0.9228515640625
2 0.2451171859375 0.89453125 0.25390625 0.8857421859375 0.2353515640625 0.845703125 0.21484375 0.8642578140625 0.21875 0.8857421859375 0.189453125 0.8916015640625 0.1953125 0.9091796859375 0.189453125 0.9287109359375 0.201171875 0.9326171859375 0.2138671859375 0.919921875 0.224609375 0.9208984359375 0.2216796859375 0.888671875 0.2451171859375 0.89453125
2 0.642578125 0.11035156406249999 0.6396484359375 0.095703125 0.6181640640625 0.09765625 0.607421875 0.1298828140625 0.625 0.1435546859375 0.625 0.1689453140625 0.638671875 0.1708984359375 0.65234375 0.1533203140625 0.662109375 0.12402343593750001 0.6572265640625 0.11328125 0.642578125 0.11035156406249999
2 0.189453125 0.7041015640625 0.1845703140625 0.6953125 0.1748046859375 0.6953125 0.154296875 0.7099609359375 0.1484375 0.7392578140625 0.13671875 0.7509765640625 0.14453125 0.7646484359375 0.14453125 0.7861328140625 0.15234375 0.7900390640625 0.173828125 0.7607421859375 0.171875 0.7470703140625 0.185546875 0.7353515640625 0.189453125 0.7041015640625
2 0.1787109359375 0 0.171875 0.032226564062500004 0.2060546859375 0.048828125 0.2177734359375 0.046875 0.2265625 0.06347656406249999 0.224609375 0.07714843593750001 0.234375 0.07910156406249999 0.2451171859375 0.076171875 0.2490234359375 0.064453125 0.2646484359375 0.076171875 0.279296875 0.06933593593750001 0.27734375 0.045898435937499996 0.263671875 0.036132814062500004 0.26953125 0.0029296859375 0.255859375 0.0009765640625 0.2373046859375 0.041015625 0.2236328140625 0.005859375 0.2138671859375 0 0.1787109359375 0
2 0.41796875 0.5283203140625 0.4091796859375 0.517578125 0.392578125 0.5126953140625 0.388671875 0.4384765640625 0.400390625 0.4169921859375 0.3916015640625 0.40625 0.3779296859375 0.40625 0.3671875 0.4150390640625 0.357421875 0.4423828140625 0.3671875 0.4697265640625 0.357421875 0.5068359359375 0.359375 0.5244140640625 0.3720703140625 0.560546875 0.3818359359375 0.55859375 0.3896484359375 0.546875 0.3935546859375 0.55859375 0.40625 0.5615234359375 0.404296875 0.6083984359375 0.4189453140625 0.625 0.4296875 0.6259765640625 0.4375 0.5869140640625 0.44921875 0.5693359359375 0.4248046859375 0.5625 0.41796875 0.5283203140625