2 0.1015625 0.09863281406249999 0.08886718593750001 0.091796875 0.06738281406249999 0.099609375 0.0556640640625 0.083984375 0.034179685937499996 0.08203125 0.029296875 0.09472656406249999 0.05078125 0.11621093593750001 0.046875 0.1298828140625 0.056640625 0.1416015640625 0.060546875 0.1708984359375 0.0703125 0.1767578140625 0.078125 0.1650390640625 0.078125 0.1357421859375 0.087890625 0.1318359359375 0.1015625 0.09863281406249999
2 0.18359375 0.3701171859375 0.16796875 0.3544921859375 0.169921875 0.3212890640625 0.154296875 0.3037109359375 0.1474609359375 0.267578125 0.134765625 0.3017578140625 0.140625 0.3544921859375 0.119140625 0.3544921859375 0.12109375 0.3759765640625 0.1328125 0.3857421859375 0.12890625 0.4208984359375 0.138671875 0.4248046859375 0.1513671859375 0.40625 0.1669921859375 0.412109375 0.1875 0.3896484359375 0.18359375 0.3701171859375
2 0.2265625 0.4716796859375 0.216796875 0.4599609359375 0.21484375 0.4404296859375 0.1982421859375 0.4375 0.1708984359375 0.412109375 0.162109375 0.4755859359375 0.13671875 0.5029296859375 0.154296875 0.5205078140625 0.1611328140625 0.541015625 0.1728515640625 0.537109375 0.197265625 0.5458984359375 0.201171875 0.5283203140625 0.212890625 0.5146484359375 0.21484375 0.4892578140625 0.2265625 0.4716796859375
2 0.2861328140625 0.609375 0.28125 0.6337890640625 0.255859375 0.6591796859375 0.2861328140625 0.689453125 0.298828125 0.6884765640625 0.30078125 0.6689453140625 0.291015625 0.6572265640625 0.296875 0.6396484359375 0.2861328140625 0.609375
2 0.3466796859375 0.77734375 0.3330078140625 0.76953125 0.318359375 0.7978515640625 0.306640625 0.8037109359375 0.3125 0.8193359359375 0.3046875 0.8251953140625 0.3046875 0.8349609359375 0.3115234359375 0.84375 0.326171875 0.8427734359375 0.3369140640625 0.826171875 0.361328125 0.8115234359375 0.3681640640625 0.771484375 0.3466796859375 0.77734375
2 0.3994140640625 0.884765625 0.3935546859375 0.890625 0.3681640640625 0.884765625 0.3671875 0.9150390640625 0.35546875 0.9267578140625 0.353515625 0.9384765640625 0.3837890640625 0.9609375 0.404296875 0.9599609359375 0.392578125 0.9287109359375 0.404296875 0.9189453140625 0.404296875 0.8896484359375 0.3994140640625 0.884765625
2 0.408203125 0.0009765640625 0.4169921859375 0.013671875 0.4375 0.020507814062499997 0.4443359359375 0.0390625 0.455078125 0.040039064062500004 0.462890625 0.034179685937499996 0.462890625 0.020507814062499997 0.4501953140625 0 0.408203125 0.0009765640625
2 0.470703125 0.1552734359375 0.48046875 0.1748046859375 0.48828125 0.1767578140625 0.486328125 0.11035156406249999 0.4775390640625 0.08984375 0.46875 0.10644531406249999 0.470703125 0.1552734359375
2 0.5234375 0.2998046859375 0.51171875 0.3232421859375 0.513671875 0.3349609359375 0.5234375 0.3388671859375 0.53515625 0.3271484359375 0.5419921859375 0.2578125 0.52734375 0.2666015640625 0.5234375 0.2998046859375
2 0.53125 0.3369140640625 0.533203125 0.3603515640625 0.55859375 0.3662109359375 0.56640625 0.3583984359375 0.5693359359375 0.310546875 0.5478515640625 0.33203125 0.53125 0.3369140640625
2 0.541015625 0.4052734359375 0.548828125 0.4208984359375 0.548828125 0.4619140640625 0.556640625 0.4658203140625 0.5703125 0.4462890640625 0.5703125 0.4130859359375 0.5458984359375 0.392578125 0.541015625 0.4052734359375
2 0.5849609359375 0.51171875 0.580078125 0.5185546859375 0.58203125 0.5537109359375 0.57421875 0.5712890640625 0.5986328140625 0.591796875 0.62109375 0.5986328140625 0.623046875 0.5732421859375 0.599609375 0.5634765640625 0.59375 0.5224609359375 0.5849609359375 0.51171875
2 0.642578125 0.6630859359375 0.658203125 0.6767578140625 0.666015625 0.6689453140625 0.666015625 0.6416015640625 0.6494140640625 0.634765625 0.642578125 0.6630859359375
2 0.705078125 0.8408203140625 0.705078125 0.8583984359375 0.7109375 0.8603515640625 0.736328125 0.8349609359375 0.7197265640625 0.818359375 0.7109375 0.8232421859375 0.705078125 0.8408203140625
2 0.77734375 0.9248046859375 0.763671875 0.9111328140625 0.765625 0.8955078140625 0.7548828140625 0.89453125 0.7431640640625 0.87890625 0.734375 0.9208984359375 0.751953125 0.9384765640625 0.755859375 0.9599609359375 0.748046875 0.9873046859375 0.759765625 0.9931640640625 0.78515625 0.9658203140625 0.763671875 0.9521484359375 0.763671875 0.9423828140625 0.77734375 0.9248046859375
2 1 0.4697265640625 0.9912109359375 0.462890625 0.978515625 0.4736328140625 0.9765625 0.5009765640625 0.962890625 0.5302734359375 0.962890625 0.5439453140625 0.974609375 0.5478515640625 1 0.5087890640625 1 0.4697265640625
2 0.9306640640625 0.34765625 0.923828125 0.3623046859375 0.955078125 0.4208984359375 0.97265625 0.3935546859375 0.96875 0.3466796859375 0.9619140640625 0.33984375 0.9306640640625 0.34765625