0 0.361328125 0.4228515640625 0.365234375 0.4365234359375 0.359375 0.4697265640625 0.37109375 0.4755859359375 0.37109375 0.4404296859375 0.388671875 0.4150390640625 0.3701171859375 0.400390625 0.361328125 0.4228515640625
0 0.466796875 0.4580078140625 0.4580078140625 0.451171875 0.4404296859375 0.451171875 0.435546875 0.4931640640625 0.4609375 0.5146484359375 0.466796875 0.5107421859375 0.466796875 0.4931640640625 0.45703125 0.4814453140625 0.466796875 0.4580078140625
0 0.5634765640625 0.39453125 0.5517578140625 0.400390625 0.5390625 0.4150390640625 0.544921875 0.4326171859375 0.599609375 0.4638671859375 0.607421875 0.4306640640625 0.58203125 0.4130859359375 0.5791015640625 0.3984375 0.5634765640625 0.39453125
0 0.767578125 0.2177734359375 0.779296875 0.1865234359375 0.767578125 0.1708984359375 0.767578125 0.1357421859375 0.7587890640625 0.126953125 0.7470703140625 0.142578125 0.7275390640625 0.140625 0.720703125 0.1474609359375 0.716796875 0.2001953140625 0.705078125 0.2138671859375 0.703125 0.2333984359375 0.708984375 0.2373046859375 0.705078125 0.2490234359375 0.734375 0.2685546859375 0.732421875 0.2998046859375 0.7373046859375 0.3046875 0.7548828140625 0.298828125 0.76171875 0.3056640640625 0.7734375 0.2919921859375 0.779296875 0.2626953140625 0.79296875 0.2431640640625 0.767578125 0.2177734359375
0 0.4228515640625 0 0.41796875 0.0068359359375 0.4296875 0.040039064062500004 0.423828125 0.07519531406249999 0.4453125 0.08886718593750001 0.4541015640625 0.109375 0.466796875 0.11230468593750001 0.46875 0.1708984359375 0.494140625 0.1904296859375 0.494140625 0.2158203140625 0.50390625 0.2490234359375 0.5244140640625 0.255859375 0.533203125 0.2802734359375 0.54296875 0.2822265640625 0.564453125 0.2314453140625 0.5625 0.1904296859375 0.57421875 0.1669921859375 0.580078125 0.11230468593750001 0.59765625 0.0595703140625 0.59765625 0.047851564062500004 0.58203125 0.036132814062500004 0.58203125 0.0048828140625 0.5791015640625 0 0.4775390640625 0 0.4755859359375 0.005859375 0.4697265640625 0 0.4228515640625 0
2 0.8125 0.5322265640625 0.81640625 0.5048828140625 0.8095703140625 0.4921875 0.8046875 0.5087890640625 0.8125 0.5322265640625
2 0.841796875 0.2001953140625 0.859375 0.2021484359375 0.859375 0.1884765640625 0.875 0.1865234359375 0.8740234359375 0.173828125 0.841796875 0.2001953140625
2 0.1474609359375 0.89453125 0.15625 0.8935546859375 0.158203125 0.8701171859375 0.1474609359375 0.861328125 0.142578125 0.8818359359375 0.1474609359375 0.89453125
2 0.24609375 0.4833984359375 0.25390625 0.4931640640625 0.265625 0.4716796859375 0.2587890640625 0.453125 0.248046875 0.4580078140625 0.24609375 0.4833984359375
2 0.1513671859375 0.224609375 0.16015625 0.2568359359375 0.17578125 0.2646484359375 0.181640625 0.2568359359375 0.1796875 0.2431640640625 0.1669921859375 0.228515625 0.1513671859375 0.224609375
2 0.19140625 0.3486328140625 0.2001953140625 0.359375 0.20703125 0.3583984359375 0.216796875 0.3427734359375 0.216796875 0.3271484359375 0.2001953140625 0.310546875 0.19140625 0.3486328140625
2 0.1875 0.9658203140625 0.197265625 0.9677734359375 0.212890625 0.9521484359375 0.2021484359375 0.919921875 0.17578125 0.9345703140625 0.1875 0.9658203140625
2 0.94140625 0.6533203140625 0.9482421859375 0.666015625 0.96875 0.6728515640625 0.96875 0.6240234359375 0.9580078140625 0.615234375 0.947265625 0.6240234359375 0.94140625 0.6533203140625
2 0.853515625 0.3017578140625 0.8515625 0.3291015640625 0.86328125 0.3408203140625 0.890625 0.3037109359375 0.892578125 0.2841796859375 0.8876953140625 0.279296875 0.853515625 0.3017578140625
2 0.732421875 0.9423828140625 0.736328125 0.9638671859375 0.763671875 0.9814453140625 0.7626953140625 1 0.78125 0.9990234359375 0.759765625 0.9423828140625 0.75 0.9248046859375 0.7431640640625 0.923828125 0.732421875 0.9423828140625
2 1 0.7763671859375 0.98828125 0.7626953140625 0.986328125 0.7431640640625 0.9921875 0.7412109359375 0.9814453140625 0.73046875 0.970703125 0.7373046859375 0.96484375 0.7724609359375 0.96875 0.7841796859375 0.9873046859375 0.794921875 0.9921875 0.8115234359375 1 0.8154296859375 1 0.7763671859375
2 0.2998046859375 0.53515625 0.287109375 0.5419921859375 0.28515625 0.5556640640625 0.294921875 0.5693359359375 0.296875 0.5908203140625 0.306640625 0.5927734359375 0.3251953140625 0.58984375 0.328125 0.5751953140625 0.310546875 0.5380859359375 0.2998046859375 0.53515625
2 1 0.5615234359375 0.9814453140625 0.556640625 0.96875 0.5634765640625 0.966796875 0.5947265640625 0.970703125 0.6142578140625 0.986328125 0.6220703140625 1 0.6044921859375 1 0.5615234359375
2 0.138671875 0.08496093593750001 0.138671875 0.06347656406249999 0.1279296859375 0.056640625 0.11328125 0.10058593593750001 0.125 0.11816406406249999 0.125 0.1376953140625 0.1328125 0.1396484359375 0.15625 0.1298828140625 0.15625 0.11230468593750001 0.15234375 0.09472656406249999 0.138671875 0.08496093593750001
2 0.9208984359375 0.341796875 0.876953125 0.3818359359375 0.8896484359375 0.41015625 0.919921875 0.4130859359375 0.93359375 0.3818359359375 0.9375 0.3486328140625 0.9326171859375 0.341796875 0.9208984359375 0.341796875
2 0.41015625 0.8896484359375 0.423828125 0.9091796859375 0.4296875 0.9482421859375 0.462890625 0.9541015640625 0.455078125 0.8681640640625 0.4365234359375 0.86328125 0.4150390640625 0.87109375 0.41015625 0.8896484359375
2 0.3916015640625 0.783203125 0.390625 0.7958984359375 0.3798828140625 0.80859375 0.376953125 0.7958984359375 0.3681640640625 0.794921875 0.3515625 0.8095703140625 0.3544921859375 0.82421875 0.373046875 0.8291015640625 0.373046875 0.8525390640625 0.392578125 0.8603515640625 0.421875 0.8408203140625 0.4267578140625 0.7890625 0.4052734359375 0.79296875 0.3916015640625 0.783203125
2 0.94140625 0.4677734359375 0.953125 0.4541015640625 0.9482421859375 0.4375 0.9287109359375 0.4375 0.9189453140625 0.44921875 0.90625 0.4521484359375 0.9140625 0.4873046859375 0.8984375 0.5283203140625 0.9130859359375 0.546875 0.921875 0.5458984359375 0.943359375 0.5322265640625 0.94140625 0.5087890640625 0.94921875 0.4873046859375 0.94140625 0.4677734359375
2 0.712890625 0.7822265640625 0.703125 0.7705078140625 0.703125 0.7490234359375 0.689453125 0.7314453140625 0.6845703140625 0.70703125 0.67578125 0.7177734359375 0.671875 0.7412109359375 0.68359375 0.8212890640625 0.701171875 0.8447265640625 0.703125 0.8603515640625 0.7158203140625 0.873046875 0.728515625 0.8740234359375 0.740234375 0.8544921859375 0.728515625 0.8291015640625 0.712890625 0.8134765640625 0.712890625 0.7822265640625