2 0.6918593359375 0.24228199374999998 0.6843339390625001 0.2569422421875 0.6873112781249999 0.26534131875 0.7037686875 0.27587830625 0.72920165625 0.2694371109375 0.7232469828125 0.25263895937499997 0.7032629781249999 0.23984404375 0.6918593359375 0.24228199374999998
2 0.6779840671875 0.2723551265625 0.6633284640625 0.269464578125 0.6611750015625 0.25185376875 0.65194659375 0.2508148203125 0.6301942687500001 0.28558383125 0.6371486484375 0.29815244375 0.6608568359375 0.2970997609375 0.6757100406250001 0.283884790625 0.6779840671875 0.2723551265625
2 0.3042979703125 0.0801725734375 0.3369817109375 0.0621417140625 0.31709650625 0.041294037500000005 0.28523664375 0.0501131703125 0.2960692625 0.07490408125 0.3042979703125 0.0801725734375
2 0.23003195937499998 0.146247428125 0.2651655609375 0.1216690890625 0.25838700625 0.11408265937499999 0.21467304999999998 0.123428134375 0.1944144203125 0.11370379687500001 0.1849113890625 0.11573542187500001 0.1842633390625 0.1299293359375 0.1967219390625 0.157384496875 0.208674834375 0.14880539375 0.23003195937499998 0.146247428125
2 0.085937490625 0.1870925 0.1207529203125 0.2077601515625 0.1428351265625 0.2040432203125 0.14158256875 0.19025562812500002 0.1273991859375 0.1681889796875 0.085585834375 0.17712813125 0.085937490625 0.1870925
2 0 0.26687609375 0.0119243328125 0.271184484375 0.050584520312500006 0.248864071875 0.0813458890625 0.252327240625 0.0869706796875 0.23807331718750002 0.0735894015625 0.2278826484375 0.0385763734375 0.22332051874999997 0.026821075 0.21579410000000002 0.0193944765625 0.2224015875 0.018471803125 0.23966607343750002 0.013220431250000001 0.242796659375 0 0.23185964375 0 0.26687609375
2 0.48302366093750004 0.3260825859375 0.485550546875 0.33257005781250004 0.5003819796875 0.3404427953125 0.5001843828125 0.3565483171875 0.5161143171875 0.3521387484375 0.5315720265625 0.3669052796875 0.5451508984375 0.3609904265625 0.5521488171875 0.331383625 0.5453702687499999 0.3237971984375 0.5253644921875 0.3320899921875 0.5150593515625 0.3222456375 0.5055563203125 0.3242772625 0.4938010234375 0.31675084375 0.48302366093750004 0.3260825859375
2 0.2942607359375 0.512011109375 0.3774369890625 0.4922211984375 0.377810409375 0.481097859375 0.317265615625 0.4910296859375 0.31113511250000003 0.46924934843750005 0.300006096875 0.46861671875 0.2734746265625 0.487340215625 0.2700250671875 0.4981172390625 0.27570511875000003 0.5179859687499999 0.29226132968749996 0.5204701953125 0.2942607359375 0.512011109375
2 0.17900524843750001 0.5778133859375 0.173127603125 0.574050175 0.140916084375 0.5729049390625 0.13331365625 0.5745302390625 0.1313142515625 0.5829893265625 0.15229795468750001 0.5915546984375 0.1604278640625 0.604875953125 0.1806094625 0.6015653453125 0.17900524843750001 0.5778133859375
2 0.066254878125 0.6711908390625 0.0810092828125 0.6660286281250001 0.08093225468750001 0.6529936796875 0.09388484999999999 0.6401850375 0.06909992968749999 0.632432315625 0.0546971828125 0.6475588953125 0.0400415765625 0.64466834375 0.028637934375 0.6471062937500001 0.029989290624999998 0.652841121875 0.043546396875 0.668013975 0.066254878125 0.6711908390625
2 0.404665040625 0.9381799093750001 0.40658741875000004 0.916685875 0.39673273125 0.9087531328124999 0.405532459375 0.8867927671875 0.39775420625 0.8834358796874999 0.35204083750000004 0.9012404421875001 0.3340897328125 0.935196803125 0.3718054734375 0.9512285859375 0.383307915625 0.940737875 0.404665040625 0.9381799093750001
2 0.511537765625 0.8410392453125001 0.5172178140625 0.8609079765625 0.5349495531249999 0.8641448468749999 0.5422221 0.83146746875 0.536717875 0.8165809203125001 0.516085825 0.817979921875 0.511537765625 0.8410392453125001
2 0.686579478125 0.7112537515625 0.66574983125 0.7287582703125 0.669628071875 0.74098056875 0.6861842828125 0.7434647953125 0.6948852125 0.7295571921875 0.7114414234375 0.73204141875 0.714165909375 0.7224233625 0.686579478125 0.7112537515625
2 0.8115138249999999 0.648402034375 0.8265210812499999 0.66125695625 0.8459993750000001 0.6380176078125 0.8208628015625001 0.6203005187499999 0.8132603734374999 0.6219258171875001 0.8067346796875 0.632356521875 0.8115138249999999 0.648402034375
2 0.941391428125 0.5302799499999999 0.9606503515625 0.54423383125 0.9725044468749999 0.5437074890625 0.97948059375 0.535188396875 0.9806778921875001 0.5148533328125 0.94294038125 0.5199092546874999 0.941391428125 0.5302799499999999