2 0.07128906406249999 0 0.0615234359375 0.01171875 0.045898435937499996 0.005859375 0.041015625 0.0146484359375 0.05078125 0.0595703140625 0.05078125 0.11425781406249999 0.07421875 0.1572265640625 0.08105468593750001 0.134765625 0.10253906406249999 0.1484375 0.111328125 0.1357421859375 0.11328125 0.11621093593750001 0.13671875 0.10839843593750001 0.13671875 0.09472656406249999 0.1298828140625 0.087890625 0.099609375 0.07519531406249999 0.08886718593750001 0 0.07128906406249999 0
2 0.2138671859375 0.455078125 0.2099609359375 0.427734375 0.1962890640625 0.4453125 0.1767578140625 0.431640625 0.173828125 0.4853515640625 0.1806640640625 0.490234375 0.2080078140625 0.486328125 0.2197265640625 0.501953125 0.2265625 0.5009765640625 0.23828125 0.4638671859375 0.236328125 0.4443359359375 0.2275390640625 0.443359375 0.2138671859375 0.455078125
2 0.169921875 0.3662109359375 0.16796875 0.3193359359375 0.1611328140625 0.310546875 0.1484375 0.3173828140625 0.1484375 0.2822265640625 0.1435546859375 0.2734375 0.1357421859375 0.2734375 0.126953125 0.2822265640625 0.12109375 0.3095703140625 0.10644531406249999 0.302734375 0.095703125 0.3193359359375 0.11328125 0.3759765640625 0.1259765640625 0.390625 0.1396484359375 0.38671875 0.1611328140625 0.408203125 0.189453125 0.4111328140625 0.205078125 0.4013671859375 0.20703125 0.3837890640625 0.1904296859375 0.369140625 0.169921875 0.3662109359375
2 0.3017578140625 0.83984375 0.3310546859375 0.86328125 0.341796875 0.8623046859375 0.34765625 0.8466796859375 0.3330078140625 0.81640625 0.294921875 0.8212890640625 0.3017578140625 0.83984375
2 0.2939453140625 0.640625 0.2822265640625 0.630859375 0.267578125 0.6376953140625 0.27734375 0.6748046859375 0.2607421859375 0.6796875 0.255859375 0.6904296859375 0.2724609359375 0.7109375 0.28515625 0.7138671859375 0.306640625 0.6865234359375 0.314453125 0.6513671859375 0.3095703140625 0.626953125 0.2939453140625 0.640625
2 0.3046875 0.7138671859375 0.2958984359375 0.736328125 0.28125 0.7392578140625 0.27734375 0.7939453140625 0.2890625 0.7958984359375 0.326171875 0.7587890640625 0.33203125 0.7099609359375 0.3271484359375 0.6953125 0.3046875 0.7138671859375
2 0.388671875 0.9677734359375 0.37890625 0.9423828140625 0.392578125 0.9130859359375 0.3828125 0.8896484359375 0.3828125 0.8623046859375 0.3603515640625 0.865234375 0.353515625 0.8837890640625 0.33984375 0.8935546859375 0.341796875 0.9052734359375 0.359375 0.9189453140625 0.3671875 0.9541015640625 0.35546875 0.9833984359375 0.359375 0.9990234359375 0.439453125 0.9990234359375 0.4365234359375 0.98828125 0.4248046859375 0.98828125 0.4111328140625 0.97265625 0.388671875 0.9677734359375
2 0.61328125 0.4091796859375 0.6083984359375 0.40234375 0.5869140640625 0.423828125 0.5654296859375 0.40625 0.556640625 0.4091796859375 0.560546875 0.4482421859375 0.552734375 0.4697265640625 0.564453125 0.4833984359375 0.564453125 0.4951171859375 0.5859375 0.5107421859375 0.59375 0.5048828140625 0.587890625 0.4716796859375 0.609375 0.4365234359375 0.61328125 0.4091796859375
2 0.46484375 0.0615234359375 0.46484375 0.034179685937499996 0.4521484359375 0.01953125 0.4267578140625 0.0234375 0.4072265640625 0.0078125 0.404296875 0.0283203140625 0.41796875 0.0556640640625 0.404296875 0.07128906406249999 0.404296875 0.09667968593750001 0.423828125 0.11230468593750001 0.4306640640625 0.126953125 0.44921875 0.1279296859375 0.4599609359375 0.109375 0.484375 0.10644531406249999 0.48828125 0.07519531406249999 0.46484375 0.0615234359375
2 0.52734375 0.2177734359375 0.529296875 0.1904296859375 0.4833984359375 0.189453125 0.4765625 0.2021484359375 0.4765625 0.2216796859375 0.486328125 0.2373046859375 0.48046875 0.2802734359375 0.5068359359375 0.3203125 0.541015625 0.3193359359375 0.552734375 0.3115234359375 0.55859375 0.2919921859375 0.537109375 0.2763671859375 0.52734375 0.2177734359375
2 0.6943359359375 0.705078125 0.66796875 0.7060546859375 0.6640625 0.6884765640625 0.673828125 0.6669921859375 0.658203125 0.6435546859375 0.650390625 0.5927734359375 0.6455078140625 0.5859375 0.6240234359375 0.59765625 0.6123046859375 0.578125 0.60546875 0.6064453140625 0.615234375 0.6455078140625 0.603515625 0.6708984359375 0.6201171859375 0.6796875 0.6328125 0.7001953140625 0.626953125 0.7255859359375 0.64453125 0.7685546859375 0.6533203140625 0.77734375 0.6640625 0.7763671859375 0.6767578140625 0.759765625 0.705078125 0.7529296859375 0.703125 0.7138671859375 0.6943359359375 0.705078125
2 0.7080078140625 0.94140625 0.7109375 0.9990234359375 0.759765625 0.9990234359375 0.759765625 0.9873046859375 0.740234375 0.9736328140625 0.7421875 0.9462890640625 0.7080078140625 0.94140625
2 0.7275390640625 0.82421875 0.669921875 0.8642578140625 0.669921875 0.8740234359375 0.6767578140625 0.880859375 0.6962890640625 0.8828125 0.69921875 0.8974609359375 0.705078125 0.8994140640625 0.728515625 0.8798828140625 0.72265625 0.8720703140625 0.732421875 0.8349609359375 0.7275390640625 0.82421875
2 1 0.8056640640625 0.9921875 0.8017578140625 1 0.7216796859375 0.9931640640625 0.7109375 0.9794921859375 0.720703125 0.97265625 0.7158203140625 0.97265625 0.6826171859375 0.978515625 0.6767578140625 0.9716796859375 0.669921875 0.9541015640625 0.68359375 0.9443359359375 0.669921875 0.9248046859375 0.666015625 0.921875 0.6787109359375 0.939453125 0.7138671859375 0.94140625 0.7333984359375 0.966796875 0.7412109359375 0.974609375 0.8193359359375 0.970703125 0.8447265640625 0.984375 0.8505859359375 0.9921875 0.8466796859375 1 0.8232421859375 1 0.8056640640625
2 0.90234375 0.5439453140625 0.90234375 0.5615234359375 0.890625 0.5751953140625 0.8955078140625 0.58203125 0.9130859359375 0.576171875 0.923828125 0.5830078140625 0.921875 0.5595703140625 0.93359375 0.5400390640625 0.9306640640625 0.521484375 0.90234375 0.5439453140625
2 0.8857421859375 0.4375 0.875 0.4384765640625 0.8828125 0.3935546859375 0.8740234359375 0.384765625 0.849609375 0.4130859359375 0.84765625 0.4580078140625 0.8701171859375 0.46484375 0.916015625 0.4638671859375 0.9296875 0.4423828140625 0.904296875 0.4384765640625 0.9052734359375 0.412109375 0.8857421859375 0.4375
2 0.880859375 0.3330078140625 0.8828125 0.3173828140625 0.8720703140625 0.314453125 0.8681640640625 0.3046875 0.8427734359375 0.31640625 0.822265625 0.3369140640625 0.82421875 0.3466796859375 0.833984375 0.3505859359375 0.8447265640625 0.337890625 0.8603515640625 0.349609375 0.8701171859375 0.345703125 0.880859375 0.3330078140625
2 0.830078125 0.1923828140625 0.8134765640625 0.177734375 0.794921875 0.2177734359375 0.8017578140625 0.228515625 0.814453125 0.2294921859375 0.8310546859375 0.2578125 0.841796875 0.2587890640625 0.8603515640625 0.25390625 0.861328125 0.2431640640625 0.830078125 0.2158203140625 0.830078125 0.1923828140625
2 0.76953125 0.041992185937499996 0.78125 0.0068359359375 0.7783203140625 0 0.7607421859375 0.017578125 0.7509765640625 0 0.740234375 0.0009765640625 0.734375 0.045898435937499996 0.71875 0.0576171859375 0.7236328140625 0.072265625 0.740234375 0.07324218593750001 0.75390625 0.06738281406249999 0.751953125 0.0537109359375 0.7626953140625 0.052734375 0.76953125 0.041992185937499996