2 0.1669921859375 0.5703125 0.158203125 0.5869140640625 0.16015625 0.6142578140625 0.1708984359375 0.625 0.189453125 0.6259765640625 0.197265625 0.6240234359375 0.203125 0.5908203140625 0.1962890640625 0.58203125 0.1669921859375 0.5703125
2 0.01953125 0.11035156406249999 0.0009765640625 0.1015625 0 0.2099609359375 0.015625 0.2216796859375 0.029296875 0.2041015640625 0.029296875 0.1904296859375 0.013671875 0.1748046859375 0.01953125 0.11035156406249999
2 0.3203125 0.8935546859375 0.306640625 0.8837890640625 0.32421875 0.8212890640625 0.3154296859375 0.810546875 0.2900390640625 0.818359375 0.28125 0.8134765640625 0.267578125 0.7763671859375 0.248046875 0.7705078140625 0.265625 0.7451171859375 0.265625 0.7294921859375 0.2431640640625 0.720703125 0.224609375 0.6923828140625 0.2138671859375 0.6875 0.1953125 0.7099609359375 0.193359375 0.7255859359375 0.2119140640625 0.7578125 0.2333984359375 0.75390625 0.240234375 0.7626953140625 0.234375 0.8115234359375 0.248046875 0.8310546859375 0.248046875 0.8505859359375 0.26171875 0.8740234359375 0.259765625 0.8857421859375 0.2890625 0.9228515640625 0.27734375 0.9443359359375 0.2734375 0.9794921859375 0.2998046859375 1 0.34375 0.9990234359375 0.345703125 0.9560546859375 0.333984375 0.9501953140625 0.3203125 0.9189453140625 0.3203125 0.8935546859375
2 0.119140625 0.3779296859375 0.11230468593750001 0.373046875 0.09667968593750001 0.3828125 0.091796875 0.3779296859375 0.07421875 0.3349609359375 0.07421875 0.2978515640625 0.045898435937499996 0.267578125 0.0390625 0.2900390640625 0.015625 0.3017578140625 0.015625 0.3193359359375 0.025390625 0.3447265640625 0.060546875 0.3935546859375 0.060546875 0.4462890640625 0.076171875 0.4638671859375 0.076171875 0.4951171859375 0.107421875 0.5439453140625 0.11621093593750001 0.552734375 0.1328125 0.5537109359375 0.15234375 0.5283203140625 0.15234375 0.4853515640625 0.142578125 0.4755859359375 0.119140625 0.3779296859375
2 0.2744140640625 0 0.267578125 0.041992185937499996 0.2734375 0.0615234359375 0.287109375 0.07324218593750001 0.294921875 0.06542968593750001 0.30859375 0.016601564062499997 0.2939453140625 0 0.2744140640625 0
2 0.337890625 0.06347656406249999 0.3330078140625 0.03125 0.3203125 0.038085935937499996 0.310546875 0.08300781406249999 0.29296875 0.09472656406249999 0.28515625 0.11425781406249999 0.2919921859375 0.12890625 0.302734375 0.1298828140625 0.3212890640625 0.107421875 0.33984375 0.10839843593750001 0.330078125 0.08886718593750001 0.337890625 0.06347656406249999
2 0.369140625 0.2802734359375 0.37890625 0.2978515640625 0.3984375 0.3037109359375 0.40625 0.2998046859375 0.408203125 0.2841796859375 0.3720703140625 0.265625 0.369140625 0.2802734359375
2 0.4287109359375 0.32421875 0.41796875 0.3291015640625 0.4111328140625 0.345703125 0.4013671859375 0.34765625 0.3857421859375 0.328125 0.376953125 0.3310546859375 0.376953125 0.3525390640625 0.390625 0.3720703140625 0.37890625 0.4033203140625 0.404296875 0.4111328140625 0.41796875 0.3955078140625 0.4296875 0.3642578140625 0.43359375 0.3369140640625 0.4287109359375 0.32421875
2 0.509765625 0.6748046859375 0.51953125 0.6806640640625 0.533203125 0.6708984359375 0.5302734359375 0.63671875 0.509765625 0.6630859359375 0.509765625 0.6748046859375
2 0.5546875 0.6943359359375 0.552734375 0.6708984359375 0.5400390640625 0.666015625 0.533203125 0.6728515640625 0.537109375 0.7041015640625 0.521484375 0.7255859359375 0.546875 0.7431640640625 0.5576171859375 0.73046875 0.5732421859375 0.732421875 0.580078125 0.7119140640625 0.5546875 0.6943359359375
2 0.5712890640625 0.857421875 0.564453125 0.8486328140625 0.583984375 0.8115234359375 0.5810546859375 0.791015625 0.5673828140625 0.79296875 0.53515625 0.8369140640625 0.552734375 0.8564453140625 0.552734375 0.9091796859375 0.568359375 0.9150390640625 0.5859375 0.8935546859375 0.59375 0.8681640640625 0.5908203140625 0.849609375 0.5712890640625 0.857421875
2 0.9453125 0.9501953140625 0.9609375 0.9794921859375 0.9765625 0.9912109359375 0.98046875 0.9619140640625 0.97265625 0.9423828140625 0.9482421859375 0.935546875 0.9453125 0.9501953140625
2 0.9111328140625 0.6015625 0.8857421859375 0.623046875 0.8681640640625 0.609375 0.859375 0.6142578140625 0.861328125 0.6435546859375 0.875 0.6591796859375 0.88671875 0.6923828140625 0.8984375 0.6982421859375 0.908203125 0.6748046859375 0.90625 0.6552734359375 0.921875 0.6416015640625 0.9111328140625 0.6015625
2 0.93359375 0.8173828140625 0.93359375 0.8017578140625 0.943359375 0.7939453140625 0.951171875 0.7607421859375 0.9208984359375 0.7421875 0.8994140640625 0.73828125 0.89453125 0.7236328140625 0.8837890640625 0.720703125 0.876953125 0.7353515640625 0.87890625 0.7509765640625 0.890625 0.7568359359375 0.888671875 0.7861328140625 0.9140625 0.8173828140625 0.91015625 0.8564453140625 0.916015625 0.8798828140625 0.91015625 0.9033203140625 0.9169921859375 0.912109375 0.92578125 0.9111328140625 0.93359375 0.8779296859375 0.953125 0.8447265640625 0.951171875 0.8310546859375 0.93359375 0.8173828140625
2 0.8173828140625 0.48046875 0.802734375 0.4951171859375 0.80078125 0.5068359359375 0.80859375 0.5166015640625 0.80859375 0.5322265640625 0.82421875 0.5380859359375 0.841796875 0.4990234359375 0.830078125 0.4931640640625 0.8251953140625 0.48046875 0.8173828140625 0.48046875
2 0.68359375 0.0146484359375 0.70703125 0.0009765640625 0.65625 0.0009765640625 0.6650390640625 0.013671875 0.68359375 0.0146484359375