2 0.344141475 0.13230861249999998 0.3475278296875 0.1216592859375 0.33414126875 0.102963615625 0.3233678734375 0.11995647031250001 0.344141475 0.13230861249999998
2 0.3462411953125 0.174115040625 0.3627054375 0.19326432031250002 0.3795272890625 0.230427678125 0.418409375 0.22748742187499998 0.4289779921875 0.205509521875 0.42723587968750004 0.181717171875 0.4213372390625 0.177750996875 0.40399892968750006 0.18386654687499998 0.40415477031249997 0.159734571875 0.3930267828125 0.12155235 0.38097277812499997 0.1166789453125 0.37522696875 0.125741803125 0.3648141921875 0.12358772968750001 0.3599394421875 0.14454676093750002 0.3435241328125 0.1545144953125 0.3462411953125 0.174115040625
2 0.0357318296875 0.4064412375 0.0504020125 0.40984215781250005 0.059225503125 0.40123291562499996 0.07369091093749999 0.3996487984375 0.052611649999999996 0.3612385890625 0.0613862078125 0.3235123296875 0.045536296875 0.3193181734375 0.0238366796875 0.34027485625 0.0266056890625 0.351831409375 0.0412239265625 0.36327632187500003 0.0439409875 0.382876865625 0.028552579687500003 0.3806088015625 0.02542295 0.38819918124999997 0.0357318296875 0.4064412375
2 0.15277559375 0.5562345750000001 0.15534284062499998 0.525645084375 0.148521196875 0.5178267234375 0.1387747 0.52258378125 0.139132309375 0.5405978593749999 0.1447222765625 0.5556669750000001 0.15277559375 0.5562345750000001
2 0.1682618765625 0.6167366734375 0.189035475 0.6290888140625001 0.2035008828125 0.62750469375 0.198885865625 0.6082437703125 0.20996793125000002 0.580147975 0.20673741875 0.5666653265625 0.19704286875000002 0.5633783953125 0.1704195671875 0.5761770953124999 0.1458500546875 0.5645042 0.147900840625 0.577193609375 0.1376928421875 0.580024578125 0.127842453125 0.60086961875 0.13343242187499998 0.615938734375 0.15682220156249999 0.626818396875 0.1682618765625 0.6167366734375
2 0.2700211234375 0.7481739640625 0.27510065781250004 0.732199975 0.2920294125 0.7161143421875 0.29018340625 0.7084099734375 0.269819359375 0.7060279203125 0.260742153125 0.68053510625 0.2516619375 0.6922033 0.236068753125 0.6849501921875001 0.22468102812500002 0.686987925 0.234167784375 0.72245081875 0.25827579375 0.732197625 0.261044803125 0.7437541796875 0.2700211234375 0.7481739640625
2 0.48014076718750004 1 0.4742089140625 0.980798678125 0.458768559375 0.9865746062499999 0.4467145546875 0.9817012015625 0.43389639999999996 0.9116826359375001 0.3958883828125 0.8893580640625001 0.38885895000000004 0.9137156703124999 0.3748030953125 0.9252698718750001 0.3596744234375 0.88278185 0.34987598124999997 0.8955829 0.3342308484375 0.8963737843749999 0.333460671875 0.90555063125 0.3779816640625 0.9467965062499999 0.40834892968750003 0.9413625546875 0.42414689218749996 0.9536007015625 0.431992421875 0.9863442734375001 0.42881630781249996 1 0.48014076718750004 1
2 0.5922178515625001 0.6141901140625 0.5944734125 0.63186456875 0.604629465625 0.6370775906249999 0.6321757703124999 0.6281310765625 0.64756418125 0.63039914375 0.6543888375 0.601056496875 0.6516198265625001 0.58949994375 0.6393610453125 0.5796414984375 0.63243851875 0.5507501125 0.6199230124999999 0.5439506203125 0.6115090765625 0.562529946875 0.5999195859374999 0.5224216328125 0.5807872140625 0.5127888203125 0.589760525 0.5543696140625001 0.6090976734375 0.5689874703125 0.605607425 0.5957247765625 0.5922178515625001 0.6141901140625
2 0.5284666203125 0.5050773953125 0.55273046875 0.490692228125 0.539087184375 0.4750555046875 0.534985615625 0.4496766859375 0.529548475 0.44763660156249996 0.5196980875 0.46848164531250003 0.5284666203125 0.5050773953125
2 0.6859757281250001 0.7370158124999999 0.6754560484375001 0.788110725 0.6827391953124999 0.7978551781250001 0.6948451453125 0.7946845921875 0.7143900828125 0.777126478125 0.6859757281250001 0.7370158124999999
2 0.7957882984375 0.8690207109375001 0.7783491031249999 0.8540632328125 0.7775299953125 0.8341230640624999 0.76091291875 0.8019447515625 0.745420615625 0.8157646656249999 0.7442898234374999 0.8440884453124999 0.765369084375 0.8824986546875 0.77039365625 0.9117296578125 0.7836273874999999 0.9173962937500001 0.8009167640625 0.8821637328125 0.7957882984375 0.8690207109375001
2 0.7949134875 0.2705924234375 0.814660190625 0.2951803625 0.8205558171874999 0.336307540625 0.8403544671875001 0.3528514875 0.846353990625 0.3778906890625 0.8563052609374999 0.37811866875 0.8615376234375001 0.3751737140625 0.8509200703124999 0.3680345953125 0.8703611140625 0.3665644671875 0.8739522453124999 0.36090018437500004 0.8679007765625 0.343904971875 0.8458435515625 0.34684758125 0.8348164468749999 0.3297383796875 0.8436429499999999 0.28396812968749996 0.839027934375 0.26470720625 0.8216896234375 0.2708227546875 0.793428096875 0.243741121875 0.7949134875 0.2705924234375
2 0.865535296875 0.41664051406249997 0.8720482671875001 0.43556181406250005 0.88292254375 0.439641984375 0.8807189281250001 0.4139235375 0.8987754671875001 0.406675134375 0.8819506078125 0.40667278281249997 0.8758471890624999 0.397721565625 0.865535296875 0.41664051406249997