0 0.788610659375 0.743030909375 0.7737834078125 0.70817578125 0.756086025 0.6935301984375 0.7452127749999999 0.710790778125 0.726467353125 0.6862007609375 0.7091153640625001 0.68578086875 0.6950979890625 0.6732081484375 0.6862135984375 0.6837939296875 0.6762811640625 0.6844352765624999 0.667218146875 0.7042745312500001 0.6766742453125 0.72830913125 0.6689569796875 0.7426703578125 0.668242475 0.779684271875 0.6474367937500001 0.7975861984375 0.6632048578124999 0.8158220859374999 0.6634311687500001 0.8362167671874999 0.7033872140625 0.8540460609375 0.7276824171875 0.88020313125 0.72533630625 0.9053848875 0.71347455625 0.909616540625 0.71329593125 0.9188700203125 0.7420333328125001 0.9397342 0.7443080453124999 0.9503695859375 0.8552678140625 0.9193297859375 0.8523618562499999 0.87715851875 0.8190631765624999 0.8677562125 0.8305199875 0.8523833562500001 0.8321634515625 0.8314828609375 0.8450255578125001 0.8075474828125 0.8303055359375 0.7992560234375 0.8171098906250001 0.776233059375 0.8109765484375 0.7727782828125 0.7990552546874999 0.7800944296875 0.7880152375 0.7738758328124999 0.77972626875 0.7536166890625 0.788610659375 0.743030909375
0 0.6008821625 0.2865091234375 0.58949675 0.26606483124999997 0.5845782140625 0.296033665625 0.5582227546875 0.3123685390625 0.569548625 0.3358973234375 0.571168375 0.38046213125 0.54779026875 0.40315113281250003 0.5543285515624999 0.41774711093750005 0.5848166390625 0.44427445781249997 0.5942727375 0.46830905625 0.60362160625 0.46577998593750003 0.6071943875 0.44128918281249996 0.6212713046875 0.450777409375 0.6214976140624999 0.4711720890625 0.64357765 0.48360928124999997 0.6599411374999999 0.47100024375 0.649901478125 0.445077925 0.653819653125 0.43481281562499996 0.6638116265625 0.4310869765625 0.6603102468750001 0.4197606328125 0.6661577375000001 0.4059052203125 0.637539421875 0.3788720578125 0.6504133875 0.322204028125 0.621497359375 0.3105933265625 0.613256075 0.3199823375 0.6119817203125 0.28964322187499997 0.6008821625 0.2865091234375
0 0.755240325 0.6088669859375 0.7993527125 0.6040932 0.8069985765625001 0.6255491156249999 0.8156447984374999 0.6273013062499999 0.825696315625 0.6204909734374999 0.8273397796875 0.5995904796875 0.8001386171875 0.53126214375 0.7832034234374999 0.5092508015625 0.76538695625 0.500774203125 0.75451370625 0.5180347828125 0.7379239125 0.5102491390624999 0.7338866515625 0.526683228125 0.7481303390625 0.5596506296875 0.7448552687500001 0.5687189671875 0.75793183125 0.5979109203124999 0.755240325 0.6088669859375
0 0.71843975625 0.2669808078125 0.7534654109375001 0.34751158437499996 0.7820955828125 0.3418120953125 0.7860733 0.3284624953125 0.769495359375 0.2879442 0.7605156 0.23923366562499998 0.7266929 0.22485914375 0.71843975625 0.2669808078125
2 0.1804923234375 0.191583409375 0.19626038750000002 0.20981929687499998 0.19344979843750001 0.22694434375 0.20828890625000002 0.2290668203125 0.2148271875 0.24366279687499998 0.22890410781249998 0.25315102343749996 0.23825297499999998 0.250621953125 0.245327134375 0.23745749218749998 0.25840369375 0.2666494453125 0.2700868171875 0.2716712703125 0.2554977359375 0.22447817812499998 0.26088074843750003 0.20256605468750002 0.25446155 0.181801090625 0.24645843437499998 0.17885213125 0.2379194390625 0.20366360625 0.223556665625 0.176865190625 0.216601590625 0.1838606625 0.2187572171875 0.2006650375 0.205621115625 0.17455757656249998 0.19924960625000002 0.1834407734375 0.1789202578125 0.176666759375 0.1804923234375 0.191583409375
2 0.29583500156250003 0.3189139765625 0.28403279375 0.3200611375 0.28502129374999996 0.3330900625 0.3024209671875 0.36315811249999996 0.2917263421875 0.3711652125 0.2928339296875 0.37802515468750003 0.3281214671875 0.380752659375 0.3372203125 0.4232942109375 0.35147585625 0.42352896093750003 0.3616464578125 0.4105496390625 0.35598945 0.38241892499999997 0.38928813125 0.39182122656249996 0.39437343125 0.3853315671875 0.3718289171875 0.3648376734375 0.361324778125 0.33085864531250003 0.3502847578125 0.3246400484375 0.35161865468750003 0.3518946671875 0.3382325265625 0.37085783125 0.327776071875 0.36652696093750003 0.31855814374999997 0.330154396875 0.29583500156250003 0.3189139765625
2 0.098913565625 0.563448146875 0.1035343859375 0.5489017796875 0.11031083593749999 0.5511597859374999 0.1116565890625 0.54568175625 0.08963609375 0.5301600734374999 0.08075170312499999 0.540745853125 0.063697425 0.5249035 0.06760374218750001 0.5473710421875 0.0476793328125 0.55173823125 0.042594034375 0.5582278875 0.0460954140625 0.5695542296875 0.05958876875 0.5771547359375 0.0807398484375 0.5734785046875001 0.095162159375 0.5971924265624999 0.11245460468749999 0.6006968078125 0.1157296734375 0.591628471875 0.098913565625 0.563448146875
2 0.1661779984375 0.676169446875 0.171310984375 0.6993279453125 0.18124342031250001 0.698686603125 0.18966333124999998 0.6800441140625 0.180207234375 0.656009515625 0.151874771875 0.6462865390625 0.1539113140625 0.6692599 0.1661779984375 0.676169446875
2 0.4545755625 0.4784846765625 0.45146726406250004 0.5110321875 0.438140678125 0.5269108578125 0.46653268125 0.5335493375 0.4717966109375 0.5178062046874999 0.4545755625 0.4784846765625
2 0.608707415625 0.7804478578125 0.615138471875 0.768480165625 0.6299180359375 0.773687134375 0.6291081609375 0.7514047265625 0.606385021875 0.740164309375 0.5999539656249999 0.752132 0.5880922187500001 0.7563636546875 0.608707415625 0.7804478578125
2 0.5434785062499999 0.048384856250000004 0.5524819796875 0.0316300875 0.5465272640625 0.0189218375 0.5254357296875 0.019513575 0.5114183515625 0.006940853125 0.5057494890625 0.0115427875 0.5100607421875 0.0451515375 0.51998131875 0.0772428390625 0.528043978125 0.077107309375 0.5469203453125 0.0627956890625 0.5434785062499999 0.048384856250000004
2 0.62732088125 0.2016244515625 0.6295479078125 0.1826116765625 0.6371460890625 0.1744194390625 0.6192223953125 0.13937917187499999 0.612136378125 0.1852762828125 0.619258221875 0.20175998125 0.62732088125 0.2016244515625
0 0.7865496359375 0.3037865546875 0.80355623125 0.28998075 0.8084152203125001 0.26309641250000004 0.8060809656249999 0.25554551718749996 0.7907178390625 0.24845082500000001 0.77558101875 0.261750815625 0.7865496359375 0.3037865546875
0 0.719725965625 0.264587265625 0.752881846875 0.345623859375 0.780225809375 0.3423179078125 0.7843226109375 0.3227993265625 0.7664584578125 0.284674565625 0.7635525015625 0.24250329843750001 0.7266929 0.22485914375 0.719725965625 0.264587265625
0 0.7786540015625001 0.48798002812499996 0.7976375921875001 0.500232075 0.81195268125 0.49738232968749996 0.8114882015625 0.48932561874999997 0.7931477140625 0.47587680624999995 0.782524490625 0.44806675937499996 0.777558271875 0.448387434375 0.7786540015625001 0.48798002812499996
0 0.8156447984374999 0.6273013062499999 0.825696315625 0.6204909734374999 0.8273397796875 0.5995904796875 0.7959345890625 0.5242170625 0.7697100671875 0.5016502984375 0.757086128125 0.5132477078125001 0.7379239125 0.5102491390624999 0.7338866515625 0.526683228125 0.7576936609375 0.610248890625 0.7937433875 0.6056106421874999 0.8017465078124999 0.608559603125 0.8094519140624999 0.626931028125 0.8156447984374999 0.6273013062499999
0 0.74433099375 0.4031679875 0.739317090625 0.3738405 0.72115523125 0.35113820625000003 0.71723705625 0.361403315625 0.7219055640625001 0.3765051046875 0.735684771875 0.401415796875 0.74433099375 0.4031679875