2 0.7429101734375 0.0916034546875 0.712513525 0.09596204375 0.69659713125 0.078174953125 0.676136625 0.086690584375 0.6646163953124999 0.11813291249999999 0.7169234624999999 0.11238864687500001 0.74353105 0.1354161265625 0.7568486203125 0.11412704843749999 0.7429101734375 0.0916034546875
2 0.9939483453125 0.063352903125 0.994841565625 0.0531433484375 0.96772118125 0.050587364062499994 0.96992615 0.058800665625000005 0.9878806859375 0.0668879984375 0.9939483453125 0.063352903125
2 0.42191105625 0.1460984171875 0.41667208437500003 0.1663545359375 0.44009261874999994 0.167135559375 0.46286472187500005 0.1897095421875 0.47826685781249995 0.18656027343749998 0.474672175 0.16625376875 0.48397365781249996 0.159400953125 0.4779332046875 0.1507341546875 0.48968046093749995 0.13224163125 0.4643559578125 0.09843104375 0.4434878234375 0.108886621875 0.436391309375 0.1239527375 0.44243176249999994 0.1326195359375 0.42191105625 0.1460984171875
2 0.2815409015625 0.1921281625 0.2941498375 0.1975953 0.29629460625 0.21077185156249997 0.309250971875 0.21926229375 0.3186728578125 0.2024829734375 0.34941693281249997 0.2011476828125 0.3450069921875 0.1847210796875 0.35826436093749997 0.1683952578125 0.3544890796875 0.162978509375 0.3233975765625 0.161290496875 0.30124635 0.1825291828125 0.2835790453125 0.1824284046875 0.2815409015625 0.1921281625
2 0.058059403125 0.250200709375 0.0467799796875 0.26179003125 0.0037743953125 0.26068148125 0.00010573749999999999 0.2781410453125 0.0488645453125 0.2799298375 0.072572309375 0.2886974140625 0.100657359375 0.2532492125 0.083925709375 0.239342025 0.0829436265625 0.22530886562500002 0.12827458125 0.224704215625 0.11468356093750001 0.20520391875000002 0.1171293328125 0.1935642078125 0.1063779359375 0.1932870734375 0.0896927140625 0.20721945156250002 0.054177495312500004 0.22190764999999998 0.058059403125 0.250200709375
2 0 0.63992183125 0.047142698437500005 0.6435573781249999 0.053363756250000005 0.63733441875 0.0473835015625 0.6237043671875 0.0244910015625 0.6110568890625 0 0.6144366890625 0 0.63992183125
2 0.13916167343750002 0.593798890625 0.1015154640625 0.5625077218750001 0.0918665515625 0.5663372359375 0.0893605796875 0.5829401953125 0.0971983734375 0.601760246875 0.13916167343750002 0.593798890625
2 0.33611465625000003 0.60118080625 0.3245015765625 0.576944009375 0.303587015625 0.559560028125 0.3037676171875 0.5446702671875 0.277553884375 0.5525056562499999 0.266501484375 0.577044778125 0.2528966890625 0.590347303125 0.2772993078125 0.60516148125 0.32222262968750004 0.606496778125 0.33611465625000003 0.60118080625
2 0.289935796875 0.5450229859375 0.264296515625 0.5688314765625 0.25440680000000004 0.5925140015625 0.2772993078125 0.60516148125 0.3241403765625 0.6067235265625001 0.3337892859375 0.6028940140625 0.3354198 0.5951342078125 0.327521803125 0.5812774078125 0.3647741640625 0.5817057140624999 0.38070433124999997 0.5666899859375001 0.33926905937499996 0.562784884375 0.319563609375 0.5723838640625 0.30550475781249997 0.559786775 0.3037676171875 0.5446702671875 0.289935796875 0.5450229859375
2 0.44534688125 0.5256234890625 0.4127452671875 0.521768775 0.41152238125 0.5275886296875 0.416219546875 0.5520017875 0.4363326296875 0.54046285625 0.4546947921875 0.5466102375 0.4605082171875 0.5423272296875 0.44534688125 0.5256234890625
2 0.70565933125 0.5027220125 0.71692498125 0.5239355109375 0.7478960859375 0.5355500296875 0.759356109375 0.5090709515625 0.8164807453125 0.5178133375 0.8266576875 0.50211736875 0.8156190656250001 0.4938536765625 0.7926061609375 0.491132703125 0.80057813125 0.46722343125 0.7814609078125 0.4599926984375 0.7524539765625 0.47644449375000003 0.7309511828125 0.47589021875000004 0.70565933125 0.5027220125
2 0.8139421234374999 0.4737739171875 0.8303865484375 0.47969455156249996 0.8431760875000001 0.47027192968750003 0.8314426078125001 0.4559616375 0.8139421234374999 0.4737739171875
2 0.958516496875 0.46834078906250004 0.9610766296875 0.43907832031250005 0.959190046875 0.4372675734375 0.9452980234374999 0.4425835421875 0.9431996781249999 0.45724655312499995 0.958516496875 0.46834078906250004
2 0.4915221640625 0.8670801593749999 0.45014709374999995 0.8582118046874999 0.423873159375 0.87101044375 0.4046957375 0.8687429640625 0.398822109375 0.8779892265625 0.4073547640625 0.9028558796875 0.42502206875 0.9029566593749999 0.4353194125 0.877334184375 0.4507215484375 0.8741849125 0.4603102625 0.8753186515625 0.4850001046875 0.898119384375 0.5018521578125 0.9021000656249999 0.509583325 0.8980438046874999 0.5094164984375 0.88013074375 0.54376903125 0.8662991484375 0.5193062140625 0.8564482203124999 0.4915221640625 0.8670801593749999
2 0.0651538546875 0.9319803062500001 0.0266786140625 0.9373718562500001 0.0199897296875 0.9504980203125 0.097801896875 0.9636745828125 0.1157702078125 0.9389591015625 0.09293790625000001 0.9213483671875 0.0775959703125 0.9195343859375 0.0651538546875 0.9319803062500001
2 0.338844075 0.8828265015625 0.37562860468750003 0.8901580125 0.36389512343749997 0.87584771875 0.342392334375 0.8752934437500001 0.338844075 0.8828265015625