2 0.0289338125 0.24021441562499998 0.007787725 0.2232335890625 0.0039707703125 0.2274853234375 0.00432444375 0.2477472578125 0.0185033125 0.24980625 0.01823061875 0.2420028828125 0.028196303125 0.24711627812499998 0.0289338125 0.24021441562499998
2 0.041837134375 0.189359246875 0.054901596875 0.1991280078125 0.0545049578125 0.2157840796875 0.0957063578125 0.2185322625 0.10101767187499999 0.20248204687500002 0.1244444625 0.20070813437499999 0.1723640171875 0.1716515359375 0.1899898859375 0.14391082187499998 0.1594235 0.13742333281250002 0.12267195156249999 0.1499862375 0.1074631328125 0.1628738984375 0.0568414328125 0.1706190578125 0.041837134375 0.189359246875
2 0.337981496875 0.037838459375 0.3029094859375 0.0424501703125 0.296507396875 0.027286909375 0.27718959062500004 0.034617696875 0.2516060515625 0.030686907812500004 0.24057439062500002 0.051082284374999995 0.23478586406250002 0.0534766046875 0.22865647500000003 0.0461167140625 0.22004185937499998 0.0516590390625 0.2193725234375 0.0605117390625 0.1882731484375 0.0667786390625 0.1769687953125 0.0793706484375 0.1910434671875 0.0900409203125 0.2185792421875 0.09382388281250001 0.23898782343749997 0.117706571875 0.2564215671875 0.112474453125 0.2741961828125 0.11699654687500001 0.2865789109375 0.1072568859375 0.281323378125 0.09689682031249999 0.30098205 0.09932024375000001 0.333760959375 0.08510215 0.32830090625 0.0688895546875 0.345052915625 0.044149014062500005 0.337981496875 0.037838459375
2 0.0298634859375 0.5188746484375 0.0104093328125 0.5223037500000001 0.012590884375 0.5847306999999999 0.0340654390625 0.583104615625 0.0513628421875 0.5739708125 0.0479913625 0.5615120796874999 0.07524204375 0.529130546875 0.12828079375 0.5065323296875001 0.12948311875000001 0.484925240625 0.10652114531250001 0.4719939234375 0.0785887265625 0.48486703281250004 0.0823010671875 0.5070799781249999 0.064662803125 0.5064595703125 0.052608540625 0.49759231562500006 0.0298634859375 0.5188746484375
2 0.3210807828125 0.33838688125 0.3062128296875 0.3610287515625 0.2965198375 0.363718725 0.2924108515625 0.35816185 0.2813110171875 0.376606384375 0.270676 0.38034569375 0.272299765625 0.3988047796875 0.2873164625 0.40842571562499996 0.2948650953125 0.42839216875 0.3143874203125 0.42691390937499996 0.3237395453125 0.41446972656250003 0.339766446875 0.4249921703125 0.355712775 0.4052026515625 0.3493788625 0.3919902296875 0.3624309296875 0.373397871875 0.356506059375 0.37189050468749996 0.3509096546875 0.351776228125 0.3348145796875 0.339302940625 0.3210807828125 0.33838688125
2 0.5070634625 0.28322790000000003 0.497643165625 0.293721240625 0.4840457140625 0.296706865625 0.47704246406250006 0.2923471484375 0.475623221875 0.2797405890625 0.44229891875 0.27835194531249996 0.432537759375 0.2790910765625 0.4289741625 0.2891409390625 0.40595641093749996 0.3026199046875 0.36287094999999997 0.30197039062500003 0.3574232890625 0.314118921875 0.380385265625 0.32705023906249997 0.38538050625000003 0.3579680625 0.3781851375 0.3761169484375 0.41467639062500006 0.3841117984375 0.46105275937499995 0.3669080796875 0.464480009375 0.3529565328125 0.47430934843749994 0.3541682453125 0.489381821875 0.3373789 0.518256265625 0.32345645625 0.5619428921875 0.31330242343750003 0.5480603421875 0.2801235546875 0.5070634625 0.28322790000000003
2 0.93049958125 0.10544234999999999 0.900001371875 0.1009057078125 0.9024865921874999 0.0880034921875 0.897435575 0.083495953125 0.870240665625 0.0894672015625 0.8669497609375 0.10732043437500001 0.8359185625000001 0.11553817656250001 0.832286790625 0.12363719687500001 0.8595622734375 0.1479779171875 0.8502101515625 0.16042209999999998 0.8553293406250001 0.16688048125 0.8883127703125 0.1585149125 0.908107790625 0.164840021875 0.9167224046875001 0.1592977015625 0.9191394515625 0.1444446453125 0.9393311125 0.1341136828125 0.9341437515625 0.12570445624999999 0.919331575 0.12193604375 0.91905888125 0.1141326765625 0.93049958125 0.10544234999999999
2 0.7487870703125 0.5348528328125 0.798820009375 0.5662723421875 0.813154971875 0.55638485625 0.8087051187500001 0.5410737703125 0.7676958359375 0.5158169921875 0.754098384375 0.5188026156250001 0.7487870703125 0.5348528328125
2 0.812064196875 0.5251713812500001 0.8103846562499999 0.5331225749999999 0.821224196875 0.535235796875 0.8481464125 0.5214611796875 0.873729953125 0.5253919687499999 0.8876558781250001 0.5037994296875 0.859246246875 0.50301664375 0.845307921875 0.49624805624999996 0.8379080328124999 0.5085444140625001 0.8007474437500001 0.509402265625 0.798999728125 0.51540261875 0.812064196875 0.5251713812500001
2 0.517859665625 0.6481832171875 0.5327276171875 0.6255413453124999 0.54841365 0.6263095812499999 0.5617384140625 0.6155205875 0.594926365625 0.6130075453125 0.5976842812500001 0.6079087000000001 0.5759246328125001 0.5733702921875 0.5586954046875 0.5844549390625 0.537152675 0.58413018125 0.5120463421875 0.5938552890625 0.5135337609375 0.60841269375 0.5051236671875 0.619807540625 0.4836491140625 0.621433625 0.470256175 0.6302717765625 0.4466248640625 0.6261931625 0.414254996875 0.6521163109375 0.4099538890625 0.6690680328124999 0.41837637968749997 0.6860343125 0.41804790937499997 0.7046412234375 0.390443959375 0.6989074203125 0.37986471875 0.6762364421875 0.3662672609375 0.6792220671875 0.3340337390625 0.7090468984375 0.3478357109375 0.7119138015625001 0.37006018125 0.7317469796875 0.41650472031249997 0.716494103125 0.42614193437500003 0.740214415625 0.437049646875 0.7442784765625 0.45285962812499997 0.72058726875 0.44073719218749996 0.7097691703125 0.4602471171875 0.6799297890625 0.491687359375 0.6834171 0.5040019171875 0.6717266000000001 0.4996202375 0.658366353125 0.517859665625 0.6481832171875
2 0.235628825 0.7497503421875 0.19072747968749998 0.7531503390625 0.189252459375 0.7669540609375 0.19349779218750002 0.77641261875 0.20736794218750002 0.781230365625 0.2290470171875 0.78545680625 0.2396138640625 0.7797666546875 0.235628825 0.7497503421875
2 0.02957843125 0.7907808453125 0.019556974999999997 0.8120777296874999 0.0224078625 0.8656519781249999 0.0437460703125 0.8601242078125001 0.06823884218750001 0.8328415218749999 0.077126146875 0.8351025671875 0.086558840625 0.8529703515625 0.11981497031249999 0.8524081515624999 0.11548906249999999 0.8126376234375 0.1569507640625 0.7948280515625 0.1533065921875 0.7745659453125 0.09729301093750001 0.7680493546875 0.082152365625 0.7828878593749999 0.06040511093749999 0.7767105765625 0.02957843125 0.7907808453125
2 0.8433371562499999 0.9159602328125 0.8388873015625 0.900649146875 0.805891471875 0.8806535890625 0.79734503125 0.8881467546874999 0.7985597546875 0.8949007874999999 0.80765158125 0.9030143624999999 0.80415615625 0.9150150671875 0.8092071703125001 0.9195226078125 0.8433371562499999 0.9159602328125
2 0.9123222296875 0.8735724921875001 0.8910397953125001 0.85268998125 0.8441862140625 0.8562378046875001 0.8491690546875 0.8587945031249999 0.8462190171874999 0.8864019437499999 0.8553108437500001 0.8945155203124999 0.9125949234374999 0.8813758609375 0.9123222296875 0.8735724921875001
2 1 0.8055999328125001 0.9858005359374999 0.7917244375 0.9890914390625 0.7738712015625 0.9840404218750001 0.7693636625 0.9743474359375 0.772053634375 0.9593431359375 0.790793821875 0.9396844640625 0.788370396875 0.9451445187499999 0.8045829890625 0.9386866578124999 0.815830015625 0.972351828125 0.8269728671875001 0.9821129875000001 0.8262337390625 0.9876288203125 0.8160360484375 1 0.814508059375 1 0.8055999328125001