2 0.185546875 0.7568359359375 0.189453125 0.7763671859375 0.2138671859375 0.78515625 0.2314453140625 0.7734375 0.23828125 0.7880859359375 0.25 0.7939453140625 0.25390625 0.7548828140625 0.2138671859375 0.724609375 0.19921875 0.7490234359375 0.185546875 0.7568359359375
2 0.1591796859375 0.578125 0.142578125 0.6376953140625 0.15625 0.6591796859375 0.16796875 0.6630859359375 0.181640625 0.6552734359375 0.197265625 0.6201171859375 0.17578125 0.5830078140625 0.1591796859375 0.578125
2 0.060546875 0.3056640640625 0.060546875 0.2822265640625 0.041992185937499996 0.2734375 0.033203125 0.2529296859375 0.015625 0.2431640640625 0.013671875 0.2158203140625 0.0009765640625 0.208984375 0 0.2958984359375 0.01171875 0.3193359359375 0.009765625 0.3486328140625 0.0146484359375 0.35546875 0.025390625 0.3544921859375 0.038085935937499996 0.34765625 0.06933593593750001 0.349609375 0.0703125 0.3173828140625 0.060546875 0.3056640640625
2 0.59375 0.9794921859375 0.5986328140625 1 0.6328125 0.9990234359375 0.6298828140625 0.978515625 0.6142578140625 0.98046875 0.6044921859375 0.97265625 0.59375 0.9794921859375
2 0.283203125 0.034179685937499996 0.27734375 0.0126953140625 0.2705078140625 0.009765625 0.265625 0.032226564062500004 0.25390625 0.043945314062500004 0.2734375 0.06542968593750001 0.2734375 0.09472656406249999 0.283203125 0.10449218593750001 0.30078125 0.08691406406249999 0.302734375 0.06542968593750001 0.296875 0.043945314062500004 0.283203125 0.034179685937499996
2 0.5751953140625 0.810546875 0.568359375 0.7958984359375 0.5703125 0.7822265640625 0.5576171859375 0.77734375 0.55078125 0.7822265640625 0.54296875 0.8115234359375 0.5625 0.8291015640625 0.556640625 0.8466796859375 0.576171875 0.8583984359375 0.60546875 0.8310546859375 0.60546875 0.8212890640625 0.5927734359375 0.80859375 0.5751953140625 0.810546875
2 0.3603515640625 0.337890625 0.35546875 0.3447265640625 0.35546875 0.3916015640625 0.3759765640625 0.3984375 0.3896484359375 0.390625 0.3974609359375 0.404296875 0.40625 0.4033203140625 0.412109375 0.3603515640625 0.400390625 0.3525390640625 0.3935546859375 0.3359375 0.3603515640625 0.337890625
2 0.369140625 0.1689453140625 0.361328125 0.1396484359375 0.369140625 0.10253906406249999 0.3642578140625 0.09765625 0.3505859359375 0.1015625 0.3330078140625 0.08203125 0.3203125 0.1318359359375 0.306640625 0.1533203140625 0.341796875 0.2041015640625 0.33984375 0.2197265640625 0.353515625 0.2216796859375 0.361328125 0.2041015640625 0.349609375 0.1943359359375 0.345703125 0.1748046859375 0.369140625 0.1689453140625
2 0.8193359359375 0.677734375 0.814453125 0.6806640640625 0.8125 0.7158203140625 0.8203125 0.7333984359375 0.833984375 0.7392578140625 0.841796875 0.7041015640625 0.83203125 0.6962890640625 0.828125 0.6806640640625 0.8193359359375 0.677734375
2 0.6728515640625 0.025390625 0.6591796859375 0.029296875 0.6494140640625 0.017578125 0.638671875 0.0615234359375 0.6494140640625 0.07421875 0.65625 0.07324218593750001 0.65625 0.06347656406249999 0.66796875 0.0595703140625 0.67578125 0.0302734359375 0.6728515640625 0.025390625
2 0.703125 0.2939453140625 0.73046875 0.2998046859375 0.734375 0.2861328140625 0.75 0.2783203140625 0.7158203140625 0.23828125 0.703125 0.2939453140625
2 0.8642578140625 0.771484375 0.859375 0.8037109359375 0.875 0.8154296859375 0.876953125 0.8388671859375 0.9140625 0.8466796859375 0.916015625 0.8271484359375 0.89453125 0.8115234359375 0.888671875 0.7744140640625 0.8642578140625 0.771484375
2 0.814453125 0.4091796859375 0.8095703140625 0.380859375 0.8017578140625 0.380859375 0.78515625 0.3994140640625 0.78515625 0.4306640640625 0.7685546859375 0.43359375 0.763671875 0.4404296859375 0.767578125 0.4638671859375 0.779296875 0.4697265640625 0.7958984359375 0.466796875 0.80859375 0.4521484359375 0.8046875 0.4384765640625 0.814453125 0.4091796859375
2 0.845703125 0.5654296859375 0.837890625 0.5498046859375 0.83984375 0.5244140640625 0.8212890640625 0.5078125 0.8125 0.5263671859375 0.794921875 0.5380859359375 0.79296875 0.5576171859375 0.8203125 0.6044921859375 0.8125 0.6181640640625 0.814453125 0.6416015640625 0.828125 0.6455078140625 0.837890625 0.6357421859375 0.82421875 0.5986328140625 0.84375 0.5791015640625 0.845703125 0.5654296859375