2 0.998046875 0.4541015640625 1 0.4404296859375 0.9951171859375 0.439453125 0.98828125 0.4521484359375 0.998046875 0.4541015640625
2 0.720703125 0.6396484359375 0.7265625 0.6259765640625 0.7119140640625 0.6171875 0.7109375 0.6376953140625 0.720703125 0.6396484359375
2 0.79296875 0.7822265640625 0.794921875 0.7607421859375 0.7822265640625 0.751953125 0.78125 0.7763671859375 0.79296875 0.7822265640625
2 0.61328125 0.2138671859375 0.623046875 0.2158203140625 0.6162109359375 0.173828125 0.607421875 0.1845703140625 0.607421875 0.1982421859375 0.61328125 0.2138671859375
2 0.2216796859375 0.166015625 0.232421875 0.1650390640625 0.240234375 0.1396484359375 0.2314453140625 0.130859375 0.21484375 0.1572265640625 0.2216796859375 0.166015625
2 0.7490234359375 0.6875 0.763671875 0.7314453140625 0.76953125 0.7333984359375 0.775390625 0.7236328140625 0.765625 0.6982421859375 0.7587890640625 0.6875 0.7490234359375 0.6875
2 0.9658203140625 0.189453125 0.958984375 0.2060546859375 0.9765625 0.2236328140625 0.9853515640625 0.22265625 0.990234375 0.2119140640625 0.9794921859375 0.1953125 0.9658203140625 0.189453125
2 0.07324218593750001 0.671875 0.0703125 0.6884765640625 0.08300781406249999 0.69921875 0.09375 0.6982421859375 0.10253906406249999 0.689453125 0.109375 0.6943359359375 0.107421875 0.6748046859375 0.07324218593750001 0.671875
2 0.79296875 0.8583984359375 0.828125 0.9072265640625 0.826171875 0.8779296859375 0.80859375 0.8466796859375 0.7958984359375 0.841796875 0.79296875 0.8583984359375
2 0.607421875 0.2568359359375 0.615234375 0.3037109359375 0.62109375 0.3095703140625 0.630859375 0.2900390640625 0.638671875 0.2880859359375 0.6337890640625 0.24609375 0.607421875 0.2568359359375
2 0.689453125 0.5322265640625 0.69140625 0.5693359359375 0.69921875 0.5732421859375 0.720703125 0.5458984359375 0.7177734359375 0.515625 0.7001953140625 0.517578125 0.689453125 0.5322265640625
2 0.228515625 0.2314453140625 0.2412109359375 0.23828125 0.2578125 0.2373046859375 0.26171875 0.2216796859375 0.255859375 0.1962890640625 0.2353515640625 0.177734375 0.228515625 0.2314453140625
2 0.173828125 0.0263671859375 0.171875 0.0517578140625 0.201171875 0.0595703140625 0.203125 0.040039064062500004 0.18359375 0.0009765640625 0.1611328140625 0 0.173828125 0.0263671859375
2 0.1923828140625 0.7890625 0.1796875 0.8134765640625 0.1796875 0.8447265640625 0.201171875 0.8505859359375 0.208984375 0.8427734359375 0.212890625 0.8056640640625 0.2021484359375 0.791015625 0.1923828140625 0.7890625
2 0.6904296859375 0.412109375 0.6845703140625 0.40234375 0.658203125 0.4150390640625 0.654296875 0.4521484359375 0.669921875 0.4619140640625 0.6767578140625 0.4453125 0.69921875 0.4365234359375 0.6953125 0.4072265640625 0.6904296859375 0.412109375
2 0.6689453140625 0.3125 0.6416015640625 0.3125 0.6328125 0.3193359359375 0.630859375 0.3564453140625 0.646484375 0.3623046859375 0.6630859359375 0.359375 0.671875 0.3486328140625 0.673828125 0.3193359359375 0.6689453140625 0.3125
2 0.5126953140625 0.96875 0.533203125 0.9794921859375 0.5234375 0.9990234359375 0.556640625 0.9990234359375 0.552734375 0.9423828140625 0.5185546859375 0.9375 0.5078125 0.9560546859375 0.5126953140625 0.96875
2 0.3310546859375 0.447265625 0.326171875 0.4677734359375 0.310546875 0.4814453140625 0.310546875 0.4931640640625 0.3154296859375 0.501953125 0.34375 0.5048828140625 0.369140625 0.4833984359375 0.37109375 0.4736328140625 0.3583984359375 0.453125 0.3310546859375 0.447265625
2 0.517578125 0.8662109359375 0.5146484359375 0.841796875 0.4853515640625 0.841796875 0.470703125 0.8740234359375 0.486328125 0.8916015640625 0.48046875 0.9345703140625 0.490234375 0.9365234359375 0.4990234359375 0.92578125 0.513671875 0.9228515640625 0.505859375 0.8916015640625 0.517578125 0.8662109359375
2 0.609375 0.09863281406249999 0.58203125 0.08105468593750001 0.5849609359375 0.04296875 0.568359375 0.06933593593750001 0.556640625 0.1318359359375 0.56640625 0.1513671859375 0.576171875 0.1533203140625 0.59375 0.1396484359375 0.595703125 0.11425781406249999 0.609375 0.10839843593750001 0.609375 0.09863281406249999
2 0.043945314062500004 0.48046875 0.033203125 0.4990234359375 0.029296875 0.5283203140625 0.013671875 0.5517578140625 0.020507814062499997 0.560546875 0.0517578140625 0.5546875 0.0546875 0.5888671859375 0.0703125 0.5908203140625 0.076171875 0.5478515640625 0.0546875 0.5302734359375 0.056640625 0.4912109359375 0.043945314062500004 0.48046875
2 0.291015625 0.2763671859375 0.2802734359375 0.267578125 0.26953125 0.3037109359375 0.26953125 0.3232421859375 0.283203125 0.3427734359375 0.279296875 0.3720703140625 0.2861328140625 0.390625 0.310546875 0.3935546859375 0.318359375 0.3857421859375 0.3125 0.3369140640625 0.296875 0.3212890640625 0.291015625 0.2763671859375
2 0.138671875 0.7177734359375 0.140625 0.6884765640625 0.1259765640625 0.6875 0.12207031406249999 0.697265625 0.099609375 0.7080078140625 0.09375 0.7294921859375 0.134765625 0.7587890640625 0.1328125 0.7802734359375 0.142578125 0.7861328140625 0.16796875 0.7587890640625 0.16796875 0.7509765640625 0.15625 0.7236328140625 0.138671875 0.7177734359375
2 0.474609375 0.7978515640625 0.484375 0.7880859359375 0.484375 0.7568359359375 0.4658203140625 0.734375 0.4404296859375 0.744140625 0.435546875 0.7548828140625 0.4375 0.7841796859375 0.423828125 0.7998046859375 0.427734375 0.8193359359375 0.4375 0.8232421859375 0.4501953140625 0.810546875 0.4677734359375 0.8203125 0.474609375 0.8134765640625 0.474609375 0.7978515640625
2 0.2509765640625 0.984375 0.25390625 0.9755859359375 0.25 0.9404296859375 0.236328125 0.9287109359375 0.232421875 0.9072265640625 0.2177734359375 0.8984375 0.2021484359375 0.8984375 0.1962890640625 0.8828125 0.169921875 0.9072265640625 0.177734375 0.9599609359375 0.166015625 0.9931640640625 0.1708984359375 1 0.1796875 0.9990234359375 0.2001953140625 0.978515625 0.2177734359375 0.984375 0.2373046859375 0.978515625 0.2509765640625 0.984375
2 0.435546875 0.6533203140625 0.431640625 0.6357421859375 0.4140625 0.6220703140625 0.4140625 0.5966796859375 0.3896484359375 0.5546875 0.376953125 0.5634765640625 0.3720703140625 0.583984375 0.3515625 0.5830078140625 0.3515625 0.6064453140625 0.361328125 0.6201171859375 0.3662109359375 0.646484375 0.388671875 0.6279296859375 0.392578125 0.6435546859375 0.40625 0.6552734359375 0.40625 0.6748046859375 0.4296875 0.6923828140625 0.4296875 0.7158203140625 0.443359375 0.7275390640625 0.455078125 0.7177734359375 0.4453125 0.6787109359375 0.447265625 0.6591796859375 0.435546875 0.6533203140625