2 0.189453125 0.7353515640625 0.189453125 0.7509765640625 0.2158203140625 0.767578125 0.2314453140625 0.75390625 0.25 0.7744140640625 0.255859375 0.7685546859375 0.2578125 0.7412109359375 0.2177734359375 0.703125 0.189453125 0.7353515640625
2 0.1796875 0.5654296859375 0.1650390640625 0.556640625 0.142578125 0.5732421859375 0.1455078140625 0.580078125 0.158203125 0.5771484359375 0.158203125 0.5908203140625 0.154296875 0.6083984359375 0.142578125 0.6181640640625 0.140625 0.6396484359375 0.1474609359375 0.62109375 0.154296875 0.6220703140625 0.1611328140625 0.638671875 0.17578125 0.6396484359375 0.185546875 0.6337890640625 0.185546875 0.6220703140625 0.201171875 0.6025390640625 0.1796875 0.5654296859375
2 0.0625 0.2587890640625 0.043945314062500004 0.251953125 0.0390625 0.2373046859375 0.015625 0.2236328140625 0.015625 0.1943359359375 0.0009765640625 0.185546875 0 0.2607421859375 0.015625 0.2998046859375 0.013671875 0.3251953140625 0.029296875 0.3310546859375 0.07128906406249999 0.328125 0.072265625 0.2939453140625 0.0625 0.2841796859375 0.0625 0.2587890640625
2 0.6064453140625 1 0.642578125 0.9990234359375 0.6328125 0.9814453140625 0.6318359359375 0.958984375 0.59765625 0.9638671859375 0.6064453140625 1
2 0.30078125 0.016601564062499997 0.2890625 0.0029296859375 0.2705078140625 0 0.259765625 0.008789064062500001 0.259765625 0.018554685937500003 0.27734375 0.040039064062500004 0.27734375 0.07324218593750001 0.28515625 0.07910156406249999 0.3046875 0.0615234359375 0.306640625 0.041992185937499996 0.30078125 0.036132814062500004 0.30078125 0.016601564062499997
2 0.3701171859375 0.314453125 0.369140625 0.3427734359375 0.359375 0.3662109359375 0.3798828140625 0.375 0.3935546859375 0.3671875 0.408203125 0.3779296859375 0.41796875 0.3369140640625 0.40625 0.3291015640625 0.3994140640625 0.3125 0.3701171859375 0.314453125
2 0.5771484359375 0.791015625 0.57421875 0.7646484359375 0.5615234359375 0.755859375 0.55078125 0.7666015640625 0.544921875 0.7939453140625 0.5625 0.8115234359375 0.55859375 0.8251953140625 0.5712890640625 0.83984375 0.578125 0.8388671859375 0.60546875 0.8134765640625 0.607421875 0.8017578140625 0.5986328140625 0.791015625 0.5771484359375 0.791015625
2 0.37109375 0.1435546859375 0.36328125 0.11816406406249999 0.37109375 0.08105468593750001 0.3662109359375 0.076171875 0.3525390640625 0.080078125 0.34375 0.06347656406249999 0.3349609359375 0.060546875 0.322265625 0.11230468593750001 0.310546875 0.1298828140625 0.341796875 0.1806640640625 0.341796875 0.1982421859375 0.349609375 0.2021484359375 0.36328125 0.1884765640625 0.3515625 0.1748046859375 0.349609375 0.1494140640625 0.37109375 0.1435546859375
2 0.876953125 0.8251953140625 0.890625 0.8193359359375 0.8876953140625 0.8046875 0.876953125 0.8154296859375 0.876953125 0.8251953140625
2 0.83203125 0.6240234359375 0.83984375 0.6123046859375 0.8271484359375 0.59765625 0.822265625 0.6064453140625 0.83203125 0.6240234359375
2 0.916015625 0.8251953140625 0.916015625 0.8056640640625 0.9013671859375 0.798828125 0.8984375 0.8095703140625 0.916015625 0.8251953140625
2 0.8125 0.7021484359375 0.833984375 0.7197265640625 0.8359375 0.7041015640625 0.828125 0.6884765640625 0.8193359359375 0.685546875 0.8125 0.7021484359375
2 0.896484375 0.7900390640625 0.890625 0.7509765640625 0.8798828140625 0.748046875 0.87109375 0.7626953140625 0.896484375 0.7900390640625
2 0.6484375 0.020507814062499997 0.640625 0.036132814062500004 0.65625 0.0517578140625 0.66796875 0.043945314062500004 0.6787109359375 0 0.6484375 0.0009765640625 0.6484375 0.020507814062499997
2 0.7421875 0.2490234359375 0.732421875 0.2236328140625 0.7197265640625 0.216796875 0.7109375 0.2353515640625 0.708984375 0.2705078140625 0.734375 0.2783203140625 0.7392578140625 0.265625 0.7587890640625 0.263671875 0.759765625 0.2587890640625 0.7421875 0.2490234359375
2 0.84375 0.5029296859375 0.8271484359375 0.484375 0.814453125 0.5068359359375 0.802734375 0.5146484359375 0.8125 0.5185546859375 0.818359375 0.5439453140625 0.83203125 0.5634765640625 0.845703125 0.5556640640625 0.84765625 0.5400390640625 0.83984375 0.5302734359375 0.84375 0.5029296859375
2 0.814453125 0.3642578140625 0.8076171859375 0.357421875 0.78515625 0.3759765640625 0.787109375 0.4052734359375 0.7685546859375 0.408203125 0.763671875 0.4169921859375 0.765625 0.4384765640625 0.78125 0.4501953140625 0.7861328140625 0.44140625 0.7958984359375 0.443359375 0.810546875 0.4345703140625 0.814453125 0.3642578140625