2 0.1271356375 0.609960575 0.11615262343749999 0.61491418125 0.1206709765625 0.62173313125 0.1294991046875 0.6207037109375 0.1337066578125 0.61481174375 0.1271356375 0.609960575
2 0.5083447140625 0.8336315140625 0.514604934375 0.825771759375 0.51234368125 0.813072221875 0.49694867968749995 0.827830603125 0.5083447140625 0.8336315140625
2 0.9132504828125001 0.0626371453125 0.92197224375 0.044983996875 0.9096520968749999 0.038210575000000004 0.9036004609375 0.06073765 0.9132504828125001 0.0626371453125
2 0.32320949374999997 0.1599590390625 0.329772221875 0.1276499515625 0.3105785421875 0.14047469375 0.32320949374999997 0.1599590390625
2 0.520787815625 0.93134916875 0.527865784375 0.9078381999999999 0.5135951890625 0.9010761593750001 0.5096984375 0.91967905 0.520787815625 0.93134916875
2 0.0994978203125 0.50450836875 0.0799974859375 0.5232023125 0.08431140468750001 0.5339340703125 0.0911890828125 0.5329160328125 0.10720154374999999 0.5249993703125 0.0994978203125 0.50450836875
2 0.42809725312499997 0.5035687015625 0.43836058749999995 0.49372977812499996 0.42521439375 0.4654473171875 0.41464855156249997 0.49973557187499995 0.42809725312499997 0.5035687015625
2 0.3023388484375 0.018284940625000003 0.30264965 0.0309958640625 0.3083987765625 0.0329181171875 0.3189687671875 0.017209990624999998 0.3148592875 0.002565434375 0.2823191234375 0.0096006421875 0.2847848109375 0.0183873796875 0.3023388484375 0.018284940625000003
2 0.6946331546875 0.23504587500000002 0.6828323953125001 0.25565069687499997 0.6819124265625 0.273258309375 0.6966982640625 0.28881846875 0.702950190625 0.243798465625 0.6946331546875 0.23504587500000002
2 0.8258755015625001 0.913922359375 0.8348017000000001 0.8923564140625 0.833562634375 0.8600928546875 0.8238103953125 0.8601497640625 0.8145733921874999 0.86900479375 0.8168387906250001 0.900284459375 0.8258755015625001 0.913922359375
2 0.7281679296875 0.54484533125 0.7409950249999999 0.5232566140625 0.7417105562499999 0.5095618046875 0.7279510515625 0.493017753125 0.7183051765624999 0.5096983890625 0.7166696781249999 0.54100081875 0.7281679296875 0.54484533125
2 0.708544640625 0.4725950421875 0.7188079765625 0.46275612656250004 0.7163339921875 0.41680913437499995 0.7030938765625 0.42764333125 0.6958114703125 0.45506710312500004 0.6970463890625 0.4687505296875 0.708544640625 0.4725950421875
2 1 0.31363173906249997 0.9967647968750001 0.311514971875 0.954881265625 0.310781484375 0.9600170796875 0.324442153125 0.9722350109375 0.333171978125 1 0.335407115625 1 0.31363173906249997
2 0.1225316484375 0.6794185296874999 0.1292173296875 0.738053675 0.138458478125 0.7477787796875 0.146975803125 0.734038434375 0.15025509374999999 0.70859383125 0.1446081859375 0.7047151734375 0.1397748828125 0.6666051734375 0.1225316484375 0.6794185296874999
2 0.8046982 0.7781174703125 0.7975138640625 0.7850047124999999 0.79874878125 0.798688146875 0.8195945453125001 0.8288814796875 0.8359178109375 0.8336757390624999 0.8407386765625 0.8160453562500001 0.8356028625 0.8023846921875 0.8162986703125 0.78000558125 0.8046982 0.7781174703125
2 0.7775880640625 0.7372037625 0.78446574375 0.736185725 0.7906237453125 0.7302823703125 0.7790066859375 0.6540737562500001 0.783921475 0.5973267171875001 0.7734495546875 0.592498315625 0.7615424281250001 0.5964794109375 0.7499461046875 0.6131714265625 0.74871948125 0.6366482484375 0.7542641703124999 0.6424833109375 0.7531397640625 0.6640037296875 0.76936495625 0.6893345171874999 0.7712214796875 0.7284397921875 0.7775880640625 0.7372037625