2 0.001953125 0.6240234359375 0.017578125 0.6298828140625 0.017578125 0.6005859359375 0.02734375 0.5869140640625 0.0009765640625 0.583984375 0.001953125 0.6240234359375
2 0.2763671859375 0.2265625 0.265625 0.2392578140625 0.265625 0.2548828140625 0.28125 0.2626953140625 0.298828125 0.2509765640625 0.30078125 0.2275390640625 0.2919921859375 0.220703125 0.2763671859375 0.2265625
2 0.478515625 0.8681640640625 0.490234375 0.8720703140625 0.515625 0.8486328140625 0.5146484359375 0.828125 0.486328125 0.8291015640625 0.478515625 0.8681640640625
2 0.52734375 0.9345703140625 0.525390625 0.9521484359375 0.533203125 0.9619140640625 0.529296875 0.9853515640625 0.537109375 0.9853515640625 0.552734375 0.9736328140625 0.55859375 0.9423828140625 0.5361328140625 0.9296875 0.52734375 0.9345703140625
2 0.11035156406249999 0.7890625 0.080078125 0.7998046859375 0.080078125 0.8369140640625 0.087890625 0.8427734359375 0.1015625 0.8369140640625 0.11328125 0.8154296859375 0.119140625 0.7978515640625 0.11035156406249999 0.7890625
2 0.3486328140625 0.419921875 0.3251953140625 0.41015625 0.314453125 0.4169921859375 0.318359375 0.4384765640625 0.3046875 0.4580078140625 0.31640625 0.4677734359375 0.3388671859375 0.46484375 0.337890625 0.4423828140625 0.35546875 0.4365234359375 0.3486328140625 0.419921875
2 0.052734375 0.6611328140625 0.0546875 0.7041015640625 0.041015625 0.7236328140625 0.041015625 0.7353515640625 0.05078125 0.7392578140625 0.08203125 0.7255859359375 0.078125 0.6845703140625 0.06347656406249999 0.65625 0.052734375 0.6611328140625
2 0.4384765640625 0.609375 0.4296875 0.6337890640625 0.4296875 0.6708984359375 0.4111328140625 0.673828125 0.40625 0.6865234359375 0.4267578140625 0.71875 0.44921875 0.7197265640625 0.455078125 0.7138671859375 0.451171875 0.6435546859375 0.447265625 0.6123046859375 0.4384765640625 0.609375
2 0.154296875 0.8583984359375 0.1416015640625 0.84765625 0.12890625 0.8544921859375 0.125 0.8720703140625 0.103515625 0.8974609359375 0.11230468593750001 0.912109375 0.126953125 0.9189453140625 0.111328125 0.9423828140625 0.12109375 0.9521484359375 0.119140625 0.9755859359375 0.134765625 0.9833984359375 0.1484375 0.9677734359375 0.158203125 0.9287109359375 0.142578125 0.8876953140625 0.154296875 0.8583984359375
2 0.5888671859375 0.01953125 0.5859375 0.0576171859375 0.595703125 0.06347656406249999 0.599609375 0.0517578140625 0.611328125 0.045898435937499996 0.611328125 0.032226564062500004 0.5888671859375 0.01953125
2 0.658203125 0.2060546859375 0.6669921859375 0.21484375 0.68359375 0.2138671859375 0.69921875 0.1982421859375 0.6806640640625 0.173828125 0.658203125 0.1982421859375 0.658203125 0.2060546859375
2 0.291015625 0.2880859359375 0.2666015640625 0.29296875 0.265625 0.3017578140625 0.2880859359375 0.32421875 0.294921875 0.3232421859375 0.310546875 0.3154296859375 0.3125 0.2998046859375 0.2919921859375 0.2734375 0.291015625 0.2880859359375
2 0.7939453140625 0.515625 0.791015625 0.5361328140625 0.8125 0.5478515640625 0.8349609359375 0.54296875 0.83984375 0.5263671859375 0.8095703140625 0.513671875 0.7939453140625 0.515625
2 0.8720703140625 0.6640625 0.8544921859375 0.673828125 0.8369140640625 0.66015625 0.83203125 0.6650390640625 0.833984375 0.7021484359375 0.85546875 0.7236328140625 0.857421875 0.7353515640625 0.869140625 0.7392578140625 0.892578125 0.7080078140625 0.8828125 0.6904296859375 0.88671875 0.6748046859375 0.8720703140625 0.6640625
2 0.951171875 0.9990234359375 0.95703125 0.9814453140625 0.9248046859375 0.96875 0.916015625 0.9990234359375 0.951171875 0.9990234359375