2 0.1298828140625 0.6953125 0.111328125 0.7080078140625 0.09375 0.7333984359375 0.09375 0.7548828140625 0.111328125 0.7646484359375 0.123046875 0.7470703140625 0.1171875 0.7236328140625 0.1328125 0.7080078140625 0.1298828140625 0.6953125
2 0.109375 0.7041015640625 0.109375 0.6904296859375 0.095703125 0.6865234359375 0.095703125 0.6708984359375 0.072265625 0.6435546859375 0.08105468593750001 0.6328125 0.09375 0.6396484359375 0.09765625 0.6103515640625 0.07714843593750001 0.60546875 0.0595703140625 0.576171875 0.056640625 0.6494140640625 0.038085935937499996 0.65234375 0.033203125 0.6630859359375 0.056640625 0.6884765640625 0.052734375 0.7099609359375 0.07421875 0.7177734359375 0.07324218593750001 0.693359375 0.09082031406249999 0.6953125 0.10253906406249999 0.708984375 0.109375 0.7041015640625
2 0.1279296859375 0.841796875 0.16015625 0.8427734359375 0.17578125 0.8310546859375 0.1650390640625 0.8046875 0.123046875 0.8271484359375 0.1279296859375 0.841796875
2 0.185546875 0.8603515640625 0.1787109359375 0.857421875 0.1591796859375 0.859375 0.140625 0.8818359359375 0.150390625 0.9111328140625 0.1640625 0.9130859359375 0.169921875 0.9091796859375 0.171875 0.8779296859375 0.185546875 0.8681640640625 0.185546875 0.8603515640625
2 0.2119140640625 0.921875 0.208984375 0.9443359359375 0.18359375 0.9755859359375 0.2060546859375 1 0.240234375 0.9990234359375 0.240234375 0.9736328140625 0.22265625 0.9482421859375 0.220703125 0.9248046859375 0.2119140640625 0.921875
2 0.10546875 0.020507814062499997 0.12890625 0.032226564062500004 0.14453125 0.018554685937500003 0.1435546859375 0 0.11328125 0.0009765640625 0.10546875 0.020507814062499997
2 0.1953125 0.08886718593750001 0.1953125 0.07519531406249999 0.17578125 0.049804685937499996 0.173828125 0.024414064062499997 0.1669921859375 0.0234375 0.138671875 0.0517578140625 0.15625 0.09082031406249999 0.15625 0.10058593593750001 0.14453125 0.11230468593750001 0.1640625 0.1259765640625 0.1728515640625 0.142578125 0.1875 0.1455078140625 0.185546875 0.12402343593750001 0.201171875 0.11230468593750001 0.205078125 0.10058593593750001 0.1953125 0.08886718593750001
2 0.25 0.2939453140625 0.25 0.2802734359375 0.236328125 0.2666015640625 0.234375 0.2490234359375 0.2236328140625 0.2421875 0.2138671859375 0.25390625 0.1962890640625 0.23828125 0.19140625 0.2529296859375 0.201171875 0.2705078140625 0.1953125 0.2939453140625 0.2041015640625 0.302734375 0.22265625 0.2822265640625 0.216796875 0.3271484359375 0.224609375 0.3291015640625 0.2412109359375 0.326171875 0.24609375 0.3134765640625 0.259765625 0.3037109359375 0.25 0.2939453140625
2 0.349609375 0.5361328140625 0.35546875 0.4970703140625 0.34375 0.4794921859375 0.3408203140625 0.458984375 0.3212890640625 0.458984375 0.3154296859375 0.466796875 0.3017578140625 0.4609375 0.294921875 0.4853515640625 0.302734375 0.5048828140625 0.322265625 0.5146484359375 0.333984375 0.5380859359375 0.333984375 0.5498046859375 0.322265625 0.5537109359375 0.322265625 0.5927734359375 0.3408203140625 0.580078125 0.3623046859375 0.583984375 0.3671875 0.5693359359375 0.349609375 0.5361328140625
2 0.4189453140625 0.65625 0.4091796859375 0.640625 0.3876953140625 0.662109375 0.3740234359375 0.662109375 0.369140625 0.6728515640625 0.3828125 0.6884765640625 0.376953125 0.7119140640625 0.3837890640625 0.716796875 0.3955078140625 0.7109375 0.3994140640625 0.73046875 0.4111328140625 0.716796875 0.427734375 0.7333984359375 0.427734375 0.7099609359375 0.443359375 0.6533203140625 0.4326171859375 0.650390625 0.4189453140625 0.65625
2 0.419921875 0.7841796859375 0.4306640640625 0.783203125 0.4453125 0.7978515640625 0.4609375 0.7744140640625 0.4541015640625 0.76171875 0.4365234359375 0.751953125 0.419921875 0.7841796859375
2 0.44140625 0.8583984359375 0.453125 0.8740234359375 0.4619140640625 0.865234375 0.470703125 0.8662109359375 0.4677734359375 0.833984375 0.44140625 0.8583984359375
2 0.486328125 0.9677734359375 0.486328125 0.9794921859375 0.4970703140625 0.99609375 0.533203125 0.9990234359375 0.513671875 0.9775390640625 0.515625 0.9619140640625 0.5029296859375 0.943359375 0.486328125 0.9677734359375
2 0.556640625 0.2529296859375 0.546875 0.2802734359375 0.546875 0.2880859359375 0.552734375 0.2880859359375 0.568359375 0.2802734359375 0.57421875 0.2626953140625 0.5712890640625 0.248046875 0.556640625 0.2529296859375
2 0.60546875 0.1865234359375 0.6083984359375 0.169921875 0.556640625 0.1533203140625 0.5595703140625 0.16796875 0.60546875 0.1865234359375
2 0.576171875 0.06347656406249999 0.5810546859375 0.029296875 0.5615234359375 0.0546875 0.5439453140625 0.04296875 0.541015625 0.06738281406249999 0.525390625 0.07714843593750001 0.53515625 0.10253906406249999 0.53515625 0.12402343593750001 0.54296875 0.1279296859375 0.5693359359375 0.12109375 0.57421875 0.10253906406249999 0.587890625 0.08886718593750001 0.576171875 0.06347656406249999
2 0.640625 0.3662109359375 0.623046875 0.3369140640625 0.625 0.2919921859375 0.6201171859375 0.28515625 0.5986328140625 0.30078125 0.5771484359375 0.294921875 0.5703125 0.3134765640625 0.5791015640625 0.33203125 0.59375 0.3330078140625 0.591796875 0.3505859359375 0.607421875 0.3623046859375 0.599609375 0.4599609359375 0.61328125 0.4638671859375 0.6328125 0.4423828140625 0.619140625 0.3896484359375 0.638671875 0.3798828140625 0.640625 0.3662109359375
2 0.7119140640625 0.59375 0.6953125 0.6103515640625 0.6953125 0.6298828140625 0.7119140640625 0.6328125 0.73046875 0.6474609359375 0.736328125 0.6435546859375 0.734375 0.6298828140625 0.71875 0.5947265640625 0.7119140640625 0.59375
2 0.685546875 0.5849609359375 0.69140625 0.5634765640625 0.6787109359375 0.52734375 0.666015625 0.5302734359375 0.6640625 0.5517578140625 0.646484375 0.5673828140625 0.654296875 0.5791015640625 0.650390625 0.6103515640625 0.66015625 0.6142578140625 0.6689453140625 0.591796875 0.6787109359375 0.60546875 0.69140625 0.6005859359375 0.685546875 0.5849609359375
2 0.728515625 0.7841796859375 0.736328125 0.7880859359375 0.7509765640625 0.787109375 0.7578125 0.7763671859375 0.7275390640625 0.75 0.728515625 0.7841796859375
2 0.7568359359375 0.845703125 0.748046875 0.8779296859375 0.771484375 0.8974609359375 0.771484375 0.8701171859375 0.779296875 0.8662109359375 0.779296875 0.8583984359375 0.7568359359375 0.845703125
2 0.8701171859375 0 0.85546875 0.022460935937500003 0.8759765640625 0.0390625 0.89453125 0.043945314062500004 0.900390625 0.032226564062500004 0.88671875 0.018554685937500003 0.890625 0.0009765640625 0.8701171859375 0
2 0.921875 0.11816406406249999 0.931640625 0.09667968593750001 0.9287109359375 0.083984375 0.8984375 0.10839843593750001 0.888671875 0.1279296859375 0.900390625 0.1728515640625 0.90625 0.1728515640625 0.9140625 0.1494140640625 0.94140625 0.1298828140625 0.9384765640625 0.12109375 0.921875 0.11816406406249999
2 0.9228515640625 0.25 0.9072265640625 0.236328125 0.900390625 0.2392578140625 0.896484375 0.2529296859375 0.9091796859375 0.275390625 0.9287109359375 0.26953125 0.947265625 0.2802734359375 0.955078125 0.2529296859375 0.9384765640625 0.25 0.9345703140625 0.234375 0.9228515640625 0.25
2 0.9990234359375 0.361328125 0.982421875 0.3857421859375 1 0.4072265640625 0.9990234359375 0.361328125
2 0.966796875 0.5712890640625 0.9765625 0.5791015640625 1 0.5751953140625 0.9990234359375 0.525390625 0.97265625 0.5439453140625 0.966796875 0.5712890640625