2 0.107421875 0.4658203140625 0.109375 0.4873046859375 0.1171875 0.4892578140625 0.126953125 0.4716796859375 0.12011718593750001 0.44921875 0.109375 0.4560546859375 0.107421875 0.4658203140625
2 0.033203125 0.2080078140625 0.015625 0.1962890640625 0.0009765640625 0.15234375 0.00390625 0.2490234359375 0.008789064062500001 0.23828125 0.025390625 0.2412109359375 0.025390625 0.2216796859375 0.033203125 0.2080078140625
2 0.08984375 0.3291015640625 0.07519531406249999 0.31640625 0.044921875 0.3310546859375 0.04296875 0.3662109359375 0.083984375 0.4013671859375 0.099609375 0.3896484359375 0.099609375 0.3759765640625 0.080078125 0.3603515640625 0.08984375 0.3291015640625
2 0.001953125 0.9794921859375 0.0009765640625 1 0.03125 0.9990234359375 0.05078125 0.9775390640625 0.049804685937499996 0.9375 0.024414064062499997 0.94921875 0.001953125 0.9794921859375
2 0.3486328140625 0.947265625 0.318359375 0.9716796859375 0.318359375 0.9873046859375 0.3271484359375 1 0.37109375 0.9990234359375 0.365234375 0.9833984359375 0.369140625 0.9658203140625 0.3603515640625 0.947265625 0.3486328140625 0.947265625
2 0.2353515640625 0.810546875 0.23046875 0.8154296859375 0.232421875 0.8408203140625 0.2509765640625 0.85546875 0.271484375 0.8583984359375 0.287109375 0.8388671859375 0.271484375 0.8037109359375 0.2509765640625 0.802734375 0.2353515640625 0.810546875
2 0.228515625 0.6513671859375 0.2119140640625 0.62890625 0.1865234359375 0.642578125 0.18359375 0.6533203140625 0.20703125 0.6787109359375 0.208984375 0.6904296859375 0.193359375 0.7099609359375 0.224609375 0.7138671859375 0.23046875 0.7060546859375 0.2265625 0.6943359359375 0.240234375 0.6826171859375 0.228515625 0.6513671859375
2 0.1640625 0.5634765640625 0.158203125 0.5908203140625 0.162109375 0.6240234359375 0.16796875 0.6259765640625 0.189453125 0.6044921859375 0.18359375 0.5751953140625 0.1708984359375 0.560546875 0.1640625 0.5634765640625
2 0.4072265640625 0.283203125 0.3935546859375 0.2734375 0.388671875 0.3173828140625 0.400390625 0.3544921859375 0.412109375 0.3662109359375 0.412109375 0.3935546859375 0.41796875 0.3955078140625 0.443359375 0.3388671859375 0.4140625 0.3173828140625 0.423828125 0.2822265640625 0.4072265640625 0.283203125
2 0.361328125 0.08886718593750001 0.3544921859375 0.0859375 0.3427734359375 0.09765625 0.3271484359375 0.078125 0.326171875 0.1455078140625 0.34375 0.1748046859375 0.35546875 0.1806640640625 0.375 0.1552734359375 0.369140625 0.12011718593750001 0.361328125 0.11230468593750001 0.361328125 0.08886718593750001
2 0.4765625 0.5576171859375 0.466796875 0.5927734359375 0.470703125 0.6044921859375 0.478515625 0.6044921859375 0.49609375 0.5810546859375 0.494140625 0.5673828140625 0.4833984359375 0.5546875 0.4765625 0.5576171859375
2 0.5595703140625 0.66015625 0.5341796859375 0.66015625 0.521484375 0.6748046859375 0.521484375 0.6865234359375 0.53125 0.6982421859375 0.529296875 0.7197265640625 0.53515625 0.7236328140625 0.5458984359375 0.70703125 0.57421875 0.6923828140625 0.57421875 0.6806640640625 0.5595703140625 0.66015625
2 0.55859375 0.8232421859375 0.564453125 0.7958984359375 0.5517578140625 0.79296875 0.541015625 0.8212890640625 0.55859375 0.8232421859375
2 0.62109375 0.9052734359375 0.623046875 0.8857421859375 0.607421875 0.8720703140625 0.607421875 0.8505859359375 0.5927734359375 0.84765625 0.5830078140625 0.857421875 0.5673828140625 0.853515625 0.560546875 0.8720703140625 0.591796875 0.8994140640625 0.595703125 0.9267578140625 0.587890625 0.9619140640625 0.599609375 0.9619140640625 0.6064453140625 0.951171875 0.6171875 0.9482421859375 0.61328125 0.9130859359375 0.62109375 0.9052734359375
2 0.8671875 0.8134765640625 0.865234375 0.7998046859375 0.8427734359375 0.77734375 0.83984375 0.7861328140625 0.8671875 0.8134765640625
2 0.8486328140625 0.701171875 0.84375 0.6943359359375 0.845703125 0.7509765640625 0.8515625 0.7529296859375 0.8642578140625 0.736328125 0.880859375 0.7314453140625 0.8701171859375 0.6953125 0.8486328140625 0.701171875
2 0.9501953140625 0.916015625 0.9365234359375 0.9140625 0.9345703140625 0.92578125 0.9267578140625 0.91796875 0.923828125 0.9248046859375 0.9296875 0.9423828140625 0.94140625 0.9501953140625 0.9375 0.9306640640625 0.9482421859375 0.9375 0.9609375 0.9267578140625 0.9501953140625 0.916015625
2 0.705078125 0.1845703140625 0.73046875 0.2060546859375 0.734375 0.1533203140625 0.7275390640625 0.1484375 0.705078125 0.1728515640625 0.705078125 0.1845703140625
2 0.7822265640625 0.31640625 0.7939453140625 0.318359375 0.8046875 0.2998046859375 0.798828125 0.2861328140625 0.80078125 0.2666015640625 0.7724609359375 0.2890625 0.7548828140625 0.244140625 0.744140625 0.2626953140625 0.748046875 0.3271484359375 0.75390625 0.3330078140625 0.7646484359375 0.296875 0.7734375 0.3017578140625 0.7763671859375 0.328125 0.7822265640625 0.31640625
2 0.8388671859375 0.60546875 0.828125 0.6259765640625 0.828125 0.6416015640625 0.8388671859375 0.65234375 0.845703125 0.6513671859375 0.83984375 0.6298828140625 0.865234375 0.6240234359375 0.8505859359375 0.607421875 0.8388671859375 0.60546875
2 0.470703125 0.4970703140625 0.4716796859375 0.470703125 0.458984375 0.4814453140625 0.462890625 0.4951171859375 0.470703125 0.4970703140625