2 0.0560576125 1 0.07294565625 0.9918382328125 0.07858699531249999 0.9779106296875 0.07446112031249999 0.966336940625 0.0587788234375 0.9669743875 0.0511429765625 0.9790261625 0.0316769734375 0.9876450046875 0.0215180828125 1 0.0560576125 1
2 0.22275859374999998 0.9211710234374999 0.19689847968750002 0.9006962796875 0.164981453125 0.9264548703125 0.22090095937499998 0.9271172296874999 0.22275859374999998 0.9211710234374999
2 0.2035663265625 0.945433934375 0.19366224375000002 0.9399658125 0.166286659375 0.9449923625000001 0.150672796875 0.9495408265625 0.1439657671875 0.9586194953125 0.20015900625 0.974925925 0.2035663265625 0.945433934375
2 0.4609213171875 0.8547402078124999 0.48052418750000003 0.8539434015625 0.48042153593750003 0.8480768734374999 0.47024371875000004 0.8269646843749999 0.460613365625 0.8371406312499999 0.4224733140625 0.84358318125 0.429488290625 0.8521040859375001 0.4609213171875 0.8547402078124999
2 0.6125918953125 0.77812679375 0.5889658 0.7732164390625 0.576446346875 0.786445171875 0.5834613281250001 0.7949660734374999 0.601103909375 0.794248946875 0.6117657296875 0.7869664203125 0.6125918953125 0.77812679375
2 0.6839591406250001 0.7086913109374999 0.6793492671875 0.7255123328125 0.6924504125000001 0.7455272484375 0.710161425 0.7487211375 0.7333427 0.72820988125 0.7626443578125001 0.7211481421875 0.7760584109375 0.7029908 0.7583473984375 0.6997969125 0.7233701828125 0.71883074375 0.6839591406250001 0.7086913109374999
2 0.8468295953125 0.375268825 0.8544312265625 0.3612615421875 0.8269872078124999 0.3623770734375 0.8075896390624999 0.3749069328125 0.7723386890625 0.37829669843749997 0.7545592359375 0.3711917921875 0.74203978125 0.384420525 0.750154665625 0.3997458703125 0.7327516015625 0.4141515546875 0.7533175078125 0.4123371515625 0.7727150765624999 0.3998072921875 0.8100631765624999 0.40415988281250004 0.8194882296875001 0.3822508828125 0.8468295953125 0.375268825
0 0.44164675468750003 0.25769090625 0.45609227968750005 0.24242698749999997 0.433497653125 0.2404100546875 0.44089398125 0.2146697171875 0.432021365625 0.2120950203125 0.41107411093749996 0.24817066406250002 0.389545171875 0.25100266250000003 0.3789517859375 0.2621962046875 0.4212861515625 0.2712383609375 0.4273723109375 0.2827323703125 0.4370710984375 0.276467440625 0.4527876109375 0.277785503125 0.4556424984375 0.27277720781250003 0.44164675468750003 0.25769090625
2 0.31282024062499997 0.238466146875 0.3022610734375 0.2516151953125 0.3523681515625 0.256427615625 0.3756178578125 0.2398273765625 0.3793331328125 0.2279349625 0.3379960234375 0.21983071875000001 0.329260271875 0.22507805625000002 0.3363436859375 0.2375099765625 0.31282024062499997 0.238466146875
2 0.1355975015625 0.312204396875 0.114034340625 0.3130808859375 0.098557346875 0.3254513859375 0.07795722656250001 0.32531028125 0.0870009265625 0.337662521875 0.1067406640625 0.344687746875 0.13965494375 0.3198670703125 0.1631099546875 0.31499988125 0.182302221875 0.2907369703125 0.1488746875 0.28622502031249997 0.1355975015625 0.312204396875
2 0.1567545078125 0.6244483203125 0.11933796562500001 0.6161847140625001 0.0979116796875 0.6248832375 0.08742094375000001 0.64194330625 0.10805528125 0.64403991875 0.1510105109375 0.632509396875 0.1567545078125 0.6244483203125
2 0.0375533828125 0.6508194484375001 0.013272206249999998 0.664526265625 0.0182926828125 0.6711713421875001 0.049828359375 0.679673990625 0.061521646875 0.6752848874999999 0.054540884375 0.6687194890625 0.0520331265625 0.637511034375 0.0470810859375 0.6347769734375001 0.0375533828125 0.6508194484375001
2 0.1931787515625 0.576002178125 0.19059759999999998 0.5966545375 0.2227541453125 0.5845845078125 0.2308005953125 0.5959988359375 0.2386417421875 0.5956801125 0.2561132359375 0.5851854421875 0.2560105875 0.5793189171875001 0.24607228750000001 0.5718952859375 0.22657206875 0.5785586203124999 0.1931787515625 0.576002178125
2 0.8126007 0.10073733124999999 0.7905927265625 0.076192209375 0.777902184375 0.07964339687500001 0.779481125 0.11382495781249999 0.7950949875 0.10927649375 0.80891964375 0.11458525312500001 0.8126007 0.10073733124999999