2 0.48000548125 0.9176180828125 0.472878246875 0.9337959390625 0.48108074062500006 0.9536197625 0.49468284375 0.9595854359375 0.514765125 0.9436340546875 0.5341982187500001 0.9395677062500001 0.537222084375 0.9311021703125 0.5490976296875 0.9305754281249999 0.553849115625 0.9197901937499999 0.522111225 0.90293291875 0.48000548125 0.9176180828125
2 0.7009020421875001 0.8126498234374999 0.6803905078125 0.8071508390625001 0.656855109375 0.8101173906250001 0.65275174375 0.8178297109375 0.6752055234375 0.8317341734375001 0.7017647921875 0.8203020890625 0.7009020421875001 0.8126498234374999
2 0.78749563125 0.725014178125 0.7974268078125 0.7337061890625 0.8052000453125 0.7320796484375001 0.8112477796875 0.715148578125 0.7972132359375 0.714168890625 0.78749563125 0.725014178125
2 0.9256937031250001 0.636371365625 0.9636971390625 0.620586403125 0.9684316859375001 0.6253765890625 0.9701159203125 0.5892154 0.9416757921875 0.6016959546875 0.9140359625000001 0.621186940625 0.9101482859375001 0.630812328125 0.9256937031250001 0.636371365625
2 0.029391412500000002 0.864064453125 0.011901628124999999 0.8677241656250001 0.0224713890625 0.9526523015624999 0.0360756125 0.940993740625 0.0358620453125 0.9214564421875 0.055943259375 0.9143171796875 0.0568081328125 0.9043452125 0.0913542046875 0.9108238859375 0.102798371875 0.9064710109374999 0.0235583046875 0.8917207062499999 0.029391412500000002 0.864064453125
2 0.086615434375 0.8158637296875 0.0788411359375 0.826302384375 0.090929190625 0.85412505625 0.09395305625 0.8456595218749999 0.12202213906249999 0.8476189 0.1500933375 0.8319540484375001 0.1511739 0.8238951468750001 0.1442655296875 0.8155497203125 0.11382176562499999 0.8101708421874999 0.086615434375 0.8158637296875
2 0.278148784375 0.69745769375 0.2740433 0.7227942421875 0.30945530625 0.710488834375 0.3137754171875 0.695877465625 0.297150503125 0.6895652140624999 0.278148784375 0.69745769375
2 0.23236575625000003 0.7677418874999999 0.24704735625000002 0.7744607765625 0.2561189609375 0.7490641734375 0.2489949078125 0.7388056781250001 0.2371193640625 0.7393324203125 0.2289126296875 0.7547570593749999 0.20775085624999998 0.769955225 0.23236575625000003 0.7677418874999999
2 0.4273585875 0.6094479875000001 0.41440142656249995 0.62684574375 0.46082410312500005 0.623985559375 0.4688151515625 0.6066478546875 0.4502469234375 0.6007422359375 0.4273585875 0.6094479875000001
2 0.5351075953125 0.5594868734375 0.4940824078125 0.5661131390625 0.488467109375 0.5780582265625 0.50314765625 0.593589228125 0.52495543125 0.592942378125 0.5381282828125 0.577457684375 0.5351075953125 0.5594868734375
2 0.6458772875000001 0.5274965734375 0.6201839484375 0.5201445796875 0.661858315625 0.50163328125 0.6881997796875 0.505912359375 0.7000774390625 0.4877613875 0.678486409375 0.48150918593750003 0.6771933406249999 0.4612186734375 0.6527930734375 0.474157190625 0.6467453375 0.4910882609375 0.6087440187500001 0.489248990625 0.6029130328125001 0.4992810109375 0.6113312125 0.521017903125 0.5934079328124999 0.5384757125 0.621475959375 0.5492472078125 0.641124740625 0.547093925 0.6491147234375 0.5385683359375 0.6458772875000001 0.5274965734375
2 0.8289892812499999 0.41378999375000003 0.7901252109375 0.4042984578125 0.7611912609375 0.4123110453125 0.7532012734375 0.4208366375 0.8302834078125001 0.425268390625 0.8726048375 0.41249629375 0.87368539375 0.40443739375 0.860084346875 0.3896596046875 0.8428102531249999 0.39523238437499997 0.8289892812499999 0.41378999375000003
2 0.1196951390625 0.44765419062499995 0.131572803125 0.42950321718750006 0.1259596234375 0.4238240703125 0.0983219171875 0.42569082343750003 0.0961608 0.4418086234375 0.0799662015625 0.44813462031249995 0.0886021890625 0.45416034843749997 0.0821230796875 0.467265284375 0.1032827359375 0.46969135 0.138477990625 0.46428499062500006 0.1486280328125 0.448453715625 0.1196951390625 0.44765419062499995
2 0 0.5243075687500001 0.002010721875 0.52417175625 0.0210134984375 0.5074671609375 0.025118985937499998 0.48213060781249995 0.014971059375000002 0.48033765156249997 0.0048210171875 0.4961689234375 0 0.497177715625 0 0.5243075687500001
2 0.23068581875 0.373516378125 0.242128925 0.3779756171875 0.25897165 0.36857670468750003 0.2617798296875 0.3581981046875 0.22744838281250002 0.36244461562499997 0.23068581875 0.373516378125
2 0.34447726093750003 0.3506847734375 0.33497746093749997 0.345818896875 0.3336843953125 0.325528384375 0.286612534375 0.34027360156249997 0.2984849 0.36618320781249997 0.3433967 0.3587436734375 0.34447726093750003 0.3506847734375
2 0.623677340625 0.1982690046875 0.606187559375 0.20192871874999999 0.5986289484375 0.21428044218750003 0.6061854359375001 0.21955295156250001 0.6156862984375 0.21560670937499998 0.6254039031249999 0.20476142187500002 0.623677340625 0.1982690046875
2 0.13182981875 0.0877437625 0.103762853125 0.068160153125 0.0705098484375 0.0819719953125 0.0722364109375 0.088464409375 0.109588546875 0.1021887109375 0.127078328125 0.098529 0.13182981875 0.0877437625