0 0.7479270328125 0.8122206515625001 0.7653017 0.818809665625 0.781436978125 0.8077050281249999 0.8147076796875 0.80906070625 0.8179224406250001 0.802330471875 0.8047809593749999 0.788072553125 0.8079159734375001 0.78329941875 0.8274072296874999 0.7860539765625 0.8375914625 0.7766672031249999 0.8572422109375 0.7755075609375 0.865469340625 0.7660410421875 0.900697146875 0.7674764656249999 0.90586900625 0.7608259796875 0.8676839484375 0.7357458609374999 0.894162946875 0.7113402484375 0.8828988203125 0.699119171875 0.8926228484375001 0.676971378125 0.853401096875 0.6773335625 0.8452719828124999 0.66033935625 0.8290752296875 0.6488974640625 0.789534496875 0.6570880515625 0.78218456875 0.645026465625 0.7528280671875 0.64383028125 0.74172343125 0.6276950046875001 0.7261463734375 0.6250999375 0.692078209375 0.6433152640625 0.6549730515625 0.6398429937500001 0.650101903125 0.66316870625 0.6011743921875 0.6611750640625 0.5956835500000001 0.67565395 0.582763034375 0.6800283546875 0.5794685265624999 0.6887156890624999 0.5947266015625 0.699139153125 0.5920517890625 0.7166733125 0.6014385625 0.726857540625 0.6010398343750001 0.7366430453125 0.593910871875 0.743213784375 0.57074465 0.734428434375 0.5603211859375 0.7496865078125 0.569849178125 0.7804601640625 0.5783770203125 0.787668871875 0.5941933140625 0.7843926375 0.6076537765625 0.7908221578125 0.621893428125 0.8021843000000001 0.6203167875 0.81682268125 0.6765942171875 0.830877909375 0.7012390671875 0.85148560625 0.7246445265625 0.8543996546875 0.7244235578125 0.8357673312499999 0.7482277453124999 0.8288958796875001 0.7479270328125 0.8122206515625001
2 0.6967565671875 0.14361672187500002 0.70073224375 0.16632273749999998 0.719045584375 0.1739301734375 0.74262880625 0.1484263953125 0.7248736828125 0.127119259375 0.7011492421875001 0.1320336109375 0.6967565671875 0.14361672187500002
2 0.3868236671875 0.24468820624999998 0.41490424375 0.2771979953125 0.43417453437500003 0.261320225 0.439125428125 0.23603741718750001 0.40898974062500004 0.22990860624999998 0.389099753125 0.23693955 0.3868236671875 0.24468820624999998
2 0.6236876203125 0.180826559375 0.6299576499999999 0.17128029218750002 0.6105644078125 0.14206501093749999 0.60477285625 0.13986867187500002 0.582128309375 0.1663908734375 0.592754471875 0.1942687515625 0.623908584375 0.19945888437499998 0.6309578015625 0.194845240625 0.6236876203125 0.180826559375
2 0.263931740625 0.32593612968749996 0.3024540515625 0.31868421874999997 0.274913425 0.296978353125 0.2678642109375 0.3015919921875 0.263931740625 0.32593612968749996
0 0.297511525 0.7527002828125 0.32239560625 0.7674366796875 0.355666315625 0.76879235625 0.3708629140625 0.7566692953125 0.370163471875 0.749779575 0.35254957187499997 0.7490618625 0.34723648749999997 0.7351229234375001 0.3314201953125 0.7383991578125 0.3008243015625 0.7195093234375001 0.25752885625 0.72362621875 0.2567314 0.7431972203125 0.297511525 0.7527002828125
2 0.3780849375 0.94025626875 0.3661030984375 0.9456490953125 0.3466118421875 0.9428945375 0.3335318359375 0.951183140625 0.33015758281249996 0.961827575 0.3750114015625 0.9675759265625 0.38206061406249997 0.9629622875000001 0.3827783265625 0.9453483828125 0.3780849375 0.94025626875
2 0.2619780578125 0.9512080718749999 0.2443641515625 0.9504903625000001 0.228069384375 0.9655091984374999 0.20833888906250003 0.9686259421875001 0.2040259609375 0.9782519515624999 0.21521034218750001 0.9924301281250001 0.2591437515625 0.9726564312500001 0.2684690515625 0.960294134375 0.2619780578125 0.9512080718749999
2 0.0930304265625 1 0.1006801046875 0.9887435515625 0.0840048796875 0.9890442640625 0.07382064687499999 0.9984310375 0.0328012890625 0.9947992765624999 0.025244525 1 0.0930304265625 1
2 0.077493903125 0.6917859875000001 0.0612174078125 0.68230119375 0.05017424375 0.6887124421874999 0.0508736828125 0.69560216875 0.0682483515625 0.70219118125 0.077493903125 0.6917859875000001
2 0.9277758578125 0.46374546250000004 0.9132969703124999 0.45825461875 0.887615428125 0.46308922499999994 0.882824025 0.48445783750000004 0.9264384515625 0.47251254062500003 0.9277758578125 0.46374546250000004