2 0.10546875 0.2998046859375 0.10644531406249999 0.2890625 0.08105468593750001 0.29296875 0.068359375 0.3056640640625 0.0859375 0.3427734359375 0.08300781406249999 0.349609375 0.06933593593750001 0.349609375 0.05859375 0.3701171859375 0.06542968593750001 0.380859375 0.083984375 0.3798828140625 0.107421875 0.3701171859375 0.09375 0.3349609359375 0.095703125 0.3076171859375 0.10546875 0.2998046859375
2 0 0.08496093593750001 0.005859375 0.08496093593750001 0.01171875 0.07714843593750001 0.01171875 0.0517578140625 0.0009765640625 0.044921875 0 0.08496093593750001
2 0.1396484359375 0.533203125 0.1484375 0.5322265640625 0.154296875 0.4970703140625 0.1455078140625 0.490234375 0.134765625 0.5224609359375 0.1396484359375 0.533203125
2 0.197265625 0.5517578140625 0.1708984359375 0.552734375 0.1650390640625 0.544921875 0.1572265640625 0.5546875 0.1435546859375 0.546875 0.1337890640625 0.5546875 0.1259765640625 0.552734375 0.109375 0.5771484359375 0.111328125 0.5888671859375 0.1337890640625 0.599609375 0.1513671859375 0.59765625 0.1611328140625 0.611328125 0.17578125 0.6123046859375 0.181640625 0.6103515640625 0.177734375 0.5888671859375 0.197265625 0.5673828140625 0.197265625 0.5517578140625
2 0.2236328140625 0.671875 0.2099609359375 0.6796875 0.1982421859375 0.66796875 0.1884765640625 0.66796875 0.18359375 0.6728515640625 0.189453125 0.6826171859375 0.185546875 0.7060546859375 0.22265625 0.7412109359375 0.248046875 0.7138671859375 0.23046875 0.7001953140625 0.23046875 0.6748046859375 0.2236328140625 0.671875
2 0.3017578140625 0.91015625 0.2880859359375 0.927734375 0.2763671859375 0.9296875 0.2705078140625 0.8828125 0.2548828140625 0.900390625 0.240234375 0.9033203140625 0.2783203140625 0.953125 0.3037109359375 0.947265625 0.3134765640625 0.951171875 0.3203125 0.9990234359375 0.341796875 0.9990234359375 0.333984375 0.9873046859375 0.33984375 0.9248046859375 0.3330078140625 0.91796875 0.3017578140625 0.91015625
2 0.693359375 0.9228515640625 0.6953125 0.9033203140625 0.6875 0.8935546859375 0.6865234359375 0.869140625 0.671875 0.8779296859375 0.662109375 0.9033203140625 0.673828125 0.9482421859375 0.669921875 0.9755859359375 0.68359375 0.9833984359375 0.6953125 0.9599609359375 0.70703125 0.9541015640625 0.70703125 0.9365234359375 0.693359375 0.9228515640625
2 0.6083984359375 0.59375 0.5986328140625 0.603515625 0.59375 0.5732421859375 0.5771484359375 0.560546875 0.578125 0.6025390640625 0.587890625 0.6201171859375 0.58203125 0.6357421859375 0.564453125 0.6435546859375 0.564453125 0.6552734359375 0.5927734359375 0.67578125 0.6005859359375 0.671875 0.619140625 0.6767578140625 0.626953125 0.6318359359375 0.619140625 0.6259765640625 0.6171875 0.6005859359375 0.6083984359375 0.59375
2 0.619140625 0.8232421859375 0.607421875 0.8349609359375 0.6123046859375 0.845703125 0.626953125 0.8447265640625 0.646484375 0.8330078140625 0.6318359359375 0.79296875 0.625 0.7978515640625 0.619140625 0.8232421859375
2 0.53125 0.5263671859375 0.521484375 0.5400390640625 0.53515625 0.5400390640625 0.560546875 0.5185546859375 0.5439453140625 0.484375 0.53125 0.5009765640625 0.53125 0.5263671859375
2 0.474609375 0.2021484359375 0.478515625 0.1455078140625 0.4677734359375 0.138671875 0.45703125 0.1494140640625 0.455078125 0.1767578140625 0.4423828140625 0.171875 0.4287109359375 0.17578125 0.42578125 0.1982421859375 0.439453125 0.2138671859375 0.4453125 0.2431640640625 0.4541015640625 0.251953125 0.4638671859375 0.248046875 0.474609375 0.2548828140625 0.494140625 0.2373046859375 0.50390625 0.2080078140625 0.4970703140625 0.19921875 0.474609375 0.2021484359375
2 0.3935546859375 0 0.3828125 0.0146484359375 0.3876953140625 0.025390625 0.404296875 0.0263671859375 0.4169921859375 0 0.3935546859375 0
2 0.43359375 0.1513671859375 0.439453125 0.1337890640625 0.4287109359375 0.123046875 0.41796875 0.1396484359375 0.43359375 0.1513671859375
2 0.873046875 0.4150390640625 0.890625 0.3857421859375 0.892578125 0.3642578140625 0.8857421859375 0.359375 0.8720703140625 0.365234375 0.8505859359375 0.3359375 0.845703125 0.3623046859375 0.859375 0.3876953140625 0.857421875 0.4326171859375 0.87109375 0.4541015640625 0.873046875 0.4755859359375 0.87890625 0.4775390640625 0.90625 0.4638671859375 0.8994140640625 0.44140625 0.873046875 0.4384765640625 0.873046875 0.4150390640625
2 1 0.7568359359375 0.9716796859375 0.744140625 0.962890625 0.7744140640625 0.974609375 0.8076171859375 0.98828125 0.8212890640625 0.990234375 0.8447265640625 1 0.8603515640625 1 0.7568359359375
2 0.884765625 0.5341796859375 0.890625 0.5380859359375 0.8984375 0.5087890640625 0.8955078140625 0.498046875 0.8828125 0.5126953140625 0.884765625 0.5341796859375