2 0.0792814140625 0.7844825890625 0.0660292796875 0.7628107203125001 0.0386432109375 0.7606203046875 0.0276837453125 0.7530587859375 0.0146835484375 0.7628820359375 0.004424903125 0.7605761765625 0.0047410046875 0.8149094109374999 0.006621409375 0.8147419062499999 0.0333020453125 0.7893004859375 0.049854614062500004 0.7996769421875001 0.0792814140625 0.7844825890625
2 0.0652735015625 0.3655528859375 0.019722437500000002 0.333080740625 0.0120634015625 0.38991693125000004 0.024786460937499998 0.390864921875 0.0652735015625 0.3655528859375
2 0.21255865937500001 0.33875544375 0.1843663734375 0.3266123921875 0.165773075 0.3336207015625 0.1282337515625 0.3338214046875 0.1184332140625 0.35002844375 0.0784500578125 0.36263759375000004 0.12541200156250001 0.374680296875 0.14924569062499998 0.3566710046875 0.18940520624999999 0.3509698125 0.215884284375 0.360886790625 0.2208979265625 0.3518174515625 0.21255865937500001 0.33875544375
2 0.3359596828125 0.717272490625 0.317467159375 0.7066016 0.302476625 0.72497001875 0.3116725 0.7391450625 0.321372253125 0.7406172265625 0.3335158484375 0.729680940625 0.3359596828125 0.717272490625
2 0.7108742265625 0.6100088609375 0.7437022328125 0.6415330140625 0.765142478125 0.627092571875 0.8119280609375 0.6322273140625 0.81671495625 0.6250896140625 0.7833830640625 0.6062683421874999 0.768896415625 0.611933878125 0.7557702484375 0.6060095671875 0.7108742265625 0.6100088609375
2 1 0.5587428390625 0.993174975 0.5516027015625 0.969668809375 0.550001153125 0.9663683671875001 0.5612965640625001 0.9430385625 0.566602975 0.949664628125 0.5774389078125 0.9282747718750001 0.5830397484375001 0.923890984375 0.5951537671875 0.96765326875 0.6008126796875 0.9900005046875 0.578645675 1 0.579251740625 1 0.5587428390625
2 0.60944246875 0.691933965625 0.5933433890625001 0.677694228125 0.5762869328125 0.6800206546875 0.5781764953125 0.6891546859375 0.6007756703125 0.6984828000000001 0.6085354765625001 0.6996605296875 0.60944246875 0.691933965625
2 0.4857390671875 0.669227 0.4612755203125 0.684191609375 0.4754850359375 0.6892973171875 0.5151910562500001 0.68745940625 0.503198628125 0.671876890625 0.4857390671875 0.669227
2 0.55907935 0.33040028125 0.574472996875 0.3170081828125 0.5697868765625 0.3064666796875 0.5521509578125 0.2969088265625 0.567998096875 0.2796534453125 0.5444163484375 0.2534647375 0.5308366906249999 0.251403709375 0.5251931937500001 0.25742836874999997 0.527032365625 0.2754020046875 0.5157453734375 0.28745132500000004 0.5115379453125 0.30647330156249997 0.5252939624999999 0.315442290625 0.5297533328124999 0.3279154328125 0.55907935 0.33040028125
2 0.46356823281250004 0.3198363671875 0.4491823609375 0.3078227015625 0.4209396890625 0.304519246875 0.420032696875 0.31224581093750003 0.43162201875 0.3228520078125 0.46094803593749994 0.32533685625 0.46356823281250004 0.3198363671875
2 0.7795535984375 0.21837428124999997 0.7748674796875 0.207832778125 0.7668809249999999 0.20858668906250002 0.7447100484375 0.23766165468749997 0.7509330078125 0.24352126875 0.7729527218750001 0.24096510625 0.7795535984375 0.21837428124999997
2 0.6828331515625 0.268574528125 0.6658270796875 0.2620613546875 0.6420941671875 0.26239144531249997 0.6383906234375 0.268710540625 0.6676662546875 0.2800349859375 0.6797594578124999 0.2779383015625 0.6828331515625 0.268574528125
1 0.8091315390625 0.4037404859375 0.8470235781250001 0.41735570156249996 0.8602505218750001 0.4056008109375 0.884663678125 0.399475796875 0.89401071875 0.3871320421875 0.8580586296874999 0.373811259375 0.8538260109375001 0.359406475 0.8177731453125 0.36376489375 0.8130870281250001 0.353223390625 0.7995073703125 0.3511623625 0.7761019796874999 0.33188161250000003 0.7658983390625 0.3431123328125 0.7680902281249999 0.37490188281250003 0.7565764875000001 0.3888828484375 0.760809109375 0.403287628125 0.7779915328125 0.416708765625 0.8091315390625 0.4037404859375
1 0.1194410015625 0.17323644062500002 0.0841691625 0.154120734375 0.064089403125 0.1569713328125 0.0482170703125 0.1407999515625 0.040860371875 0.1445985390625 0.0358215328125 0.195934240625 0.10759973593750001 0.20682824531250002 0.123698815625 0.221067984375 0.1282589609375 0.2158619265625 0.1281833796875 0.19127476875 0.1194410015625 0.17323644062500002
1 0.2478557109375 0.2399116703125 0.23427604687499998 0.23785064218750002 0.21689206562500002 0.259787909375 0.229388378125 0.262667540625 0.2478557109375 0.2399116703125
1 0.22598716875 0.2159490328125 0.20744425625 0.2141177453125 0.2032872140625 0.22430011875 0.2269697375 0.232809628125 0.23888658437500002 0.22380498593749998 0.236997021875 0.2146709515625 0.2486367296875 0.216437546875 0.2530961015625 0.22891069062499997 0.2768290140625 0.2285806 0.28416052187499996 0.19135525312499999 0.3055503796875 0.185754409375 0.312957465625 0.173116221875 0.29559868125 0.152787128125 0.282245771875 0.148794459375 0.2610322734375 0.1613032609375 0.231479503125 0.160750053125 0.221905715625 0.1750254484375 0.21699285468750001 0.1664155890625 0.206386103125 0.1726699890625 0.19303319375 0.1686773203125 0.1973162 0.1742425046875 0.18670945156250002 0.1804969046875 0.2174715390625 0.1959790671875 0.22598716875 0.2159490328125