2 0.8100033234374999 0.57863176875 0.788937284375 0.5721446265625 0.7722576078125 0.603957884375 0.7847397875000001 0.6072583093749999 0.8100033234374999 0.57863176875
2 0.5284817328125 0.29342529375000004 0.5260329421875001 0.3011841140625 0.5390902921875 0.326034496875 0.5618179015625 0.3218035140625 0.5704511265625001 0.2936706765625 0.55403285625 0.27557372812500003 0.523345928125 0.266848403125 0.51231328125 0.2714205046875 0.5284817328125 0.29342529375000004
2 0.0414651109375 0.8400614953125001 0.016826115625 0.8589184453125001 0.0050022578125 0.859815171875 0.005101518750000001 0.8768765843749999 0.0583336453125 0.8816623218749999 0.0766255375 0.8704504890625 0.058882646875 0.84252709375 0.0414651109375 0.8400614953125001
2 0.8526727953125001 0.5984731921875001 0.86113174375 0.6036138296875 0.9023139203125 0.6008999109375 0.9137212921875 0.5904660515625 0.9134337046875001 0.5796910703125 0.8781483781249999 0.5512559968749999 0.84567496875 0.5552027125000001 0.8583198265625 0.5712320359375 0.8526727953125001 0.5984731921875001
2 0.0077714359375 0.4201604296875 0.0033618890625000003 0.4738647703125 0.0287387375 0.48928667812500004 0.023103303125 0.47052546562500003 0.049979046875 0.4625003484375 0.054376998437500004 0.45479837968750003 0.0598497578125 0.4608306953125 0.065034925 0.4560880328125 0.06819539062499999 0.4219228796875 0.0514024015625 0.40968768750000006 0.0077714359375 0.4201604296875
2 0.47289440000000005 0.35346712187499996 0.5041303218750001 0.3230572203125 0.491360559375 0.308981815625 0.47784134375000004 0.306629925 0.45229022343749997 0.3244814859375 0.4503788359375 0.3391074515625 0.424089859375 0.3226801578125 0.41156990625 0.304696915625 0.392203215625 0.30217446406250004 0.376148078125 0.32421813125 0.4224660578125 0.34808110000000003 0.4500041125 0.344969209375 0.4553519578125 0.35295544375 0.47289440000000005 0.35346712187499996
2 0.68765089375 0.9499361234375 0.6642987484375 0.9639367015625 0.646181134375 0.9418750640625 0.6191427109375 0.9371712796875 0.613957540625 0.941913946875 0.6147825296875 0.9595560656250001 0.6259778578125 0.967712859375 0.61983216875 0.9749808328125 0.7361162078125 0.970242621875 0.736167846875 0.969948109375 0.7094286078125001 0.9300169359374999 0.697608740625 0.9316297359375 0.68765089375 0.9499361234375
2 0.9793102171875001 0.8321805093749999 0.96516646875 0.8395982109375 0.93215565625 0.8366777875 0.9158129296874999 0.8479464734375 0.8784041703125001 0.85272801875 0.8750432515625001 0.8594814562499999 0.9052305468749999 0.8760224578125 0.8981339890625 0.895391084375 0.9023198984375 0.9062797703125 0.9354556125 0.907246275 0.9541222265625 0.8901726859375 0.9766000171875 0.889849540625 0.9793102171875001 0.8321805093749999
2 0.23902138437499998 0.40732992343749996 0.27780413125000003 0.38105527031249997 0.3232593515625 0.372593303125 0.36784021093749997 0.3778087625 0.38368330624999997 0.3743557515625 0.390155328125 0.36475671875 0.366440046875 0.33861668125 0.33172989375 0.33173156718749996 0.31576189062500004 0.3371384984375 0.280926828125 0.332207303125 0.2647090078125 0.34152207031250004 0.2337722640625 0.33670458124999997 0.21925379375 0.34998403906250003 0.1996372875 0.3513694265625 0.18615584375 0.3637003515625 0.220903771875 0.3852682828125 0.2266641140625 0.40207558125 0.23902138437499998 0.40732992343749996
2 0.22273535937500002 0 0.2165608046875 0.0102684703125 0.2421874671875 0.021782540625 0.269725521875 0.018670646875 0.2783471546875 0.0365401828125 0.2975889390625 0.041016553125 0.3114828703125 0.037506687500000004 0.3154683296875 0.020983659374999998 0.3327231796875 0.010720357812500001 0.349266359375 0.026863387500000002 0.368882865625 0.025478 0.37796715625 0 0.22273535937500002 0
2 0.42913290625 0.7172760140625 0.42555994375 0.7426201031249999 0.43754248906250004 0.753736203125 0.45118661250000003 0.7541341765625 0.4909192578125 0.743547728125 0.5164703796875 0.7256961625 0.5200811125 0.7150348921874999 0.5411471453125001 0.7215220328124999 0.5629626328125 0.7162856625 0.569809371875 0.700824871875 0.59888409375 0.6889487703125 0.6012951140625 0.6665071328125001 0.6295332484375 0.68299128125 0.6391163703125 0.6705466484375 0.638953690625 0.65781775 0.626683559375 0.635926671875 0.56638450625 0.6322103015625 0.54966705625 0.6493407453125 0.508859609375 0.6461929093750001 0.49757714374999995 0.6546728484375001 0.49981389218750005 0.6655046828125 0.47812331406249997 0.6687871359375 0.46128095468749997 0.6878714984375 0.4148758390625 0.6806452640625 0.40529272031249997 0.6930898984375 0.416775634375 0.7120216703125 0.42913290625 0.7172760140625
2 0.156814096875 0.7768688906250001 0.073825209375 0.792066325 0.061168757812499995 0.822039371875 0.08704524062499999 0.8296456078125001 0.10288833593749999 0.8261925953125001 0.1193559703125 0.812969990625 0.14274588906250002 0.8136522296875001 0.157763990625 0.7925570953125 0.16638562343750002 0.8104266296875 0.20172031875 0.80754215 0.21818795156249998 0.7943195453125 0.2414529625 0.796955703125 0.24804988749999998 0.78540275 0.2753381265625 0.7861986937500001 0.294080278125 0.7984907406249999 0.31457114062499997 0.783427921875 0.330289328125 0.7819288296875 0.345557253125 0.7569258578125 0.3553030484375 0.7572101234375 0.367823 0.7751933656250001 0.40353241874999995 0.7664471296875 0.41207850468749996 0.7549510296874999 0.38741333125 0.7131227906250001 0.36427322812499996 0.7085327140625 0.3531156703125 0.7150587390625 0.34775622500000003 0.7530748734375 0.34448244375 0.7431915734375 0.31209617500000003 0.73050155625 0.2926045765625 0.7299330234375 0.251123221875 0.767874334375 0.2322561609375 0.7575362078125 0.16453519218749998 0.7477306703125 0.1574008640625 0.7524164812499999 0.156814096875 0.7768688906250001