2 0.0948412765625 0.5130620390625 0.099917165625 0.49562392656250004 0.0905728734375 0.48797049374999996 0.0866331828125 0.5045056265625 0.0948412765625 0.5130620390625
2 0.155025396875 0.7098571953125 0.15373026875 0.6790516609374999 0.14472554843750002 0.69123455625 0.1445340421875 0.724897084375 0.1469870921875 0.71121895 0.155025396875 0.7098571953125
2 0.0711093765625 0.4498222296875 0.0901592609375 0.44138473749999996 0.09444938750000001 0.42289558437499997 0.0720866515625 0.41721074375 0.0602893046875 0.42323544531249996 0.061849975 0.44712788124999997 0.0711093765625 0.4498222296875
2 0.07697990625 0.5909266843750001 0.096560875 0.568662984375 0.0997147984375 0.55107680625 0.0816421859375 0.526902815625 0.074909871875 0.5372797546875 0.06807094218750001 0.5862783125 0.07697990625 0.5909266843750001
2 0.1064777109375 0.6546106875000001 0.099819428125 0.6917370609375 0.1071568625 0.69428334375 0.1332154640625 0.6467654609375 0.1161941578125 0.616729409375 0.1085062890625 0.6161371421874999 0.1007226671875 0.6323761421875 0.1064777109375 0.6546106875000001
2 0.034550540625 0.354888490625 0.0204807921875 0.36271914375000003 0.0168066453125 0.3723411765625 0.04666574375 0.41228081093749996 0.0646860421875 0.366124678125 0.034550540625 0.354888490625
2 0.06981623125 0.23973483125 0.059962575 0.20232690468749998 0.0485156625 0.20639758437500003 0.0462323984375 0.2299938859375 0.034169510937499994 0.242931690625 0.032236684375000005 0.26457396875 0.0407952125 0.2711763640625 0.048493943750000004 0.2499782796875 0.05923998125 0.2498156390625 0.06981623125 0.23973483125
2 0.1720338578125 0.9409654578125 0.185148053125 0.9221655953125 0.1815696609375 0.9149563625000001 0.1646223875 0.9116697437499999 0.15683876562500002 0.927908740625 0.1612878203125 0.9411281031250001 0.1720338578125 0.9409654578125
2 0.3854453328125 0.10953132343750001 0.387972415625 0.12260261718750001 0.3986335640625 0.11748089218749999 0.41531529218749996 0.1276806125 0.410515803125 0.1164152734375 0.3854453328125 0.10953132343750001
2 0.3906692921875 0.1455920734375 0.38045433906250004 0.1319285140625 0.360257390625 0.163059334375 0.377555096875 0.164391934375 0.3819301140625 0.15086186875000002 0.3906692921875 0.1455920734375
2 0.3672986859375 0.058607904687500004 0.3718217734375 0.09857669375 0.38038030312500004 0.10517908437500001 0.3875479484375 0.09780720468750001 0.39036229375 0.0603847046875 0.38582835000000004 0.042206259375 0.3761336171875 0.0365068453125 0.3672986859375 0.058607904687500004
2 0.3783605953125 0.30114415 0.3856980296875 0.30369043281249997 0.3961893875 0.28865054375 0.4070528984375 0.22807594375 0.3957017421875 0.2153153578125 0.40724440624999997 0.194413409375 0.3952772703125 0.190519946875 0.37796870781249997 0.2109776953125 0.36495026406250003 0.212946290625 0.3558497921875 0.24196044687499998 0.3628367890625 0.246460753125 0.3602030890625 0.2720110765625 0.3739224015625 0.266134440625 0.3783605953125 0.30114415
2 0.38789441406249997 0.45441691406249995 0.39067618125000003 0.4823654546875 0.399585146875 0.48701382656250003 0.4060627796875 0.4617596421875 0.3969099921875 0.420443675 0.37182866406250004 0.435350075 0.370076484375 0.44512016875000004 0.38789441406249997 0.45441691406249995
2 0.44834407968749995 0.644298975 0.437417390625 0.6563338 0.4384578390625 0.6722620890625 0.4543538015625 0.6814107671875 0.45576640468749996 0.6518043453125 0.44834407968749995 0.644298975
2 0.4682626390625 0.821153465625 0.45653932656249996 0.8539275999999999 0.454956934375 0.8736158609375 0.46229436875 0.8761621453125 0.47586561562499996 0.8167866531250001 0.4682626390625 0.821153465625
0 0.6842623875 0.2306122671875 0.6756081046875 0.2408411421875 0.67892095625 0.254963475 0.6720928875000001 0.28217168125000003 0.6783790125 0.2905800265625 0.7002323859375 0.2665103765625 0.70321651875 0.2390060375 0.6961446265625 0.2295466484375 0.6842623875 0.2306122671875
0 0.6593705796875 0.39113799843749997 0.6695855359375 0.40480155624999997 0.6963558703125 0.331585284375 0.7112113859375 0.3248056734375 0.712793778125 0.3051174109375 0.7107869140624999 0.300010265625 0.6962818375000001 0.30483585625 0.6861517765625 0.2961313765625 0.6697247296875 0.3008089015625 0.651205928125 0.2954201953125 0.6210487078125 0.327764703125 0.6205176234375 0.341590903125 0.6398004703125 0.39161134999999997 0.6593705796875 0.39113799843749997
2 0.715499525 0.48559838906249997 0.7231982546875 0.46440030468750004 0.7218073703125001 0.4504260390625 0.7152557015625 0.44893079374999995 0.7024070499999999 0.46081755468749996 0.7015255296875 0.4765977765625 0.715499525 0.48559838906249997
2 0.7316807640625 0.6235351328125 0.7377122093749999 0.6170662328125001 0.7504651078125 0.6220107375 0.7549250203125 0.6134397484375 0.7393054578125 0.5755876234375 0.7243433296874999 0.6209888484375 0.7316807640625 0.6235351328125
2 0.441537725 0.6279264859375 0.42808395624999995 0.6268900171875 0.42397447968749996 0.6335069875 0.43078082812499996 0.6498794765625 0.439870440625 0.6426556671875 0.441537725 0.6279264859375
2 0.7755553109375 0.7645958562499999 0.7569407578125 0.7760384140625 0.7548381421875 0.7877625312500001 0.7602536078125001 0.790160753125 0.775459559375 0.7814271203125001 0.7755553109375 0.7645958562499999
2 0.7678763171874999 0.9214951078125001 0.7752446359375 0.9348173921875 0.7797625140625 0.9344486015625 0.7890288187500001 0.901333490625 0.7816064921875 0.893828125 0.774003515625 0.8981949406249999 0.7678763171874999 0.9214951078125001
2 0.4768540609375 0.9591748015625001 0.4865187140625 0.9583858828125 0.49267368906250003 0.9240659296875 0.477213059375 0.9179223125 0.472402709375 0.92844731875 0.4768540609375 0.9591748015625001
2 0.462252915625 0.7840416734375 0.459014096875 0.7966687640625 0.465990234375 0.8229594203125 0.45478714531250003 0.86369769375 0.4619439328125 0.8781161671875 0.478222909375 0.8199397828125001 0.4700148171875 0.811383371875 0.473519175 0.7918431781249999 0.462252915625 0.7840416734375