2 0.060546875 0.1962890640625 0.060546875 0.1806640640625 0.045898435937499996 0.171875 0.04296875 0.1884765640625 0.060546875 0.1962890640625
2 0.07324218593750001 0.255859375 0.07421875 0.2685546859375 0.10546875 0.2900390640625 0.109375 0.2783203140625 0.103515625 0.2626953140625 0.08691406406249999 0.25390625 0.07324218593750001 0.255859375
2 0.140625 0.3642578140625 0.1474609359375 0.375 0.154296875 0.3740234359375 0.158203125 0.3603515640625 0.1435546859375 0.3359375 0.138671875 0.3408203140625 0.140625 0.3642578140625
2 0.138671875 0.4443359359375 0.1435546859375 0.455078125 0.1640625 0.4580078140625 0.171875 0.4404296859375 0.1689453140625 0.423828125 0.1474609359375 0.431640625 0.138671875 0.4443359359375
2 0.169921875 0.5517578140625 0.181640625 0.5537109359375 0.201171875 0.5419921859375 0.1962890640625 0.513671875 0.171875 0.5400390640625 0.169921875 0.5517578140625
2 0.18359375 0.6552734359375 0.2041015640625 0.67578125 0.2109375 0.6748046859375 0.21875 0.6572265640625 0.2109375 0.6455078140625 0.1865234359375 0.640625 0.18359375 0.6552734359375
2 0.24609375 0.6962890640625 0.25 0.6767578140625 0.2255859359375 0.66796875 0.228515625 0.6904296859375 0.24609375 0.6962890640625
2 0.251953125 0.8369140640625 0.24609375 0.8544921859375 0.2490234359375 0.86328125 0.2666015640625 0.861328125 0.27734375 0.8818359359375 0.28515625 0.8583984359375 0.2783203140625 0.8203125 0.2724609359375 0.833984375 0.251953125 0.8369140640625
2 0.318359375 0.9677734359375 0.333984375 0.9443359359375 0.3291015640625 0.931640625 0.306640625 0.9462890640625 0.318359375 0.9677734359375
2 0.736328125 0.1689453140625 0.7421875 0.1689453140625 0.74609375 0.12011718593750001 0.7392578140625 0.111328125 0.7265625 0.1474609359375 0.736328125 0.1689453140625
2 0.775390625 0.2392578140625 0.78125 0.2412109359375 0.787109375 0.2080078140625 0.7822265640625 0.185546875 0.767578125 0.2060546859375 0.775390625 0.2392578140625
2 0.7734375 0.2978515640625 0.7861328140625 0.314453125 0.79296875 0.3134765640625 0.802734375 0.2998046859375 0.798828125 0.2900390640625 0.7763671859375 0.287109375 0.7734375 0.2978515640625
2 0.859375 0.4990234359375 0.8388671859375 0.4921875 0.83203125 0.5068359359375 0.833984375 0.5283203140625 0.841796875 0.5341796859375 0.849609375 0.5634765640625 0.869140625 0.5732421859375 0.88671875 0.5576171859375 0.88671875 0.5478515640625 0.873046875 0.5341796859375 0.859375 0.4990234359375
2 0.92578125 0.7919921859375 0.9453125 0.8095703140625 0.943359375 0.7666015640625 0.9306640640625 0.759765625 0.921875 0.7802734359375 0.92578125 0.7919921859375
2 0.638671875 0.8681640640625 0.64453125 0.8525390640625 0.6318359359375 0.841796875 0.626953125 0.8642578140625 0.638671875 0.8681640640625
2 0.6015625 0.7744140640625 0.60546875 0.8134765640625 0.61328125 0.8310546859375 0.62109375 0.8310546859375 0.626953125 0.7666015640625 0.6220703140625 0.74609375 0.609375 0.7529296859375 0.6015625 0.7744140640625
2 0.67578125 0.9990234359375 0.6875 0.9990234359375 0.6875 0.9736328140625 0.6728515640625 0.97265625 0.669921875 0.9853515640625 0.67578125 0.9990234359375
2 0.57421875 0.6416015640625 0.591796875 0.6494140640625 0.59765625 0.6376953140625 0.5927734359375 0.626953125 0.5849609359375 0.626953125 0.57421875 0.6416015640625
2 0.51171875 0.5537109359375 0.53515625 0.5654296859375 0.5390625 0.5283203140625 0.5224609359375 0.5234375 0.51171875 0.5400390640625 0.51171875 0.5537109359375
2 0.490234375 0.4228515640625 0.4931640640625 0.373046875 0.486328125 0.3740234359375 0.474609375 0.3974609359375 0.490234375 0.4228515640625
2 0.5078125 0.4970703140625 0.517578125 0.4892578140625 0.5107421859375 0.45703125 0.501953125 0.4853515640625 0.5078125 0.4970703140625
2 0.4560546859375 0.3203125 0.439453125 0.3544921859375 0.455078125 0.3759765640625 0.4560546859375 0.3203125
2 0.33203125 0.4912109359375 0.3359375 0.4462890640625 0.3251953140625 0.4296875 0.32421875 0.4638671859375 0.33203125 0.4912109359375
2 0.3115234359375 0.47265625 0.3203125 0.4638671859375 0.302734375 0.4599609359375 0.3056640640625 0.451171875 0.3203125 0.4482421859375 0.30859375 0.4443359359375 0.30859375 0.4345703140625 0.3203125 0.4306640640625 0.3046875 0.4267578140625 0.3125 0.4248046859375 0.306640625 0.4091796859375 0.3203125 0.4091796859375 0.3193359359375 0.390625 0.296875 0.3955078140625 0.294921875 0.4638671859375 0.30078125 0.4970703140625 0.3046875 0.4814453140625 0.3125 0.4794921859375 0.306640625 0.4697265640625 0.3115234359375 0.47265625
2 0.3818359359375 0.044921875 0.361328125 0.0615234359375 0.361328125 0.08691406406249999 0.390625 0.10449218593750001 0.390625 0.1318359359375 0.40234375 0.1376953140625 0.412109375 0.12207031406249999 0.4140625 0.07910156406249999 0.390625 0.047851564062500004 0.3818359359375 0.044921875