2 0 0.2587890640625 0.0517578140625 0.28125 0.0625 0.2802734359375 0.0625 0.2490234359375 0.04296875 0.2412109359375 0.0546875 0.2255859359375 0.0546875 0.2119140640625 0.041992185937499996 0.201171875 0.032226564062500004 0.203125 0.02734375 0.1826171859375 0.010742185937499999 0.17578125 0 0.1904296859375 0 0.2587890640625
2 0.3359375 0.1494140640625 0.34765625 0.1572265640625 0.35546875 0.1513671859375 0.3564453140625 0.13671875 0.3427734359375 0.13671875 0.3359375 0.1494140640625
2 0.271484375 0.0048828140625 0.271484375 0.0283203140625 0.279296875 0.0302734359375 0.28125 0.018554685937500003 0.296875 0.008789064062500001 0.2880859359375 0 0.271484375 0.0048828140625
2 0.328125 0.9697265640625 0.326171875 0.9951171859375 0.3291015640625 1 0.365234375 0.9990234359375 0.361328125 0.9541015640625 0.3564453140625 0.951171875 0.3466796859375 0.962890625 0.328125 0.9697265640625
2 0.60546875 0.9560546859375 0.609375 0.9951171859375 0.619140625 0.9970703140625 0.638671875 0.9736328140625 0.6240234359375 0.931640625 0.595703125 0.9365234359375 0.60546875 0.9560546859375
2 0.5751953140625 0.759765625 0.564453125 0.7236328140625 0.5576171859375 0.72265625 0.548828125 0.7294921859375 0.54296875 0.7587890640625 0.5625 0.7744140640625 0.556640625 0.7958984359375 0.5673828140625 0.806640625 0.57421875 0.8056640640625 0.603515625 0.7763671859375 0.603515625 0.7666015640625 0.5947265640625 0.7578125 0.5751953140625 0.759765625
2 0.3642578140625 0.271484375 0.353515625 0.3251953140625 0.3720703140625 0.33203125 0.3896484359375 0.326171875 0.40234375 0.3369140640625 0.40625 0.2861328140625 0.396484375 0.2822265640625 0.3896484359375 0.267578125 0.3642578140625 0.271484375
2 0.1513671859375 0.51171875 0.134765625 0.5283203140625 0.1328125 0.5419921859375 0.1435546859375 0.5546875 0.15625 0.5576171859375 0.15234375 0.5927734359375 0.16796875 0.5966796859375 0.1796875 0.5888671859375 0.19140625 0.5634765640625 0.166015625 0.5185546859375 0.1513671859375 0.51171875
2 0.2294921859375 0.671875 0.2099609359375 0.66796875 0.1923828140625 0.693359375 0.177734375 0.6982421859375 0.1796875 0.7158203140625 0.1884765640625 0.724609375 0.2001953140625 0.724609375 0.2138671859375 0.736328125 0.2275390640625 0.7265625 0.244140625 0.7353515640625 0.25 0.7314453140625 0.251953125 0.6884765640625 0.2392578140625 0.685546875 0.2294921859375 0.671875
2 0.3671875 0.032226564062500004 0.3603515640625 0.025390625 0.3447265640625 0.02734375 0.3310546859375 0.009765625 0.314453125 0.07128906406249999 0.3046875 0.08300781406249999 0.322265625 0.10253906406249999 0.330078125 0.1259765640625 0.33984375 0.1298828140625 0.34375 0.09667968593750001 0.365234375 0.09277343593750001 0.357421875 0.06542968593750001 0.3671875 0.032226564062500004
2 0.712890625 0.2314453140625 0.736328125 0.2333984359375 0.736328125 0.1943359359375 0.7177734359375 0.169921875 0.708984375 0.1982421859375 0.712890625 0.2314453140625
2 0.8330078140625 0.623046875 0.8154296859375 0.62109375 0.8046875 0.6357421859375 0.8125 0.6533203140625 0.810546875 0.6669921859375 0.8271484359375 0.681640625 0.8359375 0.6806640640625 0.837890625 0.6630859359375 0.84765625 0.6494140640625 0.8359375 0.6376953140625 0.8330078140625 0.623046875
2 0.8095703140625 0.31640625 0.8017578140625 0.31640625 0.78515625 0.3388671859375 0.787109375 0.3720703140625 0.7685546859375 0.37109375 0.765625 0.3759765640625 0.765625 0.3974609359375 0.78125 0.4111328140625 0.7880859359375 0.404296875 0.7998046859375 0.40625 0.810546875 0.3955078140625 0.8095703140625 0.31640625
2 0.91796875 0.7685546859375 0.900390625 0.7568359359375 0.890625 0.7197265640625 0.8662109359375 0.71484375 0.861328125 0.7529296859375 0.875 0.7705078140625 0.87109375 0.8251953140625 0.87890625 0.8271484359375 0.884765625 0.7958984359375 0.8916015640625 0.791015625 0.9150390640625 0.794921875 0.91796875 0.7685546859375
2 0.845703125 0.5224609359375 0.84765625 0.5068359359375 0.84375 0.4638671859375 0.833984375 0.4404296859375 0.8271484359375 0.4375 0.818359375 0.4619140640625 0.796875 0.4775390640625 0.79296875 0.5263671859375 0.8046875 0.5380859359375 0.81640625 0.5849609359375 0.830078125 0.5888671859375 0.837890625 0.5849609359375 0.83984375 0.5732421859375 0.828125 0.5341796859375 0.845703125 0.5224609359375