2 0.984375 0.4990234359375 1 0.4892578140625 0.9951171859375 0.470703125 0.978515625 0.4833984359375 0.984375 0.4990234359375
2 0.876953125 0.2197265640625 0.888671875 0.2255859359375 0.900390625 0.2138671859375 0.8876953140625 0.1953125 0.87890625 0.2041015640625 0.876953125 0.2197265640625
2 0 0.7900390640625 0.005859375 0.7900390640625 0.0234375 0.7763671859375 0.010742185937499999 0.76171875 0 0.7626953140625 0 0.7900390640625
2 0.83203125 0.0302734359375 0.83203125 0.045898435937499996 0.84765625 0.047851564062500004 0.853515625 0.043945314062500004 0.8544921859375 0 0.83984375 0.0126953140625 0.83203125 0.0302734359375
2 0 0.9638671859375 0.005859375 0.9990234359375 0.017578125 0.9990234359375 0.03515625 0.9716796859375 0.0302734359375 0.953125 0.016601564062499997 0.953125 0 0.9638671859375
2 0.74609375 0.8154296859375 0.7412109359375 0.806640625 0.7373046859375 0.8125 0.7333984359375 0.8046875 0.7119140640625 0.802734375 0.705078125 0.8232421859375 0.681640625 0.8349609359375 0.6884765640625 0.845703125 0.708984375 0.8466796859375 0.705078125 0.8310546859375 0.7099609359375 0.8359375 0.7333984359375 0.83203125 0.74609375 0.8154296859375
2 0.892578125 0.2958984359375 0.9091796859375 0.3125 0.919921875 0.3134765640625 0.92578125 0.2958984359375 0.91796875 0.2568359359375 0.9033203140625 0.24609375 0.892578125 0.2958984359375
2 0.232421875 0.5048828140625 0.234375 0.5185546859375 0.26171875 0.5400390640625 0.27734375 0.4892578140625 0.2744140640625 0.470703125 0.2646484359375 0.47265625 0.232421875 0.5048828140625
2 0.6416015640625 0.501953125 0.6181640640625 0.498046875 0.611328125 0.5029296859375 0.60546875 0.5283203140625 0.609375 0.5419921859375 0.619140625 0.5458984359375 0.6337890640625 0.54296875 0.65625 0.5166015640625 0.6552734359375 0.494140625 0.6416015640625 0.501953125
2 0.2763671859375 0.576171875 0.251953125 0.5888671859375 0.2607421859375 0.609375 0.2841796859375 0.611328125 0.2978515640625 0.62890625 0.30859375 0.6298828140625 0.31640625 0.6162109359375 0.314453125 0.6044921859375 0.2978515640625 0.583984375 0.2763671859375 0.576171875
2 0.3984375 0.9541015640625 0.3798828140625 0.962890625 0.37890625 0.9697265640625 0.4033203140625 1 0.4296875 0.9990234359375 0.419921875 0.9658203140625 0.41796875 0.9267578140625 0.4111328140625 0.919921875 0.3984375 0.9541015640625
2 0.939453125 0.4091796859375 0.953125 0.4423828140625 0.96484375 0.4462890640625 0.98828125 0.3935546859375 0.9833984359375 0.37109375 0.9658203140625 0.37890625 0.939453125 0.4091796859375
2 0.6630859359375 0.546875 0.6533203140625 0.546875 0.64453125 0.5595703140625 0.65625 0.5810546859375 0.65625 0.6181640640625 0.669921875 0.6220703140625 0.69921875 0.5947265640625 0.69921875 0.5849609359375 0.673828125 0.5673828140625 0.6630859359375 0.546875
2 0.8740234359375 0.09375 0.84375 0.10644531406249999 0.8583984359375 0.126953125 0.88671875 0.1357421859375 0.90625 0.12207031406249999 0.912109375 0.06542968593750001 0.9072265640625 0.052734375 0.8740234359375 0.09375
2 0.2451171859375 0.390625 0.216796875 0.4228515640625 0.21875 0.4697265640625 0.2275390640625 0.48046875 0.236328125 0.4794921859375 0.24609375 0.4677734359375 0.26171875 0.4150390640625 0.2587890640625 0.388671875 0.2451171859375 0.390625
2 0.681640625 0.6923828140625 0.685546875 0.7607421859375 0.6962890640625 0.775390625 0.703125 0.7744140640625 0.720703125 0.7568359359375 0.7265625 0.7138671859375 0.6865234359375 0.685546875 0.681640625 0.6923828140625
2 0.3173828140625 0.671875 0.3076171859375 0.67578125 0.298828125 0.6962890640625 0.287109375 0.7041015640625 0.291015625 0.7177734359375 0.3515625 0.7392578140625 0.359375 0.7314453140625 0.359375 0.7197265640625 0.34765625 0.6884765640625 0.3173828140625 0.671875
2 0.376953125 0.8408203140625 0.380859375 0.8271484359375 0.345703125 0.7822265640625 0.3310546859375 0.7734375 0.3359375 0.8037109359375 0.322265625 0.8193359359375 0.345703125 0.8486328140625 0.345703125 0.8701171859375 0.365234375 0.8759765640625 0.3994140640625 0.873046875 0.404296875 0.8603515640625 0.3857421859375 0.841796875 0.376953125 0.8408203140625
2 0.10058593593750001 0.111328125 0.08105468593750001 0.095703125 0.0625 0.10253906406249999 0.07128906406249999 0.15625 0.09667968593750001 0.169921875 0.10644531406249999 0.162109375 0.134765625 0.1689453140625 0.13671875 0.10253906406249999 0.1298828140625 0.091796875 0.11425781406249999 0.095703125 0.10058593593750001 0.111328125
2 0.78125 0.8798828140625 0.7529296859375 0.873046875 0.7431640640625 0.853515625 0.7373046859375 0.859375 0.7333984359375 0.849609375 0.7216796859375 0.849609375 0.705078125 0.8876953140625 0.734375 0.8876953140625 0.748046875 0.9072265640625 0.7421875 0.9404296859375 0.7646484359375 0.94921875 0.76953125 0.9755859359375 0.798828125 0.9951171859375 0.80859375 0.9814453140625 0.78515625 0.9619140640625 0.7734375 0.9365234359375 0.78125 0.8798828140625
2 0.1953125 0.2685546859375 0.19921875 0.2255859359375 0.1923828140625 0.220703125 0.1748046859375 0.2421875 0.16015625 0.2470703140625 0.1484375 0.3232421859375 0.1669921859375 0.34375 0.19921875 0.3447265640625 0.205078125 0.3369140640625 0.197265625 0.3154296859375 0.203125 0.2900390640625 0.1953125 0.2685546859375
2 0.53515625 0.11816406406249999 0.54296875 0.07128906406249999 0.5322265640625 0.07421875 0.5185546859375 0.064453125 0.5087890640625 0.0703125 0.4931640640625 0.064453125 0.490234375 0.07910156406249999 0.515625 0.1337890640625 0.5234375 0.1826171859375 0.5458984359375 0.216796875 0.5625 0.2158203140625 0.568359375 0.2041015640625 0.56640625 0.1630859359375 0.552734375 0.1513671859375 0.53515625 0.11816406406249999
2 0.591796875 0.3447265640625 0.5771484359375 0.3359375 0.5703125 0.3447265640625 0.572265625 0.3779296859375 0.55859375 0.3994140640625 0.580078125 0.4208984359375 0.583984375 0.4345703140625 0.576171875 0.4580078140625 0.578125 0.4736328140625 0.61328125 0.4853515640625 0.62890625 0.4716796859375 0.623046875 0.4013671859375 0.59765625 0.3740234359375 0.591796875 0.3447265640625