2 0.390206696875 0.8675118875000001 0.4291539015625 0.8753336812500001 0.4386706796875 0.873081421875 0.438816340625 0.8650285421874999 0.401919378125 0.8617330375 0.390206696875 0.8675118875000001
2 0.33120876875 0.94662401875 0.307635303125 0.94017535 0.29050509375 0.94422941875 0.2823078109375 0.965213125 0.3194973125 0.965432490625 0.3300386015625 0.9589285640625 0.33120876875 0.94662401875
2 0.3765931078125 0.8998004359375 0.3650273140625 0.9105560265625 0.3228609296875 0.9235421109375 0.33193951093749996 0.932418865625 0.3539021640625 0.9362418515625001 0.3558067421875 0.948821021875 0.40397573593749997 0.9314074453125001 0.4153946515625 0.9156751078124999 0.412465565625 0.907347603125 0.3887464390625 0.9089518156249999 0.3765931078125 0.8998004359375
2 0.284606515625 0.49759684374999996 0.2979312328125 0.507473303125 0.316964796875 0.5029687828125 0.3172561140625 0.4868630234375 0.287826921875 0.48981858906250003 0.284606515625 0.49759684374999996
2 0.2595752390625 0.5586473515625 0.24478658593749997 0.5511219515625 0.24434593593749998 0.5361917234375 0.22721573125 0.5402457921875 0.1862182875 0.52789770625 0.17245659375 0.5421798875 0.1944204703125 0.5590324921875001 0.18168450625000002 0.58209263125 0.186516953125 0.589969684375 0.21316394375 0.5836633546875001 0.2357104515625 0.56830444375 0.258990153125 0.564799625 0.2595752390625 0.5586473515625
2 0.10277416718750002 0.6619080703125 0.11580389843750001 0.64880141875 0.136155734375 0.64999871875 0.16617001250000002 0.6408908765625 0.17553991093750002 0.633661875 0.1726108203125 0.62533436875 0.1365927078125 0.625840078125 0.06880507031250001 0.6539104484375 0.0519661765625 0.6418587578125 0.0401066125 0.6426608640625 0.029419667187499998 0.6572176703125 0.0134608484375 0.661996815625 0.01829451875 0.68290349375 0.028690149999999998 0.6844524484375001 0.03864758125 0.697130415625 0.050507143750000004 0.696328309375 0.0644157234375 0.687022871875 0.0727598890625 0.6710159109375 0.10277416718750002 0.6619080703125
2 0.33613789843749997 0.42526326406250003 0.34902319375 0.43323911718749997 0.38987252968749997 0.42758083750000003 0.39045761093750003 0.42142856406250007 0.3750826515625 0.40702581406249994 0.33613789843749997 0.42526326406250003
2 0.8021946156249999 0.60463034375 0.7988285515625 0.620461475 0.78682333125 0.629316465625 0.7956093703125 0.641269353125 0.7868257796875 0.655375709375 0.7916582234375 0.6632527640625 0.8068850734374999 0.659649146875 0.8225501281250001 0.6449165140625001 0.81566744375 0.6325131671875 0.8263543906249999 0.617956359375 0.8216676046875 0.6020264296875 0.8021946156249999 0.60463034375
2 0.9606077296875 0.51702493125 0.92327134375 0.511828821875 0.92122355 0.533361778125 0.9464078328125 0.5424361296875 0.9606077296875 0.51702493125
2 0.544372446875 0.76587715 0.5253388828125 0.7703816703124999 0.5244612562500001 0.77961008125 0.545984484375 0.7815324578125 0.544372446875 0.76587715
2 0.8507687515625 0.224287928125 0.792933646875 0.212917771875 0.8406668890625 0.23269246093749998 0.8501836734375001 0.23044019843750002 0.8507687515625 0.224287928125
2 0.8598387656250001 0.1419573203125 0.846225178125 0.17424586875 0.8596955562499999 0.17606944687499998 0.8835603421875 0.16641235468749999 0.8939535234375 0.1419020609375 0.9185502734375 0.1310694390625 0.9129846374999999 0.11133829531249999 0.8820915093749999 0.1166449203125 0.879017990625 0.12939991875 0.8598387656250001 0.1419573203125
2 0.7536951265625 0.22120173906249999 0.7342221375 0.22380565312499998 0.716946271875 0.2359126015625 0.712116278125 0.254094796875 0.7226587890625 0.2606204921875 0.7765378562499999 0.24185555937499997 0.7894194765625 0.210742540625 0.7825367937500001 0.19833919687499998 0.7654065812499999 0.2023932671875 0.7536951265625 0.22120173906249999
2 0 0.2502585421875 0.015178142187499999 0.23962168125 0.03509055625 0.2389183734375 0.0463625875 0.21820929531250002 0.076231209375 0.2171543328125 0.0854542265625 0.204948584375 0.0785703171875 0.17951562031249998 0.070370584375 0.1744400765625 0.046505796875 0.18409716874999998 0.0238111828125 0.1814497125 0.01824799375 0.1877778125 0.0243987140625 0.2013566875 0 0.20557960312499998 0 0.23183066874999997 0.012835365625000001 0.238171525 0 0.2399494265625 0 0.2502585421875
2 0.2872038828125 0.0920525453125 0.303456465625 0.0972268875 0.312826365625 0.0899978796875 0.3098972796875 0.081670378125 0.294816084375 0.0772211140625 0.2872038828125 0.0920525453125
2 0.41179722500000004 0.027485503124999998 0.4255601484375 0.0262329453125 0.43302669062500004 0.01945439375 0.43112210781250004 0.0068752234374999995 0.3965691515625 0.0180594953125 0.41179722500000004 0.027485503124999998
2 0.3406410734375 0.0453277625 0.3681681390625 0.055852267187500006 0.37870942812499997 0.0493483421875 0.3910059640625 0.024387596875 0.34488598593750003 0.033297840625000005 0.3406410734375 0.0453277625
2 0.513730234375 0.3251004546875 0.522223734375 0.34012948125000003 0.5465279390625 0.3323729984375 0.5490163781249999 0.325770271875 0.5277856921875 0.320771759375 0.513730234375 0.3251004546875