2 0.1748046859375 0.376953125 0.1650390640625 0.376953125 0.166015625 0.4013671859375 0.1875 0.4208984359375 0.19140625 0.4052734359375 0.185546875 0.3916015640625 0.173828125 0.3857421859375 0.1748046859375 0.376953125
2 0.017578125 0.018554685937500003 0.04296875 0.043945314062500004 0.052734375 0.034179685937499996 0.04296875 0.0009765640625 0.016601564062499997 0 0.017578125 0.018554685937500003
2 0.125 0.3095703140625 0.1376953140625 0.3125 0.1435546859375 0.32421875 0.15625 0.3251953140625 0.158203125 0.2822265640625 0.1279296859375 0.279296875 0.12109375 0.2919921859375 0.125 0.3095703140625
2 0.2353515640625 0.68359375 0.23046875 0.6962890640625 0.236328125 0.7119140640625 0.2607421859375 0.736328125 0.271484375 0.7373046859375 0.26953125 0.6904296859375 0.2626953140625 0.68359375 0.2568359359375 0.689453125 0.2353515640625 0.68359375
2 0.232421875 0.4638671859375 0.2138671859375 0.439453125 0.205078125 0.4423828140625 0.203125 0.4912109359375 0.1982421859375 0.484375 0.185546875 0.4951171859375 0.189453125 0.5146484359375 0.20703125 0.5302734359375 0.21875 0.5263671859375 0.21875 0.5009765640625 0.232421875 0.4794921859375 0.232421875 0.4638671859375
2 0.2509765640625 0.59375 0.2431640640625 0.59375 0.236328125 0.6083984359375 0.23828125 0.5966796859375 0.22265625 0.5908203140625 0.23046875 0.5654296859375 0.2158203140625 0.556640625 0.212890625 0.5615234359375 0.2265625 0.5771484359375 0.2060546859375 0.5703125 0.19921875 0.5947265640625 0.2158203140625 0.59765625 0.21875 0.6220703140625 0.2314453140625 0.625 0.25 0.6513671859375 0.255859375 0.6513671859375 0.263671875 0.6416015640625 0.259765625 0.6103515640625 0.25 0.6083984359375 0.2509765640625 0.59375
2 0.11328125 0.1845703140625 0.091796875 0.1416015640625 0.0703125 0.12207031406249999 0.0703125 0.11425781406249999 0.08984375 0.09472656406249999 0.08984375 0.07910156406249999 0.0615234359375 0.080078125 0.041992185937499996 0.072265625 0.03125 0.08496093593750001 0.03125 0.10253906406249999 0.040039064062500004 0.109375 0.06640625 0.11035156406249999 0.068359375 0.1572265640625 0.078125 0.1728515640625 0.080078125 0.2138671859375 0.08886718593750001 0.232421875 0.10546875 0.2333984359375 0.12402343593750001 0.232421875 0.130859375 0.2119140640625 0.123046875 0.1826171859375 0.11328125 0.1845703140625
2 0.3125 0.8349609359375 0.31640625 0.8466796859375 0.322265625 0.8466796859375 0.330078125 0.8369140640625 0.330078125 0.8193359359375 0.3173828140625 0.810546875 0.3125 0.8349609359375
2 0.3896484359375 0.005859375 0.376953125 0.0263671859375 0.373046875 0.0595703140625 0.37890625 0.0615234359375 0.388671875 0.0556640640625 0.40234375 0.022460935937500003 0.3994140640625 0.005859375 0.3896484359375 0.005859375
2 0.4423828140625 0.130859375 0.4326171859375 0.12890625 0.41015625 0.1572265640625 0.41015625 0.1728515640625 0.419921875 0.1845703140625 0.416015625 0.2041015640625 0.4267578140625 0.216796875 0.451171875 0.2275390640625 0.451171875 0.2001953140625 0.435546875 0.1806640640625 0.447265625 0.1396484359375 0.4423828140625 0.130859375
2 0.42578125 0.1376953140625 0.4248046859375 0.15234375 0.4326171859375 0.14453125 0.4365234359375 0.15234375 0.443359375 0.1513671859375 0.4404296859375 0.134765625 0.4326171859375 0.142578125 0.4326171859375 0.134765625 0.42578125 0.1376953140625
2 0.435546875 0.1669921859375 0.4384765640625 0.154296875 0.4140625 0.1572265640625 0.4228515640625 0.16796875 0.435546875 0.1669921859375
2 0.529296875 0.5263671859375 0.5390625 0.5302734359375 0.544921875 0.4970703140625 0.5361328140625 0.478515625 0.52734375 0.5146484359375 0.529296875 0.5263671859375
2 0.451171875 0.3271484359375 0.466796875 0.3291015640625 0.46484375 0.2919921859375 0.4521484359375 0.27734375 0.447265625 0.2802734359375 0.451171875 0.3271484359375
2 0.48828125 0.3662109359375 0.49609375 0.3876953140625 0.5029296859375 0.3984375 0.513671875 0.3994140640625 0.513671875 0.3701171859375 0.5048828140625 0.359375 0.4912109359375 0.35546875 0.48828125 0.3662109359375
2 0.533203125 0.5810546859375 0.53515625 0.5947265640625 0.544921875 0.5966796859375 0.5625 0.5615234359375 0.5576171859375 0.54296875 0.548828125 0.5458984359375 0.533203125 0.5810546859375
2 0.5390625 0.6826171859375 0.5615234359375 0.69140625 0.564453125 0.7119140640625 0.578125 0.7158203140625 0.580078125 0.6650390640625 0.5595703140625 0.6484375 0.541015625 0.6630859359375 0.5390625 0.6826171859375
2 0.66796875 0.9580078140625 0.669921875 0.9482421859375 0.6611328140625 0.935546875 0.65625 0.9404296859375 0.658203125 0.9599609359375 0.6484375 0.9697265640625 0.646484375 0.9990234359375 0.662109375 0.9990234359375 0.6669921859375 0.98828125 0.681640625 0.9853515640625 0.68359375 0.9716796859375 0.66796875 0.9580078140625
2 0.63671875 0.038085935937499996 0.646484375 0.040039064062500004 0.66015625 0.0146484359375 0.6591796859375 0 0.6328125 0.0029296859375 0.63671875 0.038085935937499996
2 0.7021484359375 0.18359375 0.70703125 0.1787109359375 0.6982421859375 0.1171875 0.689453125 0.12011718593750001 0.685546875 0.1396484359375 0.671875 0.1455078140625 0.662109375 0.1611328140625 0.662109375 0.1767578140625 0.654296875 0.1826171859375 0.6796875 0.2255859359375 0.6875 0.2119140640625 0.68359375 0.1806640640625 0.6904296859375 0.173828125 0.7021484359375 0.18359375
2 0.814453125 0.6513671859375 0.814453125 0.6728515640625 0.82421875 0.6806640640625 0.8427734359375 0.677734375 0.845703125 0.6689453140625 0.8212890640625 0.638671875 0.814453125 0.6513671859375
2 0.9169921859375 0.82421875 0.89453125 0.8525390640625 0.900390625 0.8740234359375 0.896484375 0.9013671859375 0.90625 0.9248046859375 0.900390625 0.9794921859375 0.908203125 0.9853515640625 0.931640625 0.9169921859375 0.919921875 0.8623046859375 0.923828125 0.8310546859375 0.9169921859375 0.82421875
2 0.765625 0.4521484359375 0.765625 0.4248046859375 0.77734375 0.4091796859375 0.779296875 0.3857421859375 0.765625 0.3798828140625 0.7578125 0.3583984359375 0.7353515640625 0.3359375 0.73046875 0.3427734359375 0.734375 0.3662109359375 0.751953125 0.3896484359375 0.744140625 0.4208984359375 0.744140625 0.4658203140625 0.755859375 0.4716796859375 0.7578125 0.4892578140625 0.767578125 0.5029296859375 0.7734375 0.5458984359375 0.765625 0.5810546859375 0.7724609359375 0.591796875 0.7978515640625 0.5859375 0.810546875 0.6201171859375 0.818359375 0.6201171859375 0.81640625 0.5654296859375 0.78515625 0.5283203140625 0.78125 0.4677734359375 0.765625 0.4521484359375
2 1 0.1806640640625 0.9892578140625 0.18359375 0.9794921859375 0.177734375 0.97265625 0.2080078140625 0.98828125 0.2158203140625 1 0.2060546859375 1 0.1806640640625
2 0.982421875 0.3212890640625 1 0.3349609359375 0.9990234359375 0.240234375 0.984375 0.2568359359375 0.990234375 0.2861328140625 0.982421875 0.3212890640625
2 0.9169921859375 0 0.908203125 0.018554685937500003 0.912109375 0.0595703140625 0.939453125 0.07519531406249999 0.943359375 0.018554685937500003 0.9267578140625 0 0.9169921859375 0
2 0.005859375 0.9990234359375 0.01953125 0.9716796859375 0.0009765640625 0.958984375 0 0.9990234359375 0.005859375 0.9990234359375
2 0.86328125 0.7919921859375 0.8544921859375 0.765625 0.845703125 0.7841796859375 0.8544921859375 0.79296875 0.86328125 0.7919921859375