2 0.020507814062499997 0.451171875 0.01171875 0.4638671859375 0.0234375 0.4853515640625 0.0234375 0.5048828140625 0.03125 0.5087890640625 0.029296875 0.5205078140625 0.0390625 0.5263671859375 0.0625 0.4970703140625 0.056640625 0.4541015640625 0.041992185937499996 0.4453125 0.020507814062499997 0.451171875
2 0.1015625 0.6552734359375 0.107421875 0.6826171859375 0.115234375 0.6826171859375 0.125 0.6630859359375 0.126953125 0.6396484359375 0.12011718593750001 0.634765625 0.1015625 0.6552734359375
2 0.173828125 0.7939453140625 0.189453125 0.8017578140625 0.193359375 0.7880859359375 0.1845703140625 0.77734375 0.173828125 0.7861328140625 0.173828125 0.7939453140625
2 0.26171875 0.9130859359375 0.2529296859375 0.908203125 0.244140625 0.9228515640625 0.251953125 0.9619140640625 0.23828125 0.9716796859375 0.23828125 0.9853515640625 0.2431640640625 0.9921875 0.2587890640625 0.986328125 0.2666015640625 1 0.287109375 0.9990234359375 0.279296875 0.9892578140625 0.283203125 0.9775390640625 0.275390625 0.9423828140625 0.26171875 0.9130859359375
2 0.1171875 0.0009765640625 0.1259765640625 0.015625 0.1455078140625 0.017578125 0.1484375 0.038085935937499996 0.158203125 0.040039064062500004 0.14453125 0.07324218593750001 0.146484375 0.08496093593750001 0.177734375 0.008789064062500001 0.2041015640625 0.017578125 0.2041015640625 0 0.1171875 0.0009765640625
2 0.2314453140625 0.0703125 0.201171875 0.07910156406249999 0.208984375 0.08300781406249999 0.201171875 0.11035156406249999 0.2109375 0.1396484359375 0.21875 0.1416015640625 0.228515625 0.1357421859375 0.240234375 0.10644531406249999 0.240234375 0.07910156406249999 0.2314453140625 0.0703125
2 0.298828125 0.3095703140625 0.3125 0.3154296859375 0.322265625 0.2998046859375 0.318359375 0.2802734359375 0.2939453140625 0.2734375 0.298828125 0.3095703140625
2 0.2607421859375 0.203125 0.2578125 0.2275390640625 0.248046875 0.2412109359375 0.271484375 0.2529296859375 0.283203125 0.2470703140625 0.28515625 0.2353515640625 0.271484375 0.2255859359375 0.2607421859375 0.203125
2 0.353515625 0.4677734359375 0.369140625 0.4775390640625 0.37890625 0.4599609359375 0.375 0.4365234359375 0.3603515640625 0.421875 0.353515625 0.4677734359375
2 0.37109375 0.5341796859375 0.3837890640625 0.548828125 0.40234375 0.5478515640625 0.404296875 0.5068359359375 0.3935546859375 0.5 0.375 0.5126953140625 0.37109375 0.5341796859375
2 0.447265625 0.6650390640625 0.45703125 0.6279296859375 0.4482421859375 0.62109375 0.4248046859375 0.626953125 0.4111328140625 0.607421875 0.39453125 0.6337890640625 0.392578125 0.6533203140625 0.3994140640625 0.662109375 0.4111328140625 0.66015625 0.423828125 0.6357421859375 0.43359375 0.6787109359375 0.423828125 0.7041015640625 0.439453125 0.7177734359375 0.4501953140625 0.697265625 0.470703125 0.6982421859375 0.462890625 0.6728515640625 0.447265625 0.6650390640625
2 0.50390625 0.8154296859375 0.501953125 0.7861328140625 0.4951171859375 0.77734375 0.474609375 0.8525390640625 0.478515625 0.8955078140625 0.486328125 0.8974609359375 0.50390625 0.8857421859375 0.501953125 0.8681640640625 0.486328125 0.8525390640625 0.50390625 0.8154296859375
2 0.626953125 0.1337890640625 0.611328125 0.1298828140625 0.6083984359375 0.11328125 0.6005859359375 0.12109375 0.5888671859375 0.11328125 0.58203125 0.1337890640625 0.580078125 0.1689453140625 0.59375 0.1806640640625 0.6005859359375 0.15234375 0.6162109359375 0.166015625 0.623046875 0.1611328140625 0.626953125 0.1337890640625
2 0.5615234359375 0 0.5625 0.008789064062500001 0.55078125 0.0146484359375 0.548828125 0.0283203140625 0.5615234359375 0.048828125 0.5859375 0.0556640640625 0.58984375 0.045898435937499996 0.576171875 0.034179685937499996 0.576171875 0.024414064062499997 0.5888671859375 0.01953125 0.59765625 0.0048828140625 0.5947265640625 0 0.5615234359375 0
2 0.650390625 0.2978515640625 0.66015625 0.3017578140625 0.6630859359375 0.267578125 0.6513671859375 0.26953125 0.64453125 0.2802734359375 0.650390625 0.2978515640625
2 0.64453125 0.3369140640625 0.642578125 0.3818359359375 0.650390625 0.3837890640625 0.6572265640625 0.375 0.677734375 0.3759765640625 0.6728515640625 0.328125 0.64453125 0.3369140640625
2 0.728515625 0.6650390640625 0.7373046859375 0.67578125 0.744140625 0.6748046859375 0.744140625 0.6572265640625 0.7333984359375 0.6484375 0.7265625 0.6552734359375 0.728515625 0.6650390640625
2 0.947265625 0.1806640640625 0.947265625 0.1982421859375 0.95703125 0.2041015640625 0.982421875 0.1787109359375 0.9755859359375 0.14453125 0.96875 0.1455078140625 0.947265625 0.1806640640625