2 0.05078125 0.8798828140625 0.049804685937499996 0.88671875 0.056640625 0.8857421859375 0.0625 0.8466796859375 0.047851564062500004 0.84375 0.03515625 0.8681640640625 0.05078125 0.8798828140625
2 0.40625 0.9287109359375 0.3994140640625 0.876953125 0.38671875 0.8798828140625 0.39453125 0.8896484359375 0.3876953140625 0.88671875 0.375 0.8974609359375 0.376953125 0.9052734359375 0.3662109359375 0.92578125 0.34765625 0.9267578140625 0.3505859359375 0.93359375 0.3603515640625 0.931640625 0.361328125 0.9443359359375 0.37109375 0.9482421859375 0.365234375 0.9404296859375 0.3681640640625 0.93359375 0.3759765640625 0.939453125 0.40625 0.9287109359375
2 0.23046875 0.5908203140625 0.236328125 0.6513671859375 0.251953125 0.6513671859375 0.2578125 0.6240234359375 0.265625 0.6201171859375 0.2666015640625 0.578125 0.23046875 0.5908203140625
2 0.2880859359375 0.642578125 0.2744140640625 0.640625 0.26171875 0.6513671859375 0.271484375 0.6962890640625 0.265625 0.7197265640625 0.2890625 0.7294921859375 0.29296875 0.7080078140625 0.306640625 0.6845703140625 0.306640625 0.6630859359375 0.2880859359375 0.642578125
2 0.203125 0.4013671859375 0.193359375 0.3779296859375 0.1669921859375 0.359375 0.1591796859375 0.375 0.1396484359375 0.375 0.099609375 0.4033203140625 0.1572265640625 0.376953125 0.162109375 0.3876953140625 0.150390625 0.4150390640625 0.15625 0.4541015640625 0.1611328140625 0.46484375 0.177734375 0.4638671859375 0.17578125 0.4580078140625 0.1875 0.4501953140625 0.193359375 0.4130859359375 0.203125 0.4013671859375
2 0.37890625 0.8388671859375 0.3671875 0.8349609359375 0.3671875 0.8232421859375 0.37890625 0.8173828140625 0.375 0.8056640640625 0.3681640640625 0.796875 0.3330078140625 0.80078125 0.3134765640625 0.794921875 0.3203125 0.7880859359375 0.314453125 0.7802734359375 0.3203125 0.7529296859375 0.3037109359375 0.73828125 0.2880859359375 0.736328125 0.27734375 0.7783203140625 0.2841796859375 0.7734375 0.2861328140625 0.78125 0.3037109359375 0.78125 0.31640625 0.8115234359375 0.328125 0.8154296859375 0.33203125 0.8271484359375 0.3271484359375 0.82421875 0.3212890640625 0.8359375 0.3125 0.8369140640625 0.3154296859375 0.84375 0.3271484359375 0.84375 0.328125 0.8349609359375 0.33203125 0.8369140640625 0.328125 0.8662109359375 0.3623046859375 0.853515625 0.365234375 0.8662109359375 0.37109375 0.8623046859375 0.369140625 0.8408203140625 0.3759765640625 0.84375 0.37890625 0.8388671859375
2 0.0068359359375 0 0 0.0068359359375 0 0.036132814062500004 0.024414064062499997 0.048828125 0.0234375 0.0576171859375 0.033203125 0.06738281406249999 0.021484375 0.08300781406249999 0.0234375 0.10058593593750001 0.033203125 0.10839843593750001 0.046875 0.1396484359375 0.0595703140625 0.142578125 0.0703125 0.1572265640625 0.080078125 0.1533203140625 0.0859375 0.1259765640625 0.083984375 0.08300781406249999 0.095703125 0.06347656406249999 0.08886718593750001 0.0546875 0.07910156406249999 0.060546875 0.052734375 0.0517578140625 0.052734375 0.036132814062500004 0.0625 0.024414064062499997 0.0517578140625 0 0.0068359359375 0
0 0.609375 0.8291015640625 0.6044921859375 0.82421875 0.5966796859375 0.83203125 0.5859375 0.8271484359375 0.58203125 0.8017578140625 0.5693359359375 0.787109375 0.5576171859375 0.814453125 0.541015625 0.8056640640625 0.541015625 0.8291015640625 0.533203125 0.8388671859375 0.5673828140625 0.8984375 0.611328125 0.9111328140625 0.630859375 0.8857421859375 0.630859375 0.8740234359375 0.615234375 0.8583984359375 0.609375 0.8291015640625
2 0.6796875 0.8564453140625 0.689453125 0.8388671859375 0.6748046859375 0.82421875 0.658203125 0.8271484359375 0.658203125 0.8408203140625 0.646484375 0.8544921859375 0.650390625 0.8779296859375 0.66015625 0.8818359359375 0.6650390640625 0.87109375 0.6689453140625 0.87890625 0.6875 0.8759765640625 0.6796875 0.8564453140625
2 0.38671875 0.0009765640625 0.3740234359375 0 0.3828125 0.022460935937500003 0.38671875 0.0009765640625
2 0.466796875 0.11425781406249999 0.46875 0.1416015640625 0.458984375 0.1689453140625 0.470703125 0.1787109359375 0.4794921859375 0.169921875 0.50390625 0.1650390640625 0.4892578140625 0.107421875 0.466796875 0.11425781406249999
2 0.65625 0.6689453140625 0.6396484359375 0.669921875 0.611328125 0.6298828140625 0.6142578140625 0.623046875 0.6396484359375 0.625 0.642578125 0.6083984359375 0.63671875 0.5888671859375 0.6259765640625 0.58984375 0.619140625 0.5830078140625 0.6142578140625 0.55859375 0.5947265640625 0.55078125 0.5771484359375 0.55859375 0.5673828140625 0.548828125 0.5625 0.5654296859375 0.57421875 0.6025390640625 0.55859375 0.6103515640625 0.560546875 0.6259765640625 0.544921875 0.6533203140625 0.5693359359375 0.66796875 0.5908203140625 0.658203125 0.603515625 0.7119140640625 0.611328125 0.7197265640625 0.6240234359375 0.6953125 0.6396484359375 0.70703125 0.650390625 0.7041015640625 0.65625 0.6689453140625
2 0.568359375 0.5048828140625 0.578125 0.4912109359375 0.56640625 0.3779296859375 0.580078125 0.3583984359375 0.56640625 0.3427734359375 0.5625 0.3232421859375 0.5537109359375 0.3203125 0.5498046859375 0.326171875 0.533203125 0.3076171859375 0.537109375 0.2822265640625 0.52734375 0.2705078140625 0.5234375 0.2451171859375 0.4970703140625 0.220703125 0.4814453140625 0.2421875 0.4560546859375 0.2421875 0.453125 0.2568359359375 0.482421875 0.2841796859375 0.47265625 0.3056640640625 0.490234375 0.3388671859375 0.482421875 0.3583984359375 0.486328125 0.3818359359375 0.48046875 0.4111328140625 0.4873046859375 0.41796875 0.5009765640625 0.4140625 0.515625 0.4384765640625 0.505859375 0.4541015640625 0.505859375 0.5068359359375 0.494140625 0.5224609359375 0.4921875 0.5400390640625 0.5068359359375 0.546875 0.5185546859375 0.5390625 0.5341796859375 0.5546875 0.54296875 0.5537109359375 0.5498046859375 0.53515625 0.5595703140625 0.537109375 0.5703125 0.5283203140625 0.568359375 0.5048828140625
2 0.8115234359375 0.072265625 0.794921875 0.12207031406249999 0.80078125 0.1474609359375 0.8076171859375 0.150390625 0.8154296859375 0.140625 0.81640625 0.1533203140625 0.822265625 0.1552734359375 0.828125 0.1416015640625 0.828125 0.08496093593750001 0.8251953140625 0.076171875 0.8115234359375 0.072265625
2 0.88671875 0.5322265640625 0.9052734359375 0.5234375 0.908203125 0.5146484359375 0.8984375 0.4912109359375 0.90234375 0.4619140640625 0.8876953140625 0.439453125 0.875 0.4423828140625 0.875 0.4658203140625 0.8828125 0.4716796859375 0.875 0.5146484359375 0.8828125 0.5185546859375 0.873046875 0.5576171859375 0.880859375 0.5595703140625 0.890625 0.5556640640625 0.880859375 0.5498046859375 0.890625 0.5458984359375 0.88671875 0.5322265640625
2 0.90234375 0.3603515640625 0.892578125 0.3486328140625 0.89453125 0.3369140640625 0.875 0.3330078140625 0.8701171859375 0.298828125 0.85546875 0.3232421859375 0.837890625 0.3310546859375 0.830078125 0.3525390640625 0.8349609359375 0.37109375 0.8466796859375 0.37109375 0.8505859359375 0.36328125 0.857421875 0.3662109359375 0.86328125 0.4052734359375 0.8720703140625 0.38671875 0.8896484359375 0.388671875 0.90234375 0.3759765640625 0.90234375 0.3603515640625
2 0.96875 0.8193359359375 0.96875 0.8349609359375 0.9765625 0.8857421859375 0.99609375 0.8876953140625 1 0.8154296859375 0.9873046859375 0.818359375 0.9755859359375 0.810546875 0.96875 0.8193359359375
2 0.9453125 0.6416015640625 0.931640625 0.6298828140625 0.939453125 0.6044921859375 0.9189453140625 0.595703125 0.90625 0.6123046859375 0.912109375 0.6318359359375 0.8984375 0.6611328140625 0.919921875 0.6748046859375 0.921875 0.6884765640625 0.9443359359375 0.716796875 0.955078125 0.7158203140625 0.9609375 0.6943359359375 0.935546875 0.6689453140625 0.9453125 0.6572265640625 0.9453125 0.6416015640625