2 0.3973654265625 0.0455717515625 0.4212126546875 0.04066738125 0.43433822343750006 0.0490369671875 0.4315723375 0.018564571874999998 0.4033203140625 0.01643404375 0.4053622578125 0.0292487328125 0.3973654265625 0.0455717515625
2 0.28584627500000004 0.0997883953125 0.30201757812499996 0.0926125640625 0.3232288046875 0.09739423593749999 0.358569384375 0.082185390625 0.3580708359375 0.075309659375 0.3092427140625 0.073320065625 0.2848081171875 0.058613603125000004 0.27386106718750003 0.061105578125000004 0.274223040625 0.06993443437499999 0.28589403281250003 0.08510016406250001 0.28584627500000004 0.0997883953125
2 0.2158069265625 0.0930171296875 0.170748478125 0.0931398296875 0.168249046875 0.10087274531249998 0.17705864531249998 0.1149425390625 0.19436361562499999 0.1195650421875 0.2014932359375 0.129649003125 0.2203893640625 0.125522234375 0.2158069265625 0.0930171296875
2 0.0632310921875 0.11813918125 0.052646009375000004 0.1294600125 0.025575410937499998 0.12443959062500001 0.0226662578125 0.13803188125000002 0.041104901562500004 0.15445271875 0.054913348437499995 0.1530566796875 0.07571484843750001 0.16369772656249998 0.119639628125 0.15177669375 0.1422576734375 0.1644504484375 0.157930428125 0.1503988875 0.148075984375 0.1372658671875 0.11555573593749999 0.1261473171875 0.10465644062499999 0.11395106562499999 0.095662515625 0.11652262499999999 0.08530283281249999 0.1386254359375 0.0632310921875 0.11813918125
2 0 0.2036848609375 0.004487378125 0.2019279203125 0.0165270375 0.1838109421875 0.003538040625 0.173488234375 0.006310620312499999 0.1618490671875 0 0.15793393125 0 0.2036848609375
2 0.2675727953125 0.4731536046875 0.278021303125 0.46378589843749995 0.3246231515625 0.46960215781250003 0.356146303125 0.4669692484375 0.36554995468749996 0.4585383140625 0.3339379859375 0.44843611875 0.302414834375 0.45106902812499994 0.3031454671875 0.426615171875 0.29247156875 0.4252009015625 0.2634000875 0.4347891265625 0.25263067499999997 0.46275130937500003 0.2675727953125 0.4731536046875
2 0.516643534375 0.328565946875 0.5119178296875 0.3401255296875 0.5219088515625 0.3513054296875 0.517046571875 0.36481813281250003 0.5215879421875 0.36989990625 0.53357984375 0.36647115937499997 0.5440694125000001 0.3845267859375 0.5631021171875 0.37844689374999996 0.5765963515625 0.35353377343750003 0.5702384281249999 0.3464192921875 0.5484809046875 0.3494501203125 0.541487859375 0.3374130359375 0.524456034375 0.32888428125 0.516643534375 0.328565946875
2 0.698195340625 0.32323213281249996 0.7012410734375 0.307686715625 0.6908403234375 0.30236619062500003 0.6647190640625 0.325785459375 0.6648078828124999 0.3385205609375 0.6701209578125 0.3465718125 0.6914687546875 0.349400359375 0.7134106140625 0.3297281734375 0.698195340625 0.32323213281249996
2 0.7435747015625 0.304514953125 0.728311671875 0.3127071390625 0.7282639140625 0.327395365625 0.7372100875 0.339512034375 0.7564681859375 0.344214121875 0.7636455609375 0.3396098515625 0.76124164375 0.31796631249999996 0.7435747015625 0.304514953125
2 0.139793525 0.5218109734375 0.14066073437499998 0.4954039953125 0.10995703750000001 0.48631815468750006 0.0982382875 0.485840653125 0.0957388625 0.49357356875 0.1135423828125 0.5050718 0.1172643015625 0.5218723234375 0.134569271875 0.5264948281249999 0.139793525 0.5218109734375
2 0 0.5595550453125 0.0047480578124999995 0.562337509375 0.0203730578125 0.5629741796875 0.0241904859375 0.55039824375 0.0425880671875 0.539395746875 0.02478454375 0.5278975124999999 0.004706990625 0.534914175 0 0.532961084375 0 0.5595550453125
2 0.23180332343750001 0.900649228125 0.25315111875 0.903477775 0.263101078125 0.8872343375 0.256381184375 0.8712910031250001 0.2710090890625 0.8581762171875 0.26660429375 0.8511413187500001 0.22740521875000003 0.85150276875 0.194652884375 0.871713803125 0.1877009 0.8871000531250001 0.2157685953125 0.9058719343750001 0.23180332343750001 0.900649228125
2 0.4180464609375 0.8142209328125001 0.4043745828125 0.813663846875 0.385294128125 0.83443196875 0.3916520484375 0.841546446875 0.39028629062500003 0.861077696875 0.4045932875 0.8665573890625 0.42440438281250004 0.821335415625 0.4180464609375 0.8142209328125001
2 0.731789025 0.72515308125 0.7386454953125 0.7391432906250001 0.7484111234374999 0.739541209375 0.772032953125 0.723854859375 0.7413770109375 0.7000807906250001 0.732109934375 0.7065585999999999 0.731789025 0.72515308125
2 0.9182098062499999 0.6641949953124999 0.936655140625 0.6385042703125 0.8987740656250001 0.6340226984374999 0.8920952390625001 0.6455026968750001 0.9103973062499999 0.663876659375 0.9182098062499999 0.6641949953124999
2 0.59710553125 0.7745084703125 0.6124573796874999 0.7790513906250001 0.6158650812500001 0.7723348265625 0.6061472125 0.7572486796875 0.5926119109375 0.7547384687500001 0.566538409375 0.7634695046875 0.56585553125 0.7732351296875 0.5728485765625 0.7852722156249999 0.5824776218750001 0.787623259375 0.59710553125 0.7745084703125