2 0.1708984359375 0.06640625 0.1552734359375 0.056640625 0.138671875 0.06347656406249999 0.1435546859375 0.076171875 0.162109375 0.08496093593750001 0.169921875 0.10644531406249999 0.1796875 0.10839843593750001 0.197265625 0.0556640640625 0.1884765640625 0.0390625 0.173828125 0.045898435937499996 0.1708984359375 0.06640625
2 0.3671875 0.7021484359375 0.3671875 0.7119140640625 0.3828125 0.7294921859375 0.3828125 0.7568359359375 0.396484375 0.7763671859375 0.40234375 0.7294921859375 0.39453125 0.6923828140625 0.3857421859375 0.6875 0.3671875 0.7021484359375
2 0.4521484359375 0.8671875 0.4365234359375 0.86328125 0.431640625 0.8896484359375 0.44140625 0.8994140640625 0.4482421859375 0.892578125 0.4619140640625 0.896484375 0.466796875 0.8818359359375 0.4521484359375 0.8671875
2 0.275390625 0.2939453140625 0.2685546859375 0.296875 0.2431640640625 0.287109375 0.2470703140625 0.294921875 0.2705078140625 0.3046875 0.2734375 0.3154296859375 0.2607421859375 0.330078125 0.2392578140625 0.31640625 0.236328125 0.3232421859375 0.2587890640625 0.345703125 0.28515625 0.3505859359375 0.296875 0.3408203140625 0.28515625 0.2880859359375 0.2763671859375 0.283203125 0.275390625 0.2939453140625
2 0.546875 0.1474609359375 0.5625 0.1552734359375 0.5703125 0.12402343593750001 0.5654296859375 0.091796875 0.546875 0.1337890640625 0.546875 0.1474609359375
2 0.6328125 0.3017578140625 0.6259765640625 0.291015625 0.6064453140625 0.29296875 0.5947265640625 0.287109375 0.5859375 0.2998046859375 0.607421875 0.3701171859375 0.61328125 0.3466796859375 0.625 0.3310546859375 0.623046875 0.3154296859375 0.6328125 0.3017578140625
2 0.65234375 0.4228515640625 0.654296875 0.4033203140625 0.6376953140625 0.38671875 0.630859375 0.4169921859375 0.65234375 0.4228515640625
2 0.72265625 0.7138671859375 0.732421875 0.7197265640625 0.740234375 0.6806640640625 0.7236328140625 0.666015625 0.71484375 0.6923828140625 0.72265625 0.7138671859375
2 0.7578125 0.7998046859375 0.78125 0.8232421859375 0.78125 0.7978515640625 0.7685546859375 0.779296875 0.7568359359375 0.775390625 0.7578125 0.7998046859375
2 0.9169921859375 0.294921875 0.912109375 0.3388671859375 0.9189453140625 0.34375 0.9365234359375 0.330078125 0.953125 0.3447265640625 0.955078125 0.3291015640625 0.939453125 0.3115234359375 0.9375 0.2978515640625 0.9169921859375 0.294921875
2 0.9599609359375 0.45703125 0.974609375 0.4599609359375 0.986328125 0.4521484359375 0.9794921859375 0.431640625 0.955078125 0.4482421859375 0.9599609359375 0.45703125
2 0.017578125 0.8076171859375 0.025390625 0.7978515640625 0.0263671859375 0.751953125 0.001953125 0.7666015640625 0.017578125 0.8076171859375