2 0.47342104999999995 0.036759840625 0.46106891718750004 0.0222406296875 0.4493650484375 0.0322745234375 0.45639723749999994 0.051354598437499996 0.47342104999999995 0.036759840625
2 0.869308246875 0.6837799125 0.8534269406250001 0.66511235625 0.84421443125 0.6694233875 0.84963755 0.6952634140625 0.8577598999999999 0.70264793125 0.8648444296875001 0.70016124375 0.869308246875 0.6837799125
2 0.248662328125 0.1164587921875 0.22585201093750001 0.1091120453125 0.202652134375 0.1164472 0.20864650468749998 0.1256560625 0.2357127765625 0.1293541203125 0.24687156875 0.12516799843749998 0.248662328125 0.1164587921875
2 0.1736134078125 0.1234076078125 0.1831893015625 0.1151980578125 0.1830337796875 0.1063639328125 0.1515822078125 0.0866970625 0.140241721875 0.0928324421875 0.1435368640625 0.120496809375 0.1536054953125 0.1280062421875 0.1736134078125 0.1234076078125
2 0.46538678906250003 0.795120284375 0.480983225 0.78533621875 0.48100939531250003 0.7745528359375 0.4668926765625 0.7579594515625 0.44104591718749997 0.7621833437500001 0.4314700203125 0.770392896875 0.43533641718749994 0.7814261046875 0.46538678906250003 0.795120284375
2 0.68940010625 0.366329709375 0.7409119375000001 0.359831184375 0.7497872296875 0.34863528593750004 0.7370717109375 0.33801459375 0.7174271859375 0.338714709375 0.6851964953125 0.34841163750000004 0.6752572140625 0.3605197046875 0.68940010625 0.366329709375
2 0.6698663046875 0.029758670312500003 0.6516753265624999 0.014864715625 0.6302662078125 0.0134906609375 0.6321863203125 0.0243989546875 0.6199635406249999 0.0294972484375 0.619055075 0.039243540625000004 0.6299798265625001 0.058573443749999995 0.6377649609375 0.0590731 0.6698663046875 0.029758670312500003
2 0.0791016515625 0.1291072796875 0.0646215453125 0.1164124125 0.015237695312499999 0.12108659375 0.0118116921875 0.1473391328125 0.0222437078125 0.150950046875 0.070044665625 0.142252434375 0.0791016515625 0.1291072796875
2 0 0.956164184375 0.0191398328125 0.9194315281250001 0.014027753125 0.9112597499999999 0.0023500546875 0.910510265625 0 0.911763828125 0 0.956164184375
2 0.7519584921875 0.7664506281250001 0.769319521875 0.75874073125 0.779985578125 0.738835628125 0.7971649109375 0.733074990625 0.8033933171875001 0.7187678359375 0.7847096046875001 0.688154896875 0.77373250625 0.690391759375 0.7573831234374999 0.718756240625 0.7519584921875 0.7664506281250001
2 0.5745955671874999 0.34817639218749996 0.569742190625 0.3792396203125 0.575918253125 0.386499225 0.6166085109375 0.3910716828125 0.6336323234375 0.376476925 0.6271190453125 0.36233245625 0.6034525984375 0.343165240625 0.5839897671875 0.3419161 0.5745955671874999 0.34817639218749996
2 0.6412020468749999 0.7573812609374999 0.6544888109375 0.7513707953125001 0.6656999453125 0.725617915625 0.659550053125 0.707574928125 0.5752886234375 0.718834775 0.592233921875 0.7365901625 0.6214281671874999 0.738463875 0.6412020468749999 0.7573812609374999
2 0.31113767812500004 0.7695330796875 0.2838897125 0.7677842796875 0.2762601 0.776118746875 0.2834739796875 0.793249559375 0.35294275625 0.8251610093749999 0.3628558609375 0.8238363203124999 0.38662699375 0.7998700109375 0.3717835015625 0.7910736625 0.3289652703125 0.7883255499999999 0.31113767812500004 0.7695330796875
2 0.303774309375 0.4494305109375 0.26381083125 0.43706101875 0.254598321875 0.441372053125 0.262694496875 0.45953995000000003 0.25716669062499997 0.4768334546875 0.2900456421875 0.491689634375 0.310780328125 0.47929396406249997 0.34794139999999996 0.47971807499999997 0.35310581874999997 0.466323090625 0.3335136390625 0.4454564453125 0.303774309375 0.4494305109375
2 0.30210535156249996 0.8454292593750001 0.2775304453125 0.8360083421875 0.24779111562499997 0.8399824046875001 0.21784392343749998 0.8566891078125 0.21055152656249998 0.8719084359375 0.1960190765625 0.880780334375 0.19456553125 0.8963744046875 0.198977003125 0.9015598359375 0.2207495078125 0.8990353734375001 0.24859489375 0.8733696343749999 0.2788269578125 0.8851145546874999 0.283654165625 0.8648347078124999 0.30210535156249996 0.8454292593750001
2 0.9403875968750001 0.6353970062500001 0.915812690625 0.6259760859375 0.9046538999999999 0.630162203125 0.905691715625 0.6400334156249999 0.888304515625 0.658526690625 0.8849046843749999 0.6739958484375 0.9013049046875 0.6975990078125001 0.9641572171874999 0.6849651015625 0.968362334375 0.62934876875 0.9552834359375 0.62262659375 0.9403875968750001 0.6353970062500001
2 0 0.5309868984375 0.023974584375 0.531479640625 0.0377279171875 0.55197154375 0.049405615624999996 0.5527210296875 0.06466483437500001 0.5360520984375 0.0802351015625 0.5370514125 0.10276054999999999 0.5159465328125 0.10473300625 0.5052880671875 0.097492953125 0.4989406328125 0.0759021421875 0.4995158359375 0.0656779890625 0.4831722796875 0.0483431375 0.48009879375000003 0.0361726984375 0.4636303234375 0.0160354390625 0.4486114546875 0 0.44576835781249996 0 0.5309868984375