2 0.15248717812499998 0.9121180953125 0.1427325515625 0.8977985609375001 0.1324620140625 0.8991063328125 0.11954285312499999 0.9105699968750001 0.11963884843749999 0.9224142421874999 0.14556417187499998 0.9300432921875 0.15248717812499998 0.9121180953125
2 0.25670439843750004 0.9270069781249999 0.2418625 0.919263453125 0.2309800453125 0.9243542859374999 0.2135945125 0.9198987656250001 0.20779034687500003 0.9371257234374999 0.19690789375 0.9422165578125 0.2846484546875 0.9656874609375 0.30336279374999997 0.9557089703124999 0.30377372812500003 0.94694955 0.26198366093750003 0.9441194578125 0.25670439843750004 0.9270069781249999
2 0.97604425 0.84541559375 0.970450046875 0.848906775 0.9696281750000001 0.8664256171875 0.96332606875 0.8618556156249999 0.9598645625 0.8708182140625 0.9546812984375 0.865549978125 0.949594025 0.8721259874999999 0.938309621875 0.867264109375 0.9362729140624999 0.8736369406250001 0.9535534671875 0.8849603484375 0.98549291875 0.8616266593749999 0.97604425 0.84541559375
2 0.810596746875 0.8670381953125 0.8238998828125 0.902951509375 0.835490240625 0.9059218578125 0.8601047328125 0.8905606515625 0.8335764875 0.868002534375 0.810596746875 0.8670381953125
2 0.79391013125 0.8893559906249999 0.7773464671875 0.8673816296875 0.7569103640625 0.8631292890625 0.754156765625 0.8801530671875 0.769697584375 0.9146699109374999 0.7881059625 0.90658295 0.79391013125 0.8893559906249999
2 0.6724033687500001 0.88185583125 0.6749380203124999 0.8972799625000001 0.6679190203125 0.9033609125 0.6910907484375 0.9280137390625001 0.7026811046875 0.9309840875000001 0.71143085625 0.9204218359375 0.717139028125 0.8913506328125 0.71063594375 0.8818042765625 0.6990455875 0.8788339296875 0.6724033687500001 0.88185583125
2 0.9038445078124999 0.856461534375 0.89602160625 0.8426370578125001 0.8720280078125 0.8355030687499999 0.8945788374999999 0.8826510937500001 0.914193065625 0.9044222734374999 0.9433789203125 0.8981123656250001 0.9465344703125 0.8910412984375 0.9404333328125001 0.8914476546874999 0.9367798453124999 0.8767217640625 0.9301627953124999 0.8927554296875 0.9220339375 0.8808224843750001 0.9147089859375 0.8887949671875001 0.914001078125 0.8807337828125 0.9054612890625 0.8775602578124999 0.9160377875 0.8743609515624999 0.9114664296875 0.865309653125 0.9223062656250001 0.8651976937500001 0.9135031343750001 0.8589368234375 0.919097340625 0.8554456406250001 0.91472695625 0.8513707 0.9038445078124999 0.856461534375
2 0.5063259796875 0.9446857625 0.51232213125 0.9511472921875 0.5430377625 0.9353797281249999 0.564898665625 0.9370423046875 0.5733334718750001 0.9470837171875001 0.5891022234375 0.93044051875 0.606085809375 0.9249433234375 0.608734428125 0.9147874312500001 0.5971440718750001 0.9118170859375001 0.5912529 0.898487665625 0.5734654156250001 0.8840794328125 0.530661484375 0.8750796890625001 0.52638709375 0.8828489921875 0.5462023 0.909596528125 0.5303375515625001 0.9143954843750001 0.49200898437499996 0.9026027953125 0.48804055156250004 0.9084805703125 0.49535652187499996 0.9192202203125 0.5113172593749999 0.9262655093750001 0.5063259796875 0.9446857625
2 0.282704478125 0.5672612546875 0.2394985953125 0.548308796875 0.147876609375 0.5612720484375 0.16098775625 0.573496871875 0.19220133125 0.5795262671875 0.20775113125 0.595330975 0.22483071406250002 0.6016780265625 0.230730871875 0.5962953109375 0.223519884375 0.578687771875 0.22647445937500002 0.56664035 0.26734666093750004 0.575145034375 0.279548928125 0.5743323203124999 0.282704478125 0.5672612546875
2 0.1228332 0.6228169375 0.134222584375 0.6208109312500001 0.13585734375 0.6044853859375 0.1237690421875 0.579718078125 0.0944871921875 0.574183740625 0.0885960203125 0.5608543218750001 0.0809651125 0.5707183359375 0.05585266875 0.5642825828125 0.04791580625 0.576038128125 0.029991370312499998 0.572269425 0.031098651562500003 0.593397615625 0.0600041078125 0.6008054328125 0.09397127968749999 0.5898110484375 0.10992303125 0.6155684703125 0.1228332 0.6228169375
2 0.6756156984375 0.5448342578125 0.6823197578125 0.5593569734375 0.6939101156249999 0.562327321875 0.7012350656249999 0.5543548390625 0.698901390625 0.5439070671875 0.6756156984375 0.5448342578125
1 0.1665848171875 0.35232797968749996 0.1600817359375 0.342781625 0.11920953281249999 0.334276940625 0.1009931390625 0.3660523875 0.1558943578125 0.38110730625 0.1634202859375 0.37811117968749997 0.1665848171875 0.35232797968749996