2 0.009765625 0.4580078140625 0.016601564062499997 0.470703125 0.02734375 0.4716796859375 0.029296875 0.4365234359375 0.010742185937499999 0.408203125 0.00390625 0.4208984359375 0.009765625 0.4580078140625
2 0.029296875 0.5517578140625 0.03515625 0.5537109359375 0.0546875 0.5419921859375 0.040039064062500004 0.509765625 0.03125 0.5146484359375 0.029296875 0.5517578140625
2 0.111328125 0.7158203140625 0.115234375 0.7080078140625 0.10644531406249999 0.69921875 0.103515625 0.7099609359375 0.111328125 0.7158203140625
2 0.080078125 0.6865234359375 0.08203125 0.7060546859375 0.091796875 0.7099609359375 0.10546875 0.6806640640625 0.07128906406249999 0.650390625 0.0703125 0.6728515640625 0.080078125 0.6865234359375
2 0.0859375 0.7412109359375 0.09375 0.7822265640625 0.107421875 0.7958984359375 0.1171875 0.7802734359375 0.125 0.7392578140625 0.08886718593750001 0.7265625 0.0859375 0.7412109359375
2 0.15234375 0.8779296859375 0.16015625 0.8798828140625 0.171875 0.8369140640625 0.1455078140625 0.826171875 0.142578125 0.8408203140625 0.15234375 0.8779296859375
2 0.189453125 0.9619140640625 0.203125 0.9658203140625 0.2109375 0.9599609359375 0.212890625 0.9462890640625 0.2001953140625 0.931640625 0.189453125 0.9619140640625
2 0.470703125 0.8857421859375 0.478515625 0.8916015640625 0.48828125 0.8564453140625 0.4833984359375 0.82421875 0.466796875 0.8486328140625 0.470703125 0.8857421859375
2 0.4072265640625 0.701171875 0.43359375 0.7001953140625 0.427734375 0.6513671859375 0.4150390640625 0.646484375 0.396484375 0.6904296859375 0.4072265640625 0.701171875
2 0.4765625 0.7744140640625 0.4521484359375 0.763671875 0.4423828140625 0.74609375 0.435546875 0.7509765640625 0.4296875 0.7822265640625 0.431640625 0.8076171859375 0.4375 0.8095703140625 0.4541015640625 0.79296875 0.4677734359375 0.802734375 0.48046875 0.7978515640625 0.4765625 0.7744140640625
2 0.357421875 0.4990234359375 0.365234375 0.5029296859375 0.373046875 0.4990234359375 0.3662109359375 0.46875 0.357421875 0.4873046859375 0.357421875 0.4990234359375
2 0.35546875 0.5498046859375 0.359375 0.5615234359375 0.3740234359375 0.564453125 0.3828125 0.5888671859375 0.392578125 0.5908203140625 0.392578125 0.5576171859375 0.3720703140625 0.537109375 0.3642578140625 0.537109375 0.35546875 0.5498046859375
2 0.3349609359375 0.376953125 0.31640625 0.4033203140625 0.314453125 0.4287109359375 0.3232421859375 0.43359375 0.3349609359375 0.423828125 0.345703125 0.4384765640625 0.357421875 0.4228515640625 0.35546875 0.3916015640625 0.3486328140625 0.376953125 0.3349609359375 0.376953125
2 0.259765625 0.2333984359375 0.267578125 0.2763671859375 0.2734375 0.2802734359375 0.283203125 0.2666015640625 0.283203125 0.2373046859375 0.2626953140625 0.216796875 0.259765625 0.2333984359375
2 0.236328125 0.07714843593750001 0.25390625 0.09863281406249999 0.26171875 0.06347656406249999 0.2392578140625 0.021484375 0.234375 0.0263671859375 0.236328125 0.07714843593750001
2 0.5361328140625 0.033203125 0.53125 0.045898435937499996 0.5390625 0.07128906406249999 0.5517578140625 0.06640625 0.5673828140625 0.08984375 0.58984375 0.09082031406249999 0.591796875 0.06542968593750001 0.5791015640625 0.0546875 0.5615234359375 0.0546875 0.5361328140625 0.033203125
2 0.615234375 0.1396484359375 0.615234375 0.11425781406249999 0.6083984359375 0.109375 0.595703125 0.11816406406249999 0.58203125 0.1435546859375 0.583984375 0.1572265640625 0.59765625 0.1669921859375 0.59375 0.2197265640625 0.5966796859375 0.228515625 0.603515625 0.2275390640625 0.611328125 0.2216796859375 0.611328125 0.1865234359375 0.599609375 0.1650390640625 0.615234375 0.1396484359375
2 0.62890625 0.3291015640625 0.650390625 0.3583984359375 0.65234375 0.3369140640625 0.646484375 0.3212890640625 0.6298828140625 0.30859375 0.62890625 0.3291015640625
2 0.79296875 0.8330078140625 0.791015625 0.8544921859375 0.802734375 0.8876953140625 0.814453125 0.8896484359375 0.818359375 0.8427734359375 0.814453125 0.8310546859375 0.8037109359375 0.828125 0.79296875 0.8330078140625
2 0.783203125 0.7412109359375 0.7685546859375 0.732421875 0.76953125 0.7880859359375 0.791015625 0.8193359359375 0.794921875 0.7958984359375 0.79296875 0.7802734359375 0.783203125 0.7685546859375 0.783203125 0.7412109359375
2 0.822265625 0.9326171859375 0.82421875 0.9501953140625 0.8359375 0.9775390640625 0.84765625 0.9814453140625 0.8662109359375 0.9765625 0.869140625 0.9658203140625 0.8291015640625 0.921875 0.822265625 0.9326171859375
2 0.73046875 0.7119140640625 0.751953125 0.7158203140625 0.751953125 0.6982421859375 0.7431640640625 0.69140625 0.7333984359375 0.693359375 0.73046875 0.7119140640625
2 0.84375 0.024414064062499997 0.8623046859375 0 0.837890625 0.0009765640625 0.8359375 0.024414064062499997 0.84375 0.024414064062499997
2 0.91015625 0.11425781406249999 0.8994140640625 0.109375 0.904296875 0.1591796859375 0.927734375 0.1669921859375 0.9296875 0.1416015640625 0.9228515640625 0.130859375 0.916015625 0.1318359359375 0.91015625 0.11425781406249999
2 0.888671875 0.2275390640625 0.9150390640625 0.25 0.921875 0.2490234359375 0.927734375 0.2373046859375 0.921875 0.2080078140625 0.8974609359375 0.205078125 0.888671875 0.2275390640625
2 0.86328125 0.040039064062500004 0.86328125 0.07714843593750001 0.876953125 0.08691406406249999 0.9013671859375 0.076171875 0.904296875 0.0615234359375 0.8681640640625 0.037109375 0.86328125 0.040039064062500004
2 1 0.3486328140625 0.9951171859375 0.34765625 0.986328125 0.3564453140625 0.98828125 0.3876953140625 0.9912109359375 0.396484375 1 0.3974609359375 1 0.3486328140625