2 0.3828125 0.9990234359375 0.3583984359375 0.974609375 0.349609375 0.9775390640625 0.33984375 0.9970703140625 0.3828125 0.9990234359375
2 0.2861328140625 0.859375 0.279296875 0.8701171859375 0.28125 0.9365234359375 0.29296875 0.9462890640625 0.310546875 0.9208984359375 0.322265625 0.8798828140625 0.3095703140625 0.8671875 0.2861328140625 0.859375
2 0 0.3017578140625 0.017578125 0.3134765640625 0.022460935937500003 0.326171875 0.045898435937499996 0.328125 0.0556640640625 0.34375 0.064453125 0.3427734359375 0.068359375 0.3056640640625 0.0625 0.2822265640625 0.052734375 0.2529296859375 0.036132814062500004 0.244140625 0.0234375 0.2646484359375 0.013671875 0.2685546859375 0.013671875 0.2802734359375 0 0.2861328140625 0 0.3017578140625
2 0.1328125 0.4541015640625 0.119140625 0.3974609359375 0.08691406406249999 0.359375 0.08203125 0.4033203140625 0.06542968593750001 0.40625 0.033203125 0.4306640640625 0.0615234359375 0.451171875 0.08105468593750001 0.4375 0.076171875 0.4677734359375 0.09082031406249999 0.474609375 0.1015625 0.4853515640625 0.099609375 0.4970703140625 0.11328125 0.5048828140625 0.12890625 0.4990234359375 0.140625 0.4755859359375 0.140625 0.4599609359375 0.1328125 0.4541015640625
2 0.234375 0.7119140640625 0.234375 0.6904296859375 0.212890625 0.6708984359375 0.203125 0.6474609359375 0.21484375 0.6005859359375 0.2080078140625 0.5859375 0.181640625 0.5693359359375 0.189453125 0.5458984359375 0.17578125 0.5322265640625 0.1875 0.5205078140625 0.1875 0.5087890640625 0.1748046859375 0.5 0.15625 0.5166015640625 0.15234375 0.5439453140625 0.142578125 0.5615234359375 0.146484375 0.5927734359375 0.140625 0.6083984359375 0.171875 0.6669921859375 0.166015625 0.6904296859375 0.1875 0.7236328140625 0.189453125 0.7431640640625 0.181640625 0.7509765640625 0.181640625 0.7626953140625 0.189453125 0.7958984359375 0.19921875 0.7998046859375 0.220703125 0.7626953140625 0.216796875 0.7373046859375 0.220703125 0.7216796859375 0.234375 0.7119140640625
2 0.6220703140625 1 0.662109375 0.9990234359375 0.658203125 0.9873046859375 0.6357421859375 0.970703125 0.62109375 0.9951171859375 0.6220703140625 1
2 0.625 0.8701171859375 0.5986328140625 0.84375 0.5869140640625 0.841796875 0.580078125 0.8466796859375 0.580078125 0.8818359359375 0.595703125 0.9208984359375 0.609375 0.9287109359375 0.6142578140625 0.919921875 0.623046875 0.9189453140625 0.6328125 0.8935546859375 0.625 0.8701171859375
2 0.552734375 0.6435546859375 0.5205078140625 0.611328125 0.509765625 0.6357421859375 0.498046875 0.6416015640625 0.509765625 0.6630859359375 0.509765625 0.6767578140625 0.5 0.6826171859375 0.50390625 0.7119140640625 0.515625 0.7216796859375 0.53515625 0.7021484359375 0.533203125 0.6708984359375 0.546875 0.6591796859375 0.552734375 0.6435546859375
2 0.388671875 0.1396484359375 0.3701171859375 0.125 0.3603515640625 0.146484375 0.337890625 0.1474609359375 0.33984375 0.1865234359375 0.349609375 0.2060546859375 0.34765625 0.2197265640625 0.35546875 0.2236328140625 0.3681640640625 0.220703125 0.37890625 0.2021484359375 0.396484375 0.1884765640625 0.388671875 0.1396484359375
2 0.474609375 0.3134765640625 0.453125 0.3232421859375 0.4501953140625 0.341796875 0.4404296859375 0.322265625 0.4228515640625 0.3203125 0.42578125 0.3095703140625 0.4169921859375 0.310546875 0.41796875 0.3251953140625 0.4072265640625 0.322265625 0.40234375 0.3271484359375 0.40234375 0.3603515640625 0.4208984359375 0.361328125 0.4443359359375 0.3828125 0.4560546859375 0.3828125 0.4677734359375 0.404296875 0.478515625 0.4052734359375 0.486328125 0.3916015640625 0.470703125 0.3779296859375 0.48046875 0.3603515640625 0.474609375 0.3134765640625
2 0.708984375 0.2744140640625 0.71484375 0.2939453140625 0.72265625 0.2958984359375 0.732421875 0.2626953140625 0.7294921859375 0.25 0.720703125 0.2529296859375 0.708984375 0.2744140640625
2 0.904296875 0.9716796859375 0.921875 0.9423828140625 0.8896484359375 0.92578125 0.89453125 0.9677734359375 0.904296875 0.9716796859375
2 0.646484375 0.047851564062500004 0.66796875 0.0556640640625 0.6767578140625 0.013671875 0.6591796859375 0.015625 0.6484375 0.0283203140625 0.646484375 0.047851564062500004
2 0.6728515640625 0.1640625 0.6923828140625 0.1875 0.70703125 0.1884765640625 0.705078125 0.1513671859375 0.6904296859375 0.142578125 0.6640625 0.1689453140625 0.6728515640625 0.1640625
2 0.7314453140625 0.193359375 0.72265625 0.2041015640625 0.720703125 0.2216796859375 0.73046875 0.2470703140625 0.7421875 0.2490234359375 0.748046875 0.2451171859375 0.75 0.2275390640625 0.740234375 0.1962890640625 0.7314453140625 0.193359375
2 0.82421875 0.4912109359375 0.8056640640625 0.486328125 0.80078125 0.4931640640625 0.802734375 0.5244140640625 0.8125 0.5400390640625 0.8271484359375 0.537109375 0.837890625 0.5244140640625 0.826171875 0.5087890640625 0.82421875 0.4912109359375
2 0.861328125 0.8056640640625 0.859375 0.8447265640625 0.904296875 0.8583984359375 0.90234375 0.8115234359375 0.8876953140625 0.794921875 0.8681640640625 0.798828125 0.861328125 0.8056640640625
2 0.8076171859375 0.361328125 0.7822265640625 0.359375 0.75 0.3740234359375 0.759765625 0.4228515640625 0.7705078140625 0.4375 0.783203125 0.4365234359375 0.78515625 0.4091796859375 0.80859375 0.3916015640625 0.8125 0.3642578140625 0.8076171859375 0.361328125
2 0.861328125 0.6767578140625 0.8583984359375 0.65234375 0.8447265640625 0.654296875 0.8310546859375 0.646484375 0.822265625 0.6904296859375 0.828125 0.7294921859375 0.8359375 0.7470703140625 0.845703125 0.7490234359375 0.8740234359375 0.740234375 0.87890625 0.7314453140625 0.875 0.6865234359375 0.861328125 0.6767578140625