2 0.0859375 0.6435546859375 0.0703125 0.6689453140625 0.072265625 0.6806640640625 0.087890625 0.6865234359375 0.103515625 0.6611328140625 0.10546875 0.6416015640625 0.09863281406249999 0.63671875 0.0859375 0.6435546859375
2 0.21875 0.9013671859375 0.232421875 0.8916015640625 0.2275390640625 0.875 0.2080078140625 0.8828125 0.19140625 0.9091796859375 0.20703125 0.9326171859375 0.20703125 0.9658203140625 0.216796875 0.9677734359375 0.2265625 0.9482421859375 0.2265625 0.9208984359375 0.21875 0.9130859359375 0.21875 0.9013671859375
2 0.046875 0.4990234359375 0.024414064062499997 0.4765625 0.00390625 0.4912109359375 0.001953125 0.5341796859375 0.013671875 0.5498046859375 0.0146484359375 0.564453125 0.03515625 0.5654296859375 0.060546875 0.5498046859375 0.060546875 0.5361328140625 0.048828125 0.5283203140625 0.046875 0.4990234359375
2 0.5703125 0.8935546859375 0.580078125 0.8603515640625 0.5576171859375 0.837890625 0.556640625 0.8857421859375 0.5703125 0.8935546859375
2 0.33203125 0.1298828140625 0.33203125 0.1533203140625 0.345703125 0.1787109359375 0.357421875 0.1376953140625 0.3486328140625 0.125 0.3388671859375 0.125 0.33203125 0.1298828140625
2 0.41796875 0.4521484359375 0.404296875 0.4658203140625 0.4091796859375 0.478515625 0.427734375 0.4794921859375 0.4375 0.4775390640625 0.4453125 0.4482421859375 0.4228515640625 0.435546875 0.41796875 0.4521484359375
2 0.517578125 0.7314453140625 0.517578125 0.7451171859375 0.51953125 0.7548828140625 0.5390625 0.7666015640625 0.5517578140625 0.7890625 0.5625 0.7880859359375 0.568359375 0.7783203140625 0.564453125 0.7197265640625 0.5478515640625 0.705078125 0.517578125 0.7314453140625
2 0.7158203140625 0.107421875 0.693359375 0.1318359359375 0.7001953140625 0.1484375 0.71484375 0.1513671859375 0.72265625 0.1943359359375 0.73046875 0.1962890640625 0.7421875 0.1591796859375 0.734375 0.1494140640625 0.728515625 0.11035156406249999 0.7158203140625 0.107421875
2 0.8408203140625 0.326171875 0.82421875 0.3232421859375 0.8193359359375 0.30078125 0.80078125 0.3369140640625 0.80078125 0.3583984359375 0.810546875 0.3759765640625 0.814453125 0.3642578140625 0.8310546859375 0.357421875 0.845703125 0.3369140640625 0.8408203140625 0.326171875
2 0.8623046859375 0.51953125 0.853515625 0.5361328140625 0.857421875 0.5654296859375 0.865234375 0.5693359359375 0.8671875 0.5478515640625 0.890625 0.5361328140625 0.8740234359375 0.517578125 0.8623046859375 0.51953125
2 0.9599609359375 0.68359375 0.9501953140625 0.685546875 0.919921875 0.7197265640625 0.927734375 0.7314453140625 0.9296875 0.7744140640625 0.939453125 0.7763671859375 0.947265625 0.7412109359375 0.962890625 0.7158203140625 0.96484375 0.6904296859375 0.9599609359375 0.68359375
2 1 0.7919921859375 0.9697265640625 0.794921875 0.970703125 0.8134765640625 0.98828125 0.8212890640625 1 0.8173828140625 1 0.7919921859375