2 0.0703125 0.0009765640625 0.0537109359375 0 0.052734375 0.022460935937500003 0.0625 0.036132814062500004 0.056640625 0.06933593593750001 0.06640625 0.09667968593750001 0.07324218593750001 0.103515625 0.087890625 0.10253906406249999 0.091796875 0.08496093593750001 0.078125 0.07519531406249999 0.0703125 0.045898435937499996 0.0703125 0.0009765640625
2 0.123046875 0.2529296859375 0.12890625 0.2548828140625 0.1484375 0.2373046859375 0.1484375 0.2236328140625 0.1259765640625 0.193359375 0.123046875 0.2529296859375
2 0.076171875 0.2255859359375 0.103515625 0.2333984359375 0.107421875 0.1943359359375 0.103515625 0.1767578140625 0.09277343593750001 0.173828125 0.076171875 0.2255859359375
2 0.1435546859375 0.328125 0.1337890640625 0.3359375 0.11621093593750001 0.32421875 0.111328125 0.3623046859375 0.1171875 0.3662109359375 0.1357421859375 0.349609375 0.1640625 0.3486328140625 0.1513671859375 0.34375 0.1435546859375 0.328125
2 0.14453125 0.4169921859375 0.150390625 0.4169921859375 0.162109375 0.4072265640625 0.1640625 0.3916015640625 0.1455078140625 0.37890625 0.14453125 0.4169921859375
2 0.189453125 0.4619140640625 0.185546875 0.4951171859375 0.185546875 0.5107421859375 0.1953125 0.5126953140625 0.2109375 0.5029296859375 0.203125 0.4951171859375 0.2001953140625 0.453125 0.189453125 0.4619140640625
2 0.236328125 0.6396484359375 0.244140625 0.6591796859375 0.251953125 0.6591796859375 0.263671875 0.6357421859375 0.2578125 0.6162109359375 0.2451171859375 0.61328125 0.236328125 0.6396484359375
2 0.30859375 0.7568359359375 0.3203125 0.7275390640625 0.3115234359375 0.71484375 0.2880859359375 0.728515625 0.28125 0.7431640640625 0.30078125 0.7646484359375 0.3046875 0.7958984359375 0.32421875 0.8134765640625 0.330078125 0.7998046859375 0.318359375 0.7880859359375 0.318359375 0.7705078140625 0.30859375 0.7568359359375
2 0.3974609359375 0.05078125 0.388671875 0.0556640640625 0.380859375 0.08300781406249999 0.384765625 0.09667968593750001 0.3974609359375 0.0859375 0.423828125 0.08496093593750001 0.400390625 0.0615234359375 0.3974609359375 0.05078125
2 0.412109375 0.1396484359375 0.423828125 0.1923828140625 0.431640625 0.1943359359375 0.439453125 0.1533203140625 0.4296875 0.1337890640625 0.4150390640625 0.126953125 0.412109375 0.1396484359375
2 0.4599609359375 0.228515625 0.45703125 0.2412109359375 0.46484375 0.2587890640625 0.455078125 0.2763671859375 0.46484375 0.2958984359375 0.47265625 0.2978515640625 0.482421875 0.2841796859375 0.474609375 0.2529296859375 0.478515625 0.2333984359375 0.4599609359375 0.228515625
2 0.6494140640625 0.787109375 0.6337890640625 0.791015625 0.6083984359375 0.7734375 0.60546875 0.7783203140625 0.626953125 0.8154296859375 0.626953125 0.8583984359375 0.6455078140625 0.86328125 0.65625 0.8955078140625 0.66796875 0.8994140640625 0.666015625 0.8701171859375 0.65234375 0.8505859359375 0.662109375 0.7978515640625 0.6494140640625 0.787109375
2 0.71484375 0.07910156406249999 0.70703125 0.09472656406249999 0.7255859359375 0.09375 0.736328125 0.10058593593750001 0.73828125 0.09082031406249999 0.7265625 0.06738281406249999 0.7138671859375 0.0625 0.71484375 0.07910156406249999
2 0.74609375 0.1591796859375 0.736328125 0.1435546859375 0.740234375 0.1259765640625 0.7353515640625 0.123046875 0.724609375 0.1298828140625 0.71484375 0.1533203140625 0.73046875 0.1708984359375 0.75390625 0.2255859359375 0.765625 0.2294921859375 0.771484375 0.1962890640625 0.7509765640625 0.185546875 0.744140625 0.1748046859375 0.74609375 0.1591796859375
2 0.8125 0.3603515640625 0.7998046859375 0.3515625 0.794921875 0.4033203140625 0.806640625 0.4248046859375 0.818359375 0.4306640640625 0.830078125 0.3818359359375 0.8251953140625 0.37890625 0.8134765640625 0.388671875 0.8125 0.3603515640625
0 0.8232421859375 0.474609375 0.8056640640625 0.462890625 0.796875 0.4365234359375 0.7861328140625 0.427734375 0.775390625 0.4677734359375 0.763671875 0.4755859359375 0.767578125 0.5009765640625 0.7724609359375 0.50390625 0.7900390640625 0.4921875 0.802734375 0.5068359359375 0.8095703140625 0.48828125 0.8349609359375 0.490234375 0.837890625 0.4755859359375 0.8232421859375 0.474609375
2 0.916015625 0.8681640640625 0.92578125 0.8701171859375 0.953125 0.8466796859375 0.9521484359375 0.83203125 0.916015625 0.8330078140625 0.916015625 0.8681640640625