2 0.86306786875 0.22389534218749998 0.874701546875 0.2209893 0.8794743546875001 0.2119541390625 0.8595628765625 0.21300647499999997 0.8485631093749999 0.2059505015625 0.8366124765625 0.21383755 0.8387564828125 0.2221252875 0.86306786875 0.22389534218749998
2 0.4567463359375 0.49205502343749996 0.4401907359375 0.4883476078125 0.42881806562499997 0.493149184375 0.42891122968750006 0.51567434375 0.434411115625 0.5192023296875 0.455478515625 0.5119790515625 0.4567463359375 0.49205502343749996
2 0.9127533984375 0.19873934375 0.8922080109375001 0.209753696875 0.92433113125 0.20270984531249997 0.9467035671874999 0.20496424218749998 0.9448765171875 0.1916954984375 0.9376986953124999 0.1905473875 0.9328886687500001 0.17018084375 0.916016115625 0.17145443437500002 0.9127533984375 0.19873934375
2 0.7474394249999999 0.30179715625000003 0.724955090625 0.3132958453125 0.7232212062500001 0.3225522640625 0.7328599921875 0.3270071015625 0.778499784375 0.3234494140625 0.7896673984375 0.309875759375 0.7872623828124999 0.2996924875 0.7823404609375 0.2930790296875 0.749751275 0.28945526718750003 0.7474394249999999 0.30179715625000003
2 0.634327896875 0.3761291578125 0.6382430046875001 0.40456217812500006 0.653698628125 0.4075639984375 0.6723050703125 0.3970339890625 0.679855796875 0.3863245484375 0.6741508546875 0.3740244890625 0.6779355796875 0.350530646875 0.669135765625 0.34488586875 0.6483293734375 0.35400468281249997 0.634327896875 0.3761291578125
2 0.112377928125 0.7221906515625001 0.14213325000000002 0.7343652359374999 0.1494601859375 0.7511619625 0.16109386406249998 0.748255921875 0.17955119218749999 0.72207729375 0.200357590625 0.7129584796875 0.1990525546875 0.70348080625 0.172280203125 0.698404021875 0.13737916875 0.70712215 0.112377928125 0.7221906515625001
2 0 0.77573618125 0.035174245312500005 0.765984959375 0.043340146875 0.7815917531250001 0.064668559375 0.776264009375 0.07829713125 0.7659970859375 0.09041560781249999 0.7374804078125 0.08748857812500001 0.72350606875 0.0617602640625 0.7260114234375 0.040580965625 0.7469877859375 0 0.7590015343750001 0 0.77573618125
2 0.31494199843750004 0.627474528125 0.3150538953125 0.61372144375 0.267214146875 0.6158679390625 0.243797675 0.6060314046874999 0.232163996875 0.608937446875 0.227335240625 0.624849146875 0.237179084375 0.6380760640625 0.20673390625 0.6427400375000001 0.19388835468750001 0.6586935703125001 0.1935154515625 0.67055111875 0.20975409531250003 0.679239540625 0.225265665625 0.67536481875 0.2401061140625 0.65205040625 0.31494199843750004 0.627474528125
2 0.3989683484375 0.96824040625 0.41777984687499997 0.9664824734374999 0.43754221875 0.94978151875 0.4381761234375 0.9398195062499999 0.41826464531249996 0.9408718390624999 0.3989683484375 0.96824040625
2 0.57226189375 0.8357390640625001 0.56601620625 0.8559261796875001 0.602278221875 0.849809184375 0.600451171875 0.8365404390625001 0.5957902578125001 0.831822515625 0.57226189375 0.8357390640625001
2 0.963697421875 0.5650478375 0.9564719921875 0.567220525 0.9455653890625 0.5826897125 0.9628186281250001 0.5801361218750001 0.963697421875 0.5650478375
2 0.9068236796875 0.621778225 0.8986949890625 0.6355731359375 0.9499465671875 0.621790346875 0.9608549703125 0.6138508375 0.9615910609375 0.6012126359375001 0.9448755296875 0.5995282703125 0.9099744953125001 0.608246396875 0.9019017578125 0.615164765625 0.9068236796875 0.621778225
2 0.8061660609375 0.728292490625 0.8223674921875 0.7075792078124999 0.8219014250000001 0.6969115984375 0.7926681171875 0.688528084375 0.7752176015625001 0.6928871484375 0.7693448140625 0.7012167093749999 0.7782937390625 0.72251010625 0.8061660609375 0.728292490625
2 0.7022087640625 0.730731771875 0.69303605 0.7369445406249999 0.67400075625 0.76620864375 0.6780649750000001 0.8102902796875 0.707988140625 0.8018352390624999 0.7210946984375 0.78777724375 0.7234624953125001 0.7685588140624999 0.7138237125 0.764103975 0.7123695640625 0.7389776796875 0.7022087640625 0.730731771875
2 0.4978361265625 0.8778590984375001 0.4977055015625 0.9278904265625 0.5383674296875001 0.9245958203125 0.560497590625 0.8886764375 0.5583535828125 0.8803886999999999 0.5362981 0.8731532953125001 0.5338930890625 0.8629700250000001 0.521625496875 0.8758380828125001 0.4978361265625 0.8778590984375001
2 0.184213340625 0.2170042515625 0.1582240140625 0.2176140734375 0.152351228125 0.2259436375 0.184213340625 0.2170042515625
2 0.2205313046875 0.2040107171875 0.192864040625 0.2070004125 0.1872522640625 0.2172255125 0.217697440625 0.2125615375 0.2205313046875 0.2040107171875
2 0.1248515640625 0.31026189843749996 0.14629186875 0.291181071875 0.1466647671875 0.279323521875 0.140064909375 0.2750899375 0.11873649687500001 0.2804176828125 0.10568588906250001 0.287599134375 0.1025350703125 0.3011309640625 0.1248515640625 0.31026189843749996