2 0.01171875 0.7099609359375 0.009765625 0.7431640640625 0.021484375 0.7587890640625 0.033203125 0.7412109359375 0.029296875 0.7041015640625 0.022460935937500003 0.697265625 0.01171875 0.7099609359375
2 0.0625 0.9169921859375 0.078125 0.9365234359375 0.095703125 0.9208984359375 0.08496093593750001 0.904296875 0.07324218593750001 0.904296875 0.0625 0.9169921859375
2 0.35546875 0.7626953140625 0.345703125 0.7880859359375 0.353515625 0.8056640640625 0.349609375 0.8330078140625 0.3740234359375 0.85546875 0.3828125 0.8544921859375 0.384765625 0.7998046859375 0.373046875 0.7607421859375 0.3642578140625 0.759765625 0.35546875 0.7626953140625
2 0.205078125 0.3076171859375 0.2158203140625 0.322265625 0.22265625 0.3212890640625 0.23046875 0.3076171859375 0.2119140640625 0.28515625 0.205078125 0.2900390640625 0.205078125 0.3076171859375
2 0.15625 0.0517578140625 0.158203125 0.0009765640625 0.1455078140625 0 0.13671875 0.022460935937500003 0.15625 0.0517578140625
2 0.1708984359375 0.095703125 0.1533203140625 0.08984375 0.146484375 0.09667968593750001 0.1484375 0.10839843593750001 0.171875 0.1435546859375 0.171875 0.1708984359375 0.166015625 0.1708984359375 0.171875 0.2158203140625 0.1826171859375 0.232421875 0.19921875 0.2373046859375 0.203125 0.2060546859375 0.17578125 0.1474609359375 0.17578125 0.10449218593750001 0.1708984359375 0.095703125
2 0.2568359359375 0.466796875 0.2578125 0.4990234359375 0.26953125 0.5029296859375 0.27734375 0.4951171859375 0.275390625 0.4794921859375 0.2705078140625 0.470703125 0.2568359359375 0.466796875
2 0.32421875 0.6279296859375 0.330078125 0.6708984359375 0.33984375 0.6767578140625 0.34765625 0.6337890640625 0.33984375 0.6103515640625 0.3310546859375 0.60546875 0.32421875 0.6279296859375
2 0.271484375 0.5986328140625 0.318359375 0.6103515640625 0.310546875 0.5732421859375 0.2763671859375 0.529296875 0.271484375 0.5380859359375 0.271484375 0.5986328140625
2 0.43359375 0.8994140640625 0.4150390640625 0.896484375 0.408203125 0.9130859359375 0.421875 0.9501953140625 0.4326171859375 0.95703125 0.435546875 0.9501953140625 0.4375 0.9990234359375 0.46484375 0.9990234359375 0.466796875 0.9658203140625 0.458984375 0.9404296859375 0.4365234359375 0.9375 0.43359375 0.8994140640625
2 0.486328125 0.1708984359375 0.4921875 0.1708984359375 0.5 0.1572265640625 0.4951171859375 0.138671875 0.484375 0.1435546859375 0.486328125 0.1708984359375
2 0.501953125 0.2158203140625 0.51171875 0.2236328140625 0.51953125 0.2001953140625 0.5146484359375 0.185546875 0.5 0.1982421859375 0.501953125 0.2158203140625
2 0.55859375 0.3408203140625 0.5625 0.3154296859375 0.5576171859375 0.310546875 0.546875 0.3330078140625 0.55859375 0.3408203140625
2 0.546875 0.4013671859375 0.546875 0.3662109359375 0.5283203140625 0.3515625 0.5390625 0.3994140640625 0.546875 0.4013671859375
2 0.599609375 0.4990234359375 0.609375 0.4912109359375 0.5947265640625 0.47265625 0.591796875 0.4853515640625 0.599609375 0.4990234359375
2 0.6240234359375 0.6015625 0.61328125 0.6142578140625 0.61328125 0.6259765640625 0.63671875 0.6416015640625 0.650390625 0.6298828140625 0.650390625 0.6123046859375 0.6435546859375 0.603515625 0.6240234359375 0.6015625
2 0.767578125 0.9990234359375 0.7685546859375 0.958984375 0.7421875 0.9951171859375 0.7431640640625 1 0.767578125 0.9990234359375
2 0.84375 0.3837890640625 0.853515625 0.4013671859375 0.8671875 0.4072265640625 0.87109375 0.3974609359375 0.865234375 0.3642578140625 0.8564453140625 0.361328125 0.84375 0.3837890640625
2 0.8125 0.1962890640625 0.8125 0.1708984359375 0.8095703140625 0.166015625 0.7978515640625 0.16796875 0.791015625 0.1728515640625 0.791015625 0.1865234359375 0.802734375 0.2060546859375 0.8046875 0.2490234359375 0.7822265640625 0.24609375 0.779296875 0.2529296859375 0.80859375 0.2705078140625 0.814453125 0.2978515640625 0.8447265640625 0.328125 0.8515625 0.3271484359375 0.845703125 0.2392578140625 0.82421875 0.2333984359375 0.82421875 0.2177734359375 0.8125 0.1962890640625
2 0.7333984359375 0 0.734375 0.0517578140625 0.7421875 0.06347656406249999 0.736328125 0.08300781406249999 0.7421875 0.08886718593750001 0.744140625 0.12011718593750001 0.7490234359375 0.130859375 0.7578125 0.1259765640625 0.7548828140625 0.140625 0.7626953140625 0.138671875 0.7734375 0.1474609359375 0.783203125 0.11621093593750001 0.7890625 0.041992185937499996 0.7685546859375 0 0.7333984359375 0