2 0.43359375 0.1474609359375 0.435546875 0.1298828140625 0.4267578140625 0.125 0.41796875 0.1396484359375 0.43359375 0.1474609359375
2 0.58203125 0.5751953140625 0.578125 0.6025390640625 0.591796875 0.6103515640625 0.59375 0.5810546859375 0.5771484359375 0.5625 0.576171875 0.5732421859375 0.58203125 0.5751953140625
2 0.3828125 0.024414064062499997 0.390625 0.0283203140625 0.408203125 0.0146484359375 0.4130859359375 0 0.38671875 0.0009765640625 0.3828125 0.024414064062499997
2 0.013671875 0.9990234359375 0.044921875 0.9521484359375 0.045898435937499996 0.9375 0.001953125 0.9970703140625 0.013671875 0.9990234359375
2 0.52734375 0.5322265640625 0.53515625 0.5361328140625 0.5546875 0.5302734359375 0.5439453140625 0.486328125 0.52734375 0.5029296859375 0.52734375 0.5322265640625
2 0.607421875 0.8349609359375 0.607421875 0.8447265640625 0.619140625 0.8486328140625 0.64453125 0.8330078140625 0.6298828140625 0.80078125 0.623046875 0.8017578140625 0.607421875 0.8349609359375
2 0.62890625 0.6591796859375 0.6162109359375 0.607421875 0.6025390640625 0.609375 0.5859375 0.6396484359375 0.5625 0.6591796859375 0.5673828140625 0.6796875 0.59375 0.6806640640625 0.5927734359375 0.65625 0.6220703140625 0.658203125 0.6259765640625 0.666015625 0.62890625 0.6591796859375
2 0.09082031406249999 0.283203125 0.068359375 0.3037109359375 0.076171875 0.3447265640625 0.064453125 0.3525390640625 0.05859375 0.3720703140625 0.06542968593750001 0.384765625 0.080078125 0.3837890640625 0.099609375 0.3720703140625 0.091796875 0.3212890640625 0.107421875 0.2900390640625 0.09082031406249999 0.283203125
2 0.2255859359375 0.671875 0.1884765640625 0.671875 0.19140625 0.6865234359375 0.18359375 0.7060546859375 0.189453125 0.7177734359375 0.22265625 0.7392578140625 0.244140625 0.7177734359375 0.24609375 0.7080078140625 0.23046875 0.7001953140625 0.2255859359375 0.671875
2 0.689453125 0.8759765640625 0.6787109359375 0.87109375 0.6640625 0.8837890640625 0.66015625 0.9150390640625 0.671875 0.9501953140625 0.671875 0.9775390640625 0.68359375 0.9814453140625 0.703125 0.9599609359375 0.705078125 0.9384765640625 0.693359375 0.9169921859375 0.689453125 0.8759765640625
2 0.2998046859375 0.904296875 0.2802734359375 0.923828125 0.275390625 0.8935546859375 0.2646484359375 0.88671875 0.23828125 0.9091796859375 0.2578125 0.9267578140625 0.2744140640625 0.95703125 0.3115234359375 0.953125 0.318359375 0.9990234359375 0.33984375 0.9990234359375 0.3359375 0.9482421859375 0.341796875 0.9248046859375 0.3349609359375 0.916015625 0.2998046859375 0.904296875
2 0.1904296859375 0.54296875 0.1728515640625 0.544921875 0.1689453140625 0.53125 0.154296875 0.5302734359375 0.154296875 0.4990234359375 0.1435546859375 0.48828125 0.1328125 0.5146484359375 0.1328125 0.5419921859375 0.12109375 0.5517578140625 0.107421875 0.5810546859375 0.11816406406249999 0.59375 0.17578125 0.6103515640625 0.18359375 0.6064453140625 0.18359375 0.5830078140625 0.19921875 0.5517578140625 0.1904296859375 0.54296875
2 0.4833984359375 0.208984375 0.478515625 0.2021484359375 0.482421875 0.1533203140625 0.4755859359375 0.142578125 0.4541015640625 0.154296875 0.4462890640625 0.16796875 0.4384765640625 0.166015625 0.42578125 0.1767578140625 0.42578125 0.2001953140625 0.439453125 0.2216796859375 0.439453125 0.2431640640625 0.4501953140625 0.259765625 0.466796875 0.2607421859375 0.4921875 0.2470703140625 0.50390625 0.2197265640625 0.4970703140625 0.205078125 0.4833984359375 0.208984375
2 0.890625 0.5341796859375 0.8935546859375 0.49609375 0.8828125 0.5068359359375 0.884765625 0.5322265640625 0.890625 0.5341796859375
2 1 0.7529296859375 0.9736328140625 0.740234375 0.962890625 0.7666015640625 0.966796875 0.7900390640625 0.984375 0.8134765640625 0.98828125 0.8447265640625 1 0.8564453140625 1 0.7529296859375
2 0.875 0.4228515640625 0.875 0.4091796859375 0.888671875 0.3896484359375 0.892578125 0.3681640640625 0.8876953140625 0.359375 0.8720703140625 0.361328125 0.8505859359375 0.333984375 0.845703125 0.3662109359375 0.853515625 0.4248046859375 0.8671875 0.4462890640625 0.87109375 0.4716796859375 0.888671875 0.4775390640625 0.90625 0.4560546859375 0.90234375 0.4423828140625 0.8798828140625 0.435546875 0.875 0.4228515640625