2 0.2178956171875 0.7319586203124999 0.2120740390625 0.7248710109375 0.1786614046875 0.741388053125 0.17952443906249999 0.7561658078125 0.16020285625 0.76924775625 0.19559785624999998 0.773446903125 0.2024916953125 0.7658250843750001 0.22377995624999997 0.7665767109375 0.22653121406249999 0.760774934375 0.21405640468749998 0.7455872 0.2178956171875 0.7319586203124999
2 0.9469061015625 0.4961792703125 0.9577176015625 0.5093419734375 0.9654587875 0.50961529375 0.97566355625 0.4991609171875 0.9797276874999999 0.462927771875 0.9681159109375 0.46251779531250004 0.9637170328125 0.47317715781249997 0.94881001875 0.4824823625 0.9469061015625 0.4961792703125
2 0.81869533125 0.52311340625 0.88094386875 0.5439911125 0.8858867234375 0.52941834375 0.9024570453124999 0.5221381734375 0.9189803015625 0.49421014375 0.868390609375 0.4943902765625 0.8593051718750001 0.5107830890625 0.8432945140625 0.5210324749999999 0.81869533125 0.52311340625
2 0.7974906796875 0.8015800046875 0.8060948968750001 0.8166310812500001 0.8279271343750001 0.813469303125 0.8287430984374999 0.8075991968749999 0.8148926578125 0.795312353125 0.7974906796875 0.8015800046875
2 0.324483384375 0.6786990765625001 0.3369581921875 0.6938868109375 0.3590937953125 0.702533571875 0.3767206953125 0.6736613546875 0.3675881859375 0.6694063031249999 0.324483384375 0.6786990765625001
2 0.6935705671875 0.5698195484374999 0.7051980359375001 0.5771121484374999 0.7248229859374999 0.575838740625 0.73888265625 0.558638403125 0.7233689046875 0.5443265265624999 0.6935705671875 0.5698195484374999
0 0.6340210640625 0.27768708750000004 0.62354430625 0.2900981671875 0.63710706875 0.2974590921875 0.6854580953125 0.285402090625 0.64675216875 0.2840355 0.6340210640625 0.27768708750000004
0 0.3828823875 0.2235951234375 0.3538215640625 0.20880494062500002 0.3151156390625 0.20743834843750003 0.2966257109375 0.22153280937500003 0.29691338749999996 0.22645872812499998 0.31433105625 0.22707369531250002 0.318233025 0.24097559531249998 0.34780644843749997 0.238087134375 0.37605130625 0.2587474234375 0.4191718 0.25633727031250003 0.43404743593750006 0.23326682812500002 0.3828823875 0.2235951234375
2 0.058788239062500004 0.3026023453125 0.063746784375 0.29491219687500003 0.0438027734375 0.2774944453125 0.0299209546875 0.2514423546875 0.038190423437499996 0.2409196515625 0.06250193125 0.2339128 0.0669008109375 0.22325343593750002 0.056648975000000004 0.213059946875 0.0480133796875 0.1842436328125 0.0245178359375 0.18538038125 0.0057349625 0.3135101703125 0.04279326875 0.319734353125 0.043865532812500004 0.30502492812500004 0.058788239062500004 0.3026023453125
2 0.3586441703125 0.020209957812500002 0.349752275 0.00023296406250000002 0.2977869515625 0.0033139874999999997 0.31939426875 0.0227567703125 0.3586441703125 0.020209957812500002
2 0.43091754218749995 0 0.43714397343750006 0.0151163328125 0.4526263421875 0.01566296875 0.476090503125 0.0007609812500000001 0.4878182625 0 0.43091754218749995 0