2 0.080078125 0.3388671859375 0.06738281406249999 0.322265625 0.049804685937499996 0.326171875 0.032226564062500004 0.30078125 0.033203125 0.3291015640625 0.0078125 0.3466796859375 0.022460935937500003 0.361328125 0.041015625 0.3623046859375 0.049804685937499996 0.3515625 0.0576171859375 0.359375 0.06933593593750001 0.35546875 0.080078125 0.3388671859375
2 0.578125 0.7509765640625 0.58984375 0.7548828140625 0.591796875 0.7060546859375 0.5791015640625 0.6953125 0.57421875 0.7021484359375 0.578125 0.7509765640625
2 0.630859375 0.8388671859375 0.634765625 0.8193359359375 0.6298828140625 0.814453125 0.625 0.8369140640625 0.59765625 0.8564453140625 0.599609375 0.8681640640625 0.61328125 0.8740234359375 0.6455078140625 0.8671875 0.650390625 0.8603515640625 0.650390625 0.8525390640625 0.630859375 0.8388671859375
2 0.42578125 0.3779296859375 0.435546875 0.3876953140625 0.4453125 0.3701171859375 0.4345703140625 0.353515625 0.42578125 0.3642578140625 0.42578125 0.3779296859375
2 0.419921875 0.4677734359375 0.4228515640625 0.478515625 0.431640625 0.4775390640625 0.44140625 0.4658203140625 0.4404296859375 0.427734375 0.42578125 0.4384765640625 0.419921875 0.4677734359375
2 0.4189453140625 0.291015625 0.40625 0.2998046859375 0.4033203140625 0.310546875 0.384765625 0.3134765640625 0.390625 0.3310546859375 0.380859375 0.3486328140625 0.3896484359375 0.35546875 0.408203125 0.3544921859375 0.423828125 0.3427734359375 0.42578125 0.3330078140625 0.427734375 0.3115234359375 0.4189453140625 0.291015625
2 0.3359375 0.07519531406249999 0.3359375 0.10644531406249999 0.341796875 0.10839843593750001 0.353515625 0.09277343593750001 0.353515625 0.07714843593750001 0.3447265640625 0.0703125 0.3359375 0.07519531406249999
2 0.3037109359375 0 0.29296875 0.0126953140625 0.29296875 0.0263671859375 0.310546875 0.034179685937499996 0.3251953140625 0.02734375 0.328125 0.016601564062499997 0.3232421859375 0.00390625 0.3037109359375 0
2 0.638671875 0.9619140640625 0.66015625 0.9658203140625 0.6640625 0.9521484359375 0.6533203140625 0.939453125 0.6455078140625 0.939453125 0.638671875 0.9619140640625
2 0.8720703140625 0.51171875 0.8505859359375 0.509765625 0.849609375 0.5166015640625 0.865234375 0.5244140640625 0.8671875 0.5400390640625 0.87890625 0.5537109359375 0.87109375 0.5751953140625 0.876953125 0.5966796859375 0.8857421859375 0.603515625 0.900390625 0.6025390640625 0.90625 0.5908203140625 0.900390625 0.5419921859375 0.8828125 0.5361328140625 0.8720703140625 0.51171875
2 0.75 0.08300781406249999 0.751953125 0.09667968593750001 0.759765625 0.09863281406249999 0.765625 0.0556640640625 0.7607421859375 0.037109375 0.751953125 0.0556640640625 0.75 0.08300781406249999
2 0.9326171859375 0.650390625 0.919921875 0.6591796859375 0.919921875 0.6669921859375 0.9345703140625 0.6953125 0.953125 0.6982421859375 0.955078125 0.6826171859375 0.943359375 0.6630859359375 0.9453125 0.6533203140625 0.9326171859375 0.650390625