2 0.5275151499999999 0.21649175937499998 0.5433655484375 0.2275237265625 0.5509937171875 0.244278703125 0.5645290140625 0.246470471875 0.5663933203125 0.2337922078125 0.5856991734375 0.2233738921875 0.5934228546875 0.21079790156249997 0.5763910328125 0.20267857500000003 0.581526465625 0.18516863125 0.569172590625 0.18006422187499999 0.55177210625 0.2051821125 0.5319677031250001 0.20874744218750002 0.5275151499999999 0.21649175937499998
2 0.6900409468750001 0.1714186859375 0.69935578125 0.1500706828125 0.6847756296874999 0.148838428125 0.6150504999999999 0.1671764609375 0.6001494390625 0.18451594375 0.6519277875 0.1991083 0.6951696890625 0.195952071875 0.7126589921875001 0.1835465390625 0.6900409468750001 0.1714186859375
2 0.7863448234375 0.108567884375 0.780301115625 0.125084215625 0.760769865625 0.124743296875 0.754364190625 0.13245352187499998 0.7222947343749999 0.1436268 0.71770560625 0.15332424218750001 0.779659303125 0.1622276828125 0.8156350078125 0.15112258750000002 0.843709390625 0.1271687640625 0.851706221875 0.11068652500000001 0.892858425 0.10944933125 0.8908164796875001 0.09670287968749999 0.9057175359375 0.0793634 0.8815083359375 0.0760075625 0.8594776609375 0.08344505156250001 0.8502583359375 0.0754620921875 0.8191449125 0.0729634953125 0.7863448234375 0.108567884375
2 0 0.45374241875 0.011262629687500001 0.44018610156250004 0.029250485937499997 0.434633553125 0.06123111875 0.4107479140625 0.033798546875 0.3975582703125 0.0199901 0.3992727515625 0.0109484171875 0.41671450937500004 0 0.41597339218749996 0 0.45374241875
2 0.0977598203125 0.3497869953125 0.0899473203125 0.349650628125 0.051472184374999994 0.36853413125 0.048836184375 0.3782656640625 0.0655948515625 0.390291240625 0.1297748265625 0.395322525 0.18360180625 0.38061800625000003 0.22852368437499998 0.3814021203125 0.24823926406250002 0.3651244328125 0.25210445 0.337814775 0.233754625 0.33456121250000004 0.21354049531250002 0.34398591875 0.148677646875 0.3487202609375 0.12555435937499998 0.3717827484375 0.113835609375 0.371578196875 0.0977598203125 0.3497869953125
2 0 0.091921703125 0.022495309375 0.0698132234375 0 0.05089531562500001 0 0.091921703125
2 0.315636828125 0.70167064375 0.327676484375 0.6833034640625 0.3029209796875 0.6877601249999999 0.2738017453125 0.7126734640625 0.2933329953125 0.7130143828125 0.315636828125 0.70167064375
2 0.17923229062499998 0.7227558015625 0.179047959375 0.7393744109375 0.195444659375 0.742593878125 0.23850891875000002 0.714012934375 0.255315346875 0.7113730265625 0.20766864687500003 0.7076080874999999 0.17923229062499998 0.7227558015625
2 0.5074594953125 0.65710895 0.5031912765625 0.648234659375 0.478210375 0.6419320890625 0.41444013281250003 0.63104143125 0.39449915468749996 0.6365598875 0.4070784203125 0.6524235296875001 0.424246821875 0.6585897328125 0.48256741875 0.663518740625 0.5074594953125 0.65710895
2 0.7549323890624999 0.557786634375 0.76855650625 0.5726907609375 0.786271209375 0.5710444625 0.7925880671875001 0.55062188125 0.8128021953125 0.5411971734375001 0.781463378125 0.5279393453125001 0.7711103859375 0.50820354375 0.7541673828125 0.5127965734375 0.74980365 0.53325325 0.7579781203125 0.5421957265625 0.7549323890624999 0.557786634375
2 0.64637015 0.5862020609374999 0.7013308015625 0.583250384375 0.7220912328125 0.5660131796875 0.7468467359375001 0.5615565171875 0.717051315625 0.554192153125 0.706288596875 0.5403157265625 0.698476096875 0.540179359375 0.6722660140625 0.5514549140625 0.6615443609375 0.5649563296875 0.6343371875 0.5625259171875 0.6296114828125 0.574176484375 0.64637015 0.5862020609374999
2 0.8582770671875 0.49212546250000005 0.8740797046875001 0.5178229156249999 0.8856618781250001 0.5199805921875 0.90573943125 0.5125090109375 0.9103285609375 0.5028115703125 0.9337660609375 0.5032206734375 0.95738789375 0.48701116874999995 0.9463520234375 0.47704098906250003 0.95176060625 0.4556248015625 0.9336839328125001 0.4484649890625 0.8963424703125 0.479101334375 0.8631393484375 0.478521771875 0.8582770671875 0.49212546250000005
2 0.8836007703125001 0.9130019125000001 0.864342671875 0.9087547421875 0.8388565343750001 0.9376425140625001 0.8639740046875 0.941991959375 0.87610248125 0.9363371359375 0.9031730796874999 0.9407206734375 0.9044910843749999 0.9358549078125 0.8836007703125001 0.9130019125000001
2 0.7612778375 0.9284663375 0.73206978125 0.9406673187499999 0.7318854499999999 0.9572859265625 0.742921321875 0.967256103125 0.75659319375 0.9674947453125 0.779941875 0.9551914890625 0.7807613296875 0.9434727390625 0.7612778375 0.9284663375
2 0.40731629218750004 0.2994583171875 0.393692171875 0.2845541921875 0.3745706484375 0.278353896875 0.36707236718749997 0.301689121875 0.401818890625 0.30816215156250004 0.40731629218750004 0.2994583171875