2 0.9204235000000001 0.2717634015625 0.921440915625 0.2649258578125 0.8970861171875001 0.2501195984375 0.8764824796875 0.26270901874999997 0.8754195609375 0.277367403125 0.90661190625 0.2931910765625 0.9115397453125 0.28637628125000003 0.9057309921875 0.27656611249999996 0.9204235000000001 0.2717634015625
2 0.8017750265625001 0.3326642984375 0.7920558546875001 0.32283137812499996 0.8097437390625 0.30729208125 0.75207075625 0.3059789109375 0.710852109375 0.3331129640625 0.7381226625 0.350869096875 0.779250309375 0.33937671875 0.7948806078125 0.34142292812499997 0.8017750265625001 0.3326642984375
2 0.5325185703125 0.4024653640625 0.53831594375 0.41423074375 0.5656547484375001 0.420255621875 0.5833995109375001 0.394940278125 0.6146373578125 0.40294311718750003 0.6157344 0.38241910625000003 0.6236121109375 0.3726885625 0.5679057125 0.3694315578125 0.5384638203125001 0.3888130234375 0.5071918484375 0.3866758125 0.5052025171875 0.39253006562500004 0.5325185703125 0.4024653640625
2 0.1016104125 0.5309618640625 0.125038796875 0.5369639937499999 0.133911175 0.52430631875 0.10561183125 0.515342940625 0.1016104125 0.5309618640625
2 0.23644021875000001 0.545433209375 0.251189603125 0.5308544546875 0.251314728125 0.50934715 0.23674734687500001 0.492642559375 0.222992634375 0.5042941890625 0.1956310796875 0.5021797296875 0.19363036718749999 0.5099891921874999 0.210152959375 0.526705159375 0.2168881265625 0.545319459375 0.23644021875000001 0.545433209375
2 0.0664052703125 0.532712321875 0.050752221875 0.53457653125 0.026110921875 0.56061195625 0.027556340625 0.591645678125 0.0406349203125 0.59317593125 0.052434426562500004 0.581512928125 0.07691435468749999 0.5748118828125001 0.0664052703125 0.532712321875
2 0.3093175921875 0.453959253125 0.321026096875 0.457937921875 0.3307225140625 0.4716812609375 0.35522519531249996 0.4610698015625 0.330881765625 0.44430833437499995 0.31328488593750003 0.4442059578125 0.3093175921875 0.453959253125
2 0.226801978125 0.1856064609375 0.21710556093750003 0.171863121875 0.209079971875 0.2070113875 0.21884464062500003 0.2090234734375 0.2286661890625 0.2012595109375 0.2295584796875 0.2159292671875 0.23833985625 0.2189132703125 0.24620619375000002 0.21113793281249998 0.275545709375 0.20935335 0.27461929218750003 0.20054921874999998 0.2883626328125 0.1908528015625 0.273852125 0.1643721625 0.258176325 0.1701467890625 0.24439886406250003 0.1857088375 0.226801978125 0.1856064609375
2 0.10934154843749999 0.210341678125 0.08783425 0.2102165515625 0.08096257812499999 0.2150647609375 0.0828495375 0.22680739062500002 0.07306211562500001 0.22870572656250002 0.074949075 0.24044835781249999 0.06805465625 0.249206984375 0.09339274843749999 0.2630413265625 0.1277055984375 0.246621109375 0.10934154843749999 0.210341678125
2 0.309080015625 0.1587112859375 0.310978353125 0.1684987078125 0.34228445 0.16477029062499998 0.358977665625 0.1521581203125 0.358039875 0.1453092 0.33455461406250003 0.149083115625 0.3267792765625 0.1412167796875 0.29157413593750003 0.1429672359375 0.29154001093750004 0.14883286406250001 0.2954049296875 0.1566764515625 0.309080015625 0.1587112859375
2 0.518765159375 0.0778096328125 0.5383172515625 0.0779233828125 0.5403975828124999 0.056427456249999994 0.5696347234375 0.07223975625 0.5794107671875001 0.07229663124999999 0.5902383578125 0.0596503359375 0.574687684375 0.043917660937500005 0.57378401875 0.0312031125 0.5542205515624999 0.033044571875 0.542546171875 0.023200275 0.5051469421875 0.0659987515625 0.518765159375 0.0778096328125
2 0.6598434515625 0 0.6560279312499999 0.0101735640625 0.6795018171875 0.00835485625 0.6970418234375 0.0182332765625 0.7062914499999999 0 0.6598434515625 0
2 0.1664153890625 0.8187643734375 0.1877975625 0.8403968 0.2299995 0.8122908328125 0.19383381875 0.8111027859375 0.1664153890625 0.8187643734375
2 0.1400257515625 0.817633203125 0.12536736875 0.8165702874999999 0.105747025 0.8281877921874999 0.0890083109375 0.8486207984374999 0.0899461 0.8554697203125 0.09969940000000001 0.8594370140625 0.1095095671875 0.8536282625 0.13998025 0.8254540406249999 0.1400257515625 0.817633203125
2 0.3043998265625 0.7951261984375 0.2897528171875 0.7921080734375 0.2642213515625 0.8115122890625001 0.28184098125 0.807704246875 0.2846429828125 0.8302062125 0.289525315625 0.8312122578125001 0.30426332500000003 0.8185887093750001 0.3043998265625 0.7951261984375
2 0.6871835468749999 0.7044775890625 0.7321419796875 0.7066944265624999 0.7390250265625 0.6998910031250001 0.7244576453125 0.6831864140625 0.7068948890625 0.6772184109375 0.6862457531249999 0.697628671875 0.6871835468749999 0.7044775890625
2 0.5921682078125 0.7361868515625 0.5725364921875 0.7497595625 0.5851259140625 0.7703631984375 0.60270004375 0.7743759921875 0.61055500625 0.768555865625 0.6291238078125 0.76964153125 0.6136300109375 0.7441328140625 0.6508927359375 0.7247968499999999 0.6265038078125 0.7158562171875 0.5737017859375 0.7175043 0.56777928125 0.7272462203125001 0.5921682078125 0.7361868515625