2 0.41015625 0.8134765640625 0.416015625 0.7919921859375 0.3837890640625 0.77734375 0.380859375 0.7900390640625 0.41015625 0.8134765640625
2 0.6865234359375 0.513671875 0.6787109359375 0.51171875 0.654296875 0.5263671859375 0.6591796859375 0.548828125 0.6875 0.5556640640625 0.705078125 0.5380859359375 0.712890625 0.5068359359375 0.7080078140625 0.49609375 0.6865234359375 0.513671875
2 0.103515625 0.0009765640625 0.09082031406249999 0 0.0859375 0.08105468593750001 0.09765625 0.09863281406249999 0.125 0.07910156406249999 0.126953125 0.0615234359375 0.107421875 0.038085935937499996 0.103515625 0.0009765640625
2 0.3916015640625 0.857421875 0.38671875 0.8662109359375 0.390625 0.9072265640625 0.4013671859375 0.91796875 0.412109375 0.9169921859375 0.439453125 0.8798828140625 0.4345703140625 0.84765625 0.4189453140625 0.861328125 0.3916015640625 0.857421875
2 0.4765625 0.0263671859375 0.4951171859375 0.01953125 0.50390625 0.045898435937499996 0.51171875 0.049804685937499996 0.505859375 0.0556640640625 0.5107421859375 0.060546875 0.544921875 0.0615234359375 0.556640625 0.043945314062500004 0.544921875 0.0009765640625 0.4912109359375 0 0.4765625 0.0263671859375
2 0.638671875 0.4384765640625 0.654296875 0.4111328140625 0.671875 0.3974609359375 0.673828125 0.3779296859375 0.6513671859375 0.36328125 0.62890625 0.4111328140625 0.6328125 0.4384765640625 0.625 0.4443359359375 0.625 0.4619140640625 0.65625 0.4912109359375 0.669921875 0.4775390640625 0.671875 0.4638671859375 0.6533203140625 0.439453125 0.638671875 0.4384765640625
2 0 0.7626953140625 0.017578125 0.7646484359375 0.056640625 0.7353515640625 0.0546875 0.7236328140625 0.036132814062500004 0.71484375 0.021484375 0.6923828140625 0.04296875 0.6728515640625 0.046875 0.6455078140625 0.041992185937499996 0.640625 0.024414064062499997 0.642578125 0.016601564062499997 0.654296875 0 0.6416015640625 0 0.7626953140625
2 0.138671875 0.8994140640625 0.1318359359375 0.896484375 0.11621093593750001 0.927734375 0.09667968593750001 0.921875 0.0859375 0.9267578140625 0.0859375 0.9599609359375 0.103515625 0.9775390640625 0.10449218593750001 1 0.162109375 0.9990234359375 0.154296875 0.9853515640625 0.15625 0.9521484359375 0.14453125 0.9365234359375 0.138671875 0.8994140640625
2 0.640625 0.2685546859375 0.630859375 0.2529296859375 0.634765625 0.2216796859375 0.62109375 0.2080078140625 0.619140625 0.1884765640625 0.6064453140625 0.17578125 0.5859375 0.2119140640625 0.5693359359375 0.21875 0.564453125 0.2314453140625 0.591796875 0.2685546859375 0.6015625 0.3134765640625 0.59765625 0.3583984359375 0.6015625 0.3740234359375 0.611328125 0.3798828140625 0.63671875 0.3544921859375 0.642578125 0.3193359359375 0.63671875 0.3037109359375 0.640625 0.2685546859375
2 1 0.2177734359375 0.9873046859375 0.22265625 0.9814453140625 0.234375 0.9765625 0.1923828140625 0.9599609359375 0.18359375 0.94921875 0.2099609359375 0.953125 0.2373046859375 0.935546875 0.2470703140625 0.931640625 0.2666015640625 0.935546875 0.2802734359375 0.9521484359375 0.283203125 0.962890625 0.2998046859375 0.947265625 0.3173828140625 0.94921875 0.3369140640625 0.9794921859375 0.345703125 0.98828125 0.3583984359375 0.98828125 0.3779296859375 0.97265625 0.3935546859375 0.9912109359375 0.412109375 1 0.4111328140625 1 0.2177734359375
2 0.333984375 0.5166015640625 0.3251953140625 0.505859375 0.314453125 0.5087890640625 0.310546875 0.4873046859375 0.291015625 0.4716796859375 0.296875 0.4248046859375 0.2841796859375 0.416015625 0.265625 0.4287109359375 0.2607421859375 0.44140625 0.2353515640625 0.439453125 0.224609375 0.4521484359375 0.224609375 0.4658203140625 0.236328125 0.5048828140625 0.2548828140625 0.529296875 0.265625 0.5322265640625 0.259765625 0.5537109359375 0.265625 0.5751953140625 0.28125 0.5810546859375 0.2939453140625 0.609375 0.31640625 0.6103515640625 0.30078125 0.6396484359375 0.3134765640625 0.6484375 0.326171875 0.6474609359375 0.34765625 0.6337890640625 0.349609375 0.5732421859375 0.33203125 0.5576171859375 0.333984375 0.5166015640625
2 0.22265625 0.3623046859375 0.232421875 0.3583984359375 0.244140625 0.3251953140625 0.244140625 0.3056640640625 0.205078125 0.2666015640625 0.21484375 0.2470703140625 0.22265625 0.1787109359375 0.2177734359375 0.171875 0.193359375 0.1728515640625 0.17578125 0.09082031406249999 0.1455078140625 0.080078125 0.138671875 0.10644531406249999 0.142578125 0.12207031406249999 0.15625 0.1376953140625 0.15625 0.1611328140625 0.177734375 0.1748046859375 0.16015625 0.1845703140625 0.1640625 0.2197265640625 0.177734375 0.2353515640625 0.17578125 0.2587890640625 0.1875 0.2646484359375 0.1875 0.2919921859375 0.17578125 0.3115234359375 0.19140625 0.3310546859375 0.193359375 0.3466796859375 0.21875 0.3603515640625 0.21875 0.3701171859375 0.201171875 0.3837890640625 0.2109375 0.4189453140625 0.22265625 0.4267578140625 0.263671875 0.3994140640625 0.267578125 0.3759765640625 0.2607421859375 0.365234375 0.22265625 0.3623046859375