0 0.6796875 0.9091796859375 0.69921875 0.8896484359375 0.6875 0.8779296859375 0.681640625 0.8525390640625 0.6767578140625 0.84765625 0.6630859359375 0.8515625 0.654296875 0.8427734359375 0.65234375 0.8212890640625 0.6640625 0.8134765640625 0.66015625 0.7763671859375 0.6474609359375 0.7578125 0.6318359359375 0.771484375 0.62109375 0.7431640640625 0.6044921859375 0.73828125 0.5947265640625 0.72265625 0.5830078140625 0.73046875 0.5732421859375 0.728515625 0.55859375 0.7451171859375 0.560546875 0.7705078140625 0.548828125 0.7822265640625 0.537109375 0.8173828140625 0.51171875 0.8291015640625 0.521484375 0.8505859359375 0.515625 0.8701171859375 0.548828125 0.8974609359375 0.564453125 0.9287109359375 0.5546875 0.9521484359375 0.5419921859375 0.953125 0.5390625 0.9619140640625 0.560546875 0.9892578140625 0.5595703140625 1 0.67578125 0.9990234359375 0.685546875 0.9580078140625 0.65625 0.9404296859375 0.671875 0.9287109359375 0.6796875 0.9091796859375
0 0.63671875 0.4833984359375 0.63671875 0.4716796859375 0.646484375 0.4599609359375 0.626953125 0.4267578140625 0.65625 0.3759765640625 0.6318359359375 0.357421875 0.62109375 0.3642578140625 0.62890625 0.3349609359375 0.619140625 0.3291015640625 0.6142578140625 0.306640625 0.6005859359375 0.333984375 0.5703125 0.3427734359375 0.57421875 0.3681640640625 0.5625 0.4111328140625 0.533203125 0.4267578140625 0.53515625 0.4423828140625 0.556640625 0.4755859359375 0.55859375 0.5009765640625 0.568359375 0.5009765640625 0.5791015640625 0.478515625 0.58984375 0.4912109359375 0.583984375 0.5107421859375 0.6015625 0.5283203140625 0.62109375 0.5205078140625 0.619140625 0.4931640640625 0.6259765640625 0.484375 0.63671875 0.4833984359375
0 0.728515625 0.5888671859375 0.7138671859375 0.576171875 0.6982421859375 0.58984375 0.6845703140625 0.578125 0.67578125 0.5927734359375 0.6796875 0.6279296859375 0.673828125 0.6357421859375 0.677734375 0.6669921859375 0.671875 0.6767578140625 0.7158203140625 0.68359375 0.716796875 0.7060546859375 0.724609375 0.7099609359375 0.736328125 0.7060546859375 0.744140625 0.6865234359375 0.73828125 0.6142578140625 0.728515625 0.5888671859375
0 0.7587890640625 0.302734375 0.73828125 0.3408203140625 0.748046875 0.4267578140625 0.77734375 0.4287109359375 0.78515625 0.4169921859375 0.78125 0.3740234359375 0.787109375 0.3251953140625 0.7587890640625 0.302734375
2 0.3095703140625 0.134765625 0.2939453140625 0.15625 0.2880859359375 0.126953125 0.279296875 0.1318359359375 0.2763671859375 0.1484375 0.271484375 0.12011718593750001 0.2626953140625 0.126953125 0.2451171859375 0.115234375 0.2421875 0.1298828140625 0.251953125 0.1513671859375 0.244140625 0.1669921859375 0.2578125 0.1728515640625 0.259765625 0.1884765640625 0.2705078140625 0.201171875 0.2802734359375 0.201171875 0.291015625 0.1904296859375 0.294921875 0.2216796859375 0.3046875 0.2294921859375 0.3046875 0.1806640640625 0.31640625 0.1611328140625 0.31640625 0.1396484359375 0.3095703140625 0.134765625
2 0.390625 0.3701171859375 0.375 0.3447265640625 0.375 0.3095703140625 0.3662109359375 0.30078125 0.359375 0.3271484359375 0.3408203140625 0.341796875 0.33203125 0.3349609359375 0.333984375 0.2978515640625 0.3154296859375 0.28125 0.3037109359375 0.279296875 0.30078125 0.2919921859375 0.30859375 0.3251953140625 0.2958984359375 0.330078125 0.294921875 0.3369140640625 0.328125 0.3486328140625 0.32421875 0.3916015640625 0.337890625 0.3955078140625 0.3515625 0.3857421859375 0.3544921859375 0.357421875 0.3837890640625 0.375 0.390625 0.3701171859375
2 0 0.4560546859375 0.010742185937499999 0.466796875 0.032226564062500004 0.46875 0.0390625 0.4951171859375 0.0546875 0.5029296859375 0.060546875 0.4951171859375 0.052734375 0.4638671859375 0.0615234359375 0.451171875 0.06738281406249999 0.455078125 0.0703125 0.4501953140625 0.0537109359375 0.4296875 0.041992185937499996 0.4375 0.0302734359375 0.41796875 0.02734375 0.4404296859375 0.0068359359375 0.439453125 0 0.4443359359375 0 0.4560546859375
2 0.07421875 0.5791015640625 0.083984375 0.5888671859375 0.08203125 0.6123046859375 0.091796875 0.6142578140625 0.10546875 0.5986328140625 0.103515625 0.5732421859375 0.07910156406249999 0.556640625 0.07421875 0.5791015640625
2 0.390625 0.5166015640625 0.416015625 0.5302734359375 0.42578125 0.5166015640625 0.4208984359375 0.474609375 0.408203125 0.5048828140625 0.390625 0.5166015640625
2 0.466796875 0.7744140640625 0.4794921859375 0.802734375 0.4892578140625 0.79296875 0.501953125 0.8017578140625 0.5078125 0.7802734359375 0.4892578140625 0.763671875 0.4794921859375 0.7734375 0.466796875 0.7744140640625
2 0.646484375 0.0595703140625 0.6259765640625 0.0546875 0.6162109359375 0.0390625 0.609375 0.041992185937499996 0.603515625 0.07519531406249999 0.603515625 0.10839843593750001 0.611328125 0.11035156406249999 0.6337890640625 0.1015625 0.634765625 0.08691406406249999 0.6484375 0.07324218593750001 0.646484375 0.0595703140625
2 0.66015625 0.2353515640625 0.662109375 0.2529296859375 0.669921875 0.2548828140625 0.677734375 0.2373046859375 0.6875 0.2314453140625 0.6806640640625 0.193359375 0.66015625 0.2353515640625
0 0.8134765640625 0.341796875 0.794921875 0.3505859359375 0.79296875 0.3935546859375 0.8134765640625 0.384765625 0.826171875 0.3603515640625 0.826171875 0.3525390640625 0.8134765640625 0.341796875
0 0.7587890640625 0.302734375 0.740234375 0.3388671859375 0.748046875 0.4248046859375 0.775390625 0.4287109359375 0.78515625 0.4111328140625 0.779296875 0.3701171859375 0.7890625 0.3291015640625 0.7587890640625 0.302734375
0 0.7412109359375 0.529296875 0.73046875 0.5673828140625 0.7451171859375 0.583984375 0.759765625 0.5849609359375 0.76171875 0.5771484359375 0.748046875 0.5595703140625 0.74609375 0.5302734359375 0.7412109359375 0.529296875
0 0.7177734359375 0.578125 0.7021484359375 0.5859375 0.6845703140625 0.578125 0.67578125 0.5927734359375 0.673828125 0.6787109359375 0.7099609359375 0.68359375 0.716796875 0.6884765640625 0.71875 0.7080078140625 0.724609375 0.7099609359375 0.736328125 0.7060546859375 0.744140625 0.6865234359375 0.736328125 0.6064453140625 0.7177734359375 0.578125
0 0.708984375 0.4462890640625 0.71484375 0.4736328140625 0.72265625 0.4775390640625 0.7265625 0.4482421859375 0.7158203140625 0.421875 0.708984375 0.4306640640625 0.708984375 0.4462890640625