2 0.154296875 0.3662109359375 0.162109375 0.3681640640625 0.173828125 0.3330078140625 0.1708984359375 0.3203125 0.154296875 0.3564453140625 0.154296875 0.3662109359375
2 0.091796875 0.2294921859375 0.095703125 0.2412109359375 0.107421875 0.2451171859375 0.119140625 0.2236328140625 0.119140625 0.2060546859375 0.10058593593750001 0.193359375 0.091796875 0.2294921859375
2 0.045898435937499996 0.107421875 0.032226564062500004 0.095703125 0.03515625 0.12207031406249999 0.0537109359375 0.1328125 0.060546875 0.1513671859375 0.068359375 0.1533203140625 0.08203125 0.1435546859375 0.08203125 0.11035156406249999 0.07714843593750001 0.10546875 0.045898435937499996 0.107421875
2 0.1318359359375 0.2421875 0.12109375 0.2490234359375 0.11230468593750001 0.26953125 0.099609375 0.2685546859375 0.10546875 0.3193359359375 0.11816406406249999 0.333984375 0.126953125 0.3330078140625 0.130859375 0.3095703140625 0.142578125 0.2998046859375 0.134765625 0.2861328140625 0.1318359359375 0.2421875
2 0.54296875 0.3310546859375 0.55859375 0.3349609359375 0.5625 0.3056640640625 0.5556640640625 0.30078125 0.54296875 0.3115234359375 0.54296875 0.3310546859375
2 0.548828125 0.1982421859375 0.5380859359375 0.181640625 0.5166015640625 0.19921875 0.4970703140625 0.181640625 0.48828125 0.1845703140625 0.48828125 0.2119140640625 0.498046875 0.2373046859375 0.49609375 0.2607421859375 0.501953125 0.2626953140625 0.5126953140625 0.25 0.52734375 0.2529296859375 0.52734375 0.2353515640625 0.548828125 0.1982421859375
2 0.4365234359375 0 0.4326171859375 0.009765625 0.41796875 0.016601564062499997 0.416015625 0.0283203140625 0.421875 0.043945314062500004 0.435546875 0.0556640640625 0.4375 0.08691406406249999 0.447265625 0.10253906406249999 0.44140625 0.12207031406249999 0.443359375 0.1533203140625 0.4482421859375 0.1640625 0.45703125 0.1630859359375 0.46484375 0.1279296859375 0.453125 0.0556640640625 0.46875 0.041992185937499996 0.470703125 0.0302734359375 0.458984375 0.016601564062499997 0.4580078140625 0 0.4365234359375 0
2 0.599609375 0.4189453140625 0.60546875 0.4208984359375 0.623046875 0.4091796859375 0.6142578140625 0.3671875 0.603515625 0.3779296859375 0.599609375 0.4189453140625
2 0.2978515640625 0.765625 0.2861328140625 0.75390625 0.27734375 0.7568359359375 0.27734375 0.7724609359375 0.2880859359375 0.791015625 0.3017578140625 0.787109375 0.3134765640625 0.80078125 0.330078125 0.7998046859375 0.33203125 0.7802734359375 0.3173828140625 0.7734375 0.3115234359375 0.759765625 0.2978515640625 0.765625
2 0.01171875 0.9794921859375 0.0234375 0.9814453140625 0.0234375 0.9560546859375 0.0126953140625 0.947265625 0.0078125 0.9521484359375 0.01171875 0.9794921859375
2 0.380859375 0.9541015640625 0.39453125 0.9189453140625 0.3740234359375 0.912109375 0.359375 0.9345703140625 0.380859375 0.9541015640625
2 0.234375 0.4931640640625 0.234375 0.4736328140625 0.2255859359375 0.470703125 0.21875 0.4912109359375 0.234375 0.4931640640625
2 0.0517578140625 0 0.017578125 0.0009765640625 0.046875 0.0146484359375 0.0517578140625 0
2 0.69140625 0.9130859359375 0.7158203140625 0.859375 0.685546875 0.9013671859375 0.685546875 0.9111328140625 0.69140625 0.9130859359375
2 0.7412109359375 0.919921875 0.736328125 0.9326171859375 0.740234375 0.9580078140625 0.76171875 0.9736328140625 0.7666015640625 1 0.787109375 0.9990234359375 0.7890625 0.9677734359375 0.77734375 0.9619140640625 0.76953125 0.9404296859375 0.7412109359375 0.919921875
2 0.71875 0.7998046859375 0.7109375 0.7802734359375 0.6943359359375 0.771484375 0.685546875 0.7802734359375 0.69140625 0.8369140640625 0.71875 0.8564453140625 0.732421875 0.8525390640625 0.732421875 0.8349609359375 0.716796875 0.8193359359375 0.71875 0.7998046859375
2 0.8525390640625 0 0.841796875 0.049804685937499996 0.857421875 0.06738281406249999 0.869140625 0.09667968593750001 0.865234375 0.11621093593750001 0.8828125 0.1318359359375 0.876953125 0.1611328140625 0.88671875 0.1728515640625 0.9130859359375 0.171875 0.919921875 0.1650390640625 0.916015625 0.1396484359375 0.923828125 0.11816406406249999 0.9189453140625 0.111328125 0.904296875 0.11425781406249999 0.9072265640625 0.06640625 0.8896484359375 0.072265625 0.87109375 0.09472656406249999 0.875 0.0537109359375 0.8671875 0.038085935937499996 0.869140625 0.010742185937499999 0.8662109359375 0 0.8525390640625 0
2 0.9462890640625 0.419921875 0.955078125 0.4189453140625 0.962890625 0.4052734359375 0.9501953140625 0.39453125 0.94140625 0.4091796859375 0.9462890640625 0.419921875
2 0.9873046859375 0.552734375 1 0.5537109359375 0.9970703140625 0.517578125 0.984375 0.5302734359375 0.982421875 0.5439453140625 0.9873046859375 0.552734375
2 0.970703125 0.4931640640625 0.9921875 0.5107421859375 0.994140625 0.4638671859375 0.9833984359375 0.45703125 0.966796875 0.4814453140625 0.970703125 0.4931640640625
2 0.65625 0.5927734359375 0.662109375 0.5966796859375 0.671875 0.5771484359375 0.6708984359375 0.5625 0.654296875 0.5673828140625 0.65625 0.5927734359375