2 0.6462857843750001 0.0977118234375 0.65856784375 0.117038521875 0.6647477234375 0.0944582625 0.648010884375 0.08986523125 0.6462857843750001 0.0977118234375
2 0.7243610953124999 0.0621514109375 0.719054215625 0.0475882046875 0.70466735625 0.056632959375 0.7060127671875 0.069311225 0.7177835640625 0.071059796875 0.7243610953124999 0.0621514109375
2 0.929735625 0.038046903124999996 0.9502063812499999 0.016585914062500002 0.9162156828124999 0.015992604687500002 0.9144966609375 0.01779478125 0.9138897421875001 0.0305071390625 0.9160124921874999 0.036332421875 0.929735625 0.038046903124999996
2 0.7728285484375 0.0495803640625 0.793754084375 0.0638708375 0.803895434375 0.0431755203125 0.8259780031249999 0.03008815 0.8305463937500001 0.019260734374999998 0.8138663625 0.0166208265625 0.8134490140624999 0.0141988046875 0.768601559375 0.013415990624999999 0.7700241109375 0.020317582812500002 0.755807671875 0.035221709375 0.775330990625 0.0348807890625 0.7728285484375 0.0495803640625
2 0.56828523125 0.16942209218749998 0.59588395625 0.1445136984375 0.5955999203125 0.134748071875 0.5705424906250001 0.11271328437499999 0.5515304359375001 0.130632328125 0.5318935046875 0.127066996875 0.5229839546874999 0.15653433125 0.5311341234375 0.1681167140625 0.5524961578124999 0.163835453125 0.56828523125 0.16942209218749998
2 0.3243364828125 0.24403017500000002 0.30788368125 0.24920276718749998 0.3092859 0.2638341609375 0.2817260265625 0.2564989484375 0.271623528125 0.24495065624999998 0.248422775 0.2531722609375 0.24669766875 0.2610188515625 0.30572207812499996 0.27562109375 0.34382095156250003 0.27593286250000004 0.3243364828125 0.24403017500000002
2 0.39744575625 0.20562530625000003 0.440624284375 0.212687784375 0.44106078281250005 0.194116053125 0.43799027031250004 0.1892843765625 0.4243807515625 0.19147614531249998 0.40307552500000005 0.19771053125 0.39744575625 0.20562530625000003
2 0.139639371875 0.34105299843750003 0.1540830359375 0.33396137187499997 0.15089890625 0.3252234484375 0.18207940625000002 0.322724853125 0.18871374531250001 0.31576959375 0.16583587500000002 0.3015132140625 0.142237471875 0.296062940625 0.13560313906250002 0.3030181984375 0.1389008796875 0.315662375 0.1018633859375 0.318263246875 0.077107946875 0.3401908171875 0.139639371875 0.34105299843750003
2 0.14140919375 0.099688646875 0.0904033859375 0.0585658046875 0.0747279234375 0.056885415625000005 0.07105048750000001 0.0647660984375 0.1227200265625 0.09512970937500001 0.14140919375 0.099688646875
2 0.1437800671875 0.0468860921875 0.11860902499999999 0.0209450515625 0.0914468 0.0272817125 0.08966489375 0.0331751796875 0.1056243890625 0.044621193749999996 0.1437800671875 0.0468860921875
2 0 0.091630959375 0.031244465625000002 0.10649765468750001 0.041726659375 0.0975210859375 0.04868388125 0.06808784531249999 0.039642759374999996 0.05945219375000001 0.022242190624999998 0.065618396875 0.00455759375 0.062018975 0 0.071054346875 0 0.091630959375
2 0.9744420703125 0.29911790625 0.94326156875 0.301616503125 0.9421045390625 0.3289943453125 0.9562821203125 0.3463338265625 0.9914809 0.347673296875 0.9907244531250001 0.2880859359375 0.9780058921875 0.287330971875 0.9744420703125 0.29911790625
2 0.7884175078125 0.41765919843750005 0.8233890593750001 0.4111861671875 0.8509489312499999 0.41852138125 0.86628355 0.40848302187499996 0.901425521875 0.407869365625 0.900136915625 0.3971442265625 0.9097281546874999 0.3911143890625 0.90944411875 0.3813487671875 0.92968796875 0.3722017375 0.9304653125 0.36534875625 0.9000053453125 0.3590412421875 0.9006690703125001 0.34828200625 0.879573115625 0.3281321609375 0.8605042546874999 0.3440980796875 0.8420423109374999 0.3473516421875 0.845187590625 0.388333171875 0.8512150078125 0.394090275 0.8464761984375 0.399058315625 0.8271233 0.40525860937499997 0.8215891890625 0.382882903125 0.8126616765625 0.37815350312499996 0.7815379828125 0.38260522343750003 0.759891915625 0.37712086093749997 0.7551531015624999 0.3820889 0.7589053 0.4103580765625 0.72617011875 0.426562640625 0.6950464249999999 0.4310143609375 0.703310209375 0.4465029921875 0.7209379984375001 0.448149290625 0.7290881671875 0.459731671875 0.7386226015624999 0.4517487125 0.756193584375 0.45144188593749995 0.7682484171875 0.462956084375 0.7819147421875 0.462717440625 0.7989744625 0.4448324875 0.8224592515625 0.446376509375 0.8271980640625 0.44140846875 0.792719821875 0.4312628890625 0.7884175078125 0.41765919843750005
2 0.430474128125 0.5352943296875 0.4130735671875 0.54146053125 0.4113484609375 0.5493071234375 0.43706961875 0.5605826781250001 0.4545269875 0.5563696 0.45134285937499996 0.5476316734375 0.45697262812500006 0.5397168984375 0.430474128125 0.5352943296875
2 0.57451311875 0.450706184375 0.55711255 0.4568723859375 0.55538745 0.46471897812499996 0.5655467546875 0.47822039375000003 0.5812222171875 0.47990078281250004 0.59365674375 0.47089012343750003 0.597220565625 0.4591031890625 0.57451311875 0.450706184375
2 0.53381614375 0.495384471875 0.47424162187499996 0.49544771406250004 0.47325500624999994 0.52868493125 0.493005553125 0.5361565109375 0.5144243984375 0.5338283765625 0.5268589218749999 0.5248177171874999 0.524508940625 0.5111799328125 0.53381614375 0.495384471875
2 0.085060934375 0.6136283171875 0.036479871875 0.6222931140625 0.03291605 0.6340800484375 0.047150440625 0.6533726546875 0.0934383328125 0.6330231984375 0.11123654999999999 0.6405288703124999 0.1287507265625 0.6382689187499999 0.1438581171875 0.620418059375 0.1947891640625 0.62539104375 0.224510640625 0.6063079296875 0.21162166093749998 0.599693590625 0.1862413453125 0.6001367859375 0.153562971875 0.6182944734375 0.1260030984375 0.6109592609375001 0.085060934375 0.6136283171875
2 0.3385052671875 0.563280884375 0.3157410140625 0.552930753125 0.2963313109375 0.5571779218749999 0.2946630109375 0.5669776390625 0.3279662671875 0.5703043250000001 0.3385052671875 0.563280884375
2 0.9199354640624999 0.70848015625 0.9299811609375 0.718075321875 0.9516272296875 0.7235596859375 0.96176858125 0.702864365625 0.9448045171875 0.6904588375 0.9350428546874999 0.690629296875 0.9199354640624999 0.70848015625
2 0.8559061671875 0.7232770640624999 0.8426374921875001 0.737187584375 0.8131820968750001 0.7318395875 0.7937155859375 0.73413363125 0.7861334875 0.7420824984375 0.7896584578125 0.7625391765625 0.8064521046875001 0.7690853296875 0.8296528578125001 0.760863728125 0.8823658109375 0.7599432453125 0.90240039375 0.7771804515625 0.9326331343750001 0.775675465625 0.920351071875 0.7563487671875 0.9259240328124999 0.7464808625 0.9226830984375001 0.7357898140625 0.8933413109374999 0.7343480687499999 0.8714112078125 0.7190980796875001 0.8559061671875 0.7232770640624999
2 0.688439196875 0.8082743125 0.663229309375 0.81457688125 0.6597791 0.8302700656249999 0.6638541859375 0.8360612578125 0.6890072671875 0.8278055625 0.7088146203125001 0.8372302671874999 0.7214195671875 0.834078984375 0.688439196875 0.8082743125
2 0.684971034375 0.7897707625 0.6680637734375 0.7793183578125 0.6445789859375 0.7777743359375 0.6214350390625001 0.7879490640625 0.6197099390624999 0.7957956546875 0.63750815 0.803301328125 0.6648407953125 0.8028240406249999 0.6822981703125001 0.7986109625 0.684971034375 0.7897707625
2 0.212276584375 0.8908455843749999 0.22984756874999998 0.89053875625 0.23642509843749998 0.8816303734375 0.22933630312500003 0.87296063125 0.22158378281250002 0.8750501234374999 0.21104478593749998 0.8820735687499999 0.212276584375 0.8908455843749999
2 0.13744220468749999 0.93709704375 0.1488721609375 0.9271268671874999 0.165438578125 0.925860525 0.15226556093750002 0.9094805593749999 0.11143701718750001 0.9160558640625001 0.1204213328125 0.9227383890624999 0.1167438984375 0.9306190734375 0.12176674375 0.935416653125 0.13744220468749999 0.93709704375
2 0.08857710625000001 0.9359962171875 0.0652059328125 0.9383584453125 0.05963296875 0.9482263453125 0.067839946875 0.9617618531250001 0.0837426359375 0.9712547421875 0.0924429203125 0.968171640625 0.09359995156249999 0.9407937984375 0.08857710625000001 0.9359962171875
2 0.3676110203125 0.8588213546875 0.336600940625 0.8671793265625001 0.31294573125 0.8597759296874999 0.30145896875 0.8677929796875 0.272230796875 0.870257484375 0.2667146453125 0.8820785109375 0.288531134375 0.8934222484375001 0.3117318875 0.8852006453125 0.3450351453125 0.8885273328125001 0.3473851234375 0.902165115625 0.38671579375 0.911248903125 0.4083439078125 0.8825365359375 0.4040984015625 0.87088596875 0.4284741453125 0.8694832546875 0.4426337734375 0.8526260015625 0.4315835078125 0.842071321875 0.39901875000000003 0.864135259375 0.3676110203125 0.8588213546875
1 0.39231258125 0.7343035859375 0.3857350515625 0.7432119687500001 0.37970763750000003 0.73745486875 0.3788734875 0.7423547296875 0.3711777734375 0.7463973484374999 0.3693390578125 0.7503376890625 0.3723527671875 0.7532162375 0.40910622500000005 0.7408497406250001 0.41502003125 0.7427005890625 0.41613821250000005 0.74756635625 0.3996854109375 0.75273895 0.4250657203125 0.7522957546875 0.4287999625 0.746368196875 0.44441861875 0.7460954609375 0.4504460375 0.751852559375 0.4582553640625 0.7517161921875 0.46009407812500003 0.7477758515625 0.44927104531250006 0.7450336703125 0.4471482921875 0.7392083828125 0.44999158125000005 0.7362275609375 0.45490081250000003 0.7371188937500001 0.4560758015625 0.743937784375 0.4638851296875 0.7438014171875 0.466614803125 0.7369143421875 0.46962851250000004 0.739792890625 0.4790493265625 0.72790368125 0.49277245937499997 0.7296181625 0.50787985 0.711767303125 0.5127322734375 0.7107055078125 0.512618659375 0.7067992578125 0.5046957171875001 0.7030293765625 0.5104390999999999 0.6990208515624999 0.5025161578125 0.69525096875 0.4983842671875 0.687506653125 0.5001661765625001 0.6816131890625 0.49195920156249995 0.668077678125 0.49965491406250007 0.6640350609375 0.497418546875 0.65430353125 0.49446164843749996 0.6533781046875 0.49078421250000004 0.6612587890625 0.4896660265625 0.6563930203125 0.48280446406250005 0.65553578125 0.48073851406249996 0.6516636234375001 0.476947465625 0.65563805625 0.467185809375 0.655808515625 0.4650062453125 0.6480301078124999 0.4453125078125 0.6425116531249999 0.4237800546875 0.6409335375 0.4063794859375 0.6470997406250001 0.3790468421875 0.647577028125 0.3551823625 0.6665578625 0.35468905781250004 0.6831764734375 0.368355378125 0.682937828125 0.377339696875 0.6896203515625 0.3736622609375 0.697501034375 0.37773734531250003 0.7032922296875 0.371993965625 0.7073007546875 0.37802138125 0.7130578515625 0.372278 0.7170663765625 0.3793667953125 0.72573611875 0.3832146515625 0.7237148109375 0.3862283578125 0.7265933609374999 0.3874033515625 0.7334122515625 0.39231258125 0.7343035859375