0 0.791015625 0.4443359359375 0.7783203140625 0.4296875 0.767578125 0.4677734359375 0.755859375 0.4794921859375 0.7626953140625 0.50390625 0.7802734359375 0.4921875 0.79296875 0.5107421859375 0.7978515640625 0.486328125 0.82421875 0.4853515640625 0.791015625 0.4619140640625 0.791015625 0.4443359359375
2 0.1279296859375 0.197265625 0.125 0.2509765640625 0.1328125 0.2529296859375 0.1484375 0.2392578140625 0.150390625 0.2275390640625 0.134765625 0.1982421859375 0.1279296859375 0.197265625
2 0.08105468593750001 0.234375 0.107421875 0.2353515640625 0.109375 0.1865234359375 0.09667968593750001 0.17578125 0.078125 0.2294921859375 0.08105468593750001 0.234375
2 0.06640625 0.038085935937499996 0.0576171859375 0.03125 0.041015625 0.049804685937499996 0.0390625 0.06542968593750001 0.056640625 0.07324218593750001 0.07519531406249999 0.109375 0.08984375 0.11035156406249999 0.095703125 0.10644531406249999 0.095703125 0.09277343593750001 0.06640625 0.0556640640625 0.06640625 0.038085935937499996
2 0.11328125 0.3583984359375 0.119140625 0.3603515640625 0.13671875 0.3447265640625 0.1259765640625 0.3359375 0.115234375 0.3427734359375 0.11328125 0.3583984359375
2 0.142578125 0.3876953140625 0.150390625 0.4208984359375 0.1640625 0.4033203140625 0.1640625 0.3896484359375 0.1533203140625 0.37890625 0.142578125 0.3876953140625
2 0.1875 0.4892578140625 0.181640625 0.4931640640625 0.18359375 0.5087890640625 0.19140625 0.5126953140625 0.208984375 0.5029296859375 0.1982421859375 0.451171875 0.189453125 0.4580078140625 0.1875 0.4892578140625
2 0.236328125 0.6396484359375 0.251953125 0.6533203140625 0.259765625 0.6240234359375 0.2451171859375 0.611328125 0.236328125 0.6220703140625 0.236328125 0.6396484359375
2 0.3095703140625 0.7109375 0.2841796859375 0.72265625 0.27734375 0.7373046859375 0.296875 0.7626953140625 0.3046875 0.7958984359375 0.3203125 0.8076171859375 0.326171875 0.7939453140625 0.30859375 0.7587890640625 0.318359375 0.7177734359375 0.3095703140625 0.7109375
2 0.6435546859375 0.78515625 0.6279296859375 0.7890625 0.6142578140625 0.775390625 0.611328125 0.7958984359375 0.619140625 0.8115234359375 0.619140625 0.8544921859375 0.6376953140625 0.859375 0.6484375 0.8916015640625 0.66015625 0.8955078140625 0.66015625 0.8701171859375 0.646484375 0.8466796859375 0.65625 0.7978515640625 0.6435546859375 0.78515625
2 0.4013671859375 0.09765625 0.408203125 0.10253906406249999 0.419921875 0.08691406406249999 0.3916015640625 0.0546875 0.37890625 0.10058593593750001 0.4013671859375 0.09765625
2 0.453125 0.2353515640625 0.453125 0.2802734359375 0.466796875 0.2998046859375 0.4765625 0.2822265640625 0.47265625 0.2353515640625 0.4638671859375 0.23046875 0.453125 0.2353515640625
2 0.408203125 0.1298828140625 0.408203125 0.1494140640625 0.41796875 0.1943359359375 0.427734375 0.1982421859375 0.435546875 0.1845703140625 0.4375 0.1552734359375 0.4150390640625 0.123046875 0.408203125 0.1298828140625
2 0.7841796859375 0.34375 0.779296875 0.3525390640625 0.787109375 0.3662109359375 0.78515625 0.4033203140625 0.796875 0.4248046859375 0.810546875 0.4306640640625 0.8203125 0.3837890640625 0.80859375 0.3818359359375 0.8046875 0.3603515640625 0.7841796859375 0.34375
2 0.73046875 0.1494140640625 0.732421875 0.1318359359375 0.7216796859375 0.130859375 0.70703125 0.1533203140625 0.732421875 0.1962890640625 0.736328125 0.2177734359375 0.7470703140625 0.232421875 0.759765625 0.2333984359375 0.765625 0.2021484359375 0.740234375 0.1845703140625 0.73828125 0.1611328140625 0.73046875 0.1494140640625
2 0.90625 0.8623046859375 0.9140625 0.8662109359375 0.943359375 0.8447265640625 0.9404296859375 0.830078125 0.912109375 0.8330078140625 0.90625 0.8623046859375