2 0.08300781406249999 0.775390625 0.07324218593750001 0.763671875 0.068359375 0.7646484359375 0.068359375 0.7861328140625 0.046875 0.8017578140625 0.0537109359375 0.80859375 0.06738281406249999 0.796875 0.07519531406249999 0.802734375 0.08886718593750001 0.796875 0.09667968593750001 0.80859375 0.109375 0.8076171859375 0.115234375 0.7998046859375 0.111328125 0.7822265640625 0.10058593593750001 0.771484375 0.08300781406249999 0.775390625
2 0.119140625 0.9755859359375 0.126953125 0.9775390640625 0.140625 0.9404296859375 0.1318359359375 0.9296875 0.115234375 0.9482421859375 0.119140625 0.9755859359375
2 0.23828125 0.2333984359375 0.2470703140625 0.2421875 0.2578125 0.2412109359375 0.27734375 0.2275390640625 0.2744140640625 0.21875 0.240234375 0.2236328140625 0.23828125 0.2333984359375
2 0.2451171859375 0.1171875 0.234375 0.1279296859375 0.234375 0.1650390640625 0.21875 0.2001953140625 0.2216796859375 0.2109375 0.234375 0.2138671859375 0.248046875 0.2041015640625 0.251953125 0.1923828140625 0.25 0.12402343593750001 0.2451171859375 0.1171875
2 0.30859375 0.3974609359375 0.310546875 0.4111328140625 0.33984375 0.4228515640625 0.341796875 0.4013671859375 0.33203125 0.3798828140625 0.3232421859375 0.37890625 0.30859375 0.3974609359375
2 0.322265625 0.4990234359375 0.32421875 0.5087890640625 0.33203125 0.5107421859375 0.337890625 0.5068359359375 0.3408203140625 0.478515625 0.330078125 0.4833984359375 0.322265625 0.4990234359375
2 0.349609375 0.4638671859375 0.3486328140625 0.451171875 0.3359375 0.4541015640625 0.3408203140625 0.46484375 0.349609375 0.4638671859375
2 0.4384765640625 0.751953125 0.4306640640625 0.751953125 0.42578125 0.7666015640625 0.404296875 0.7783203140625 0.400390625 0.7958984359375 0.419921875 0.8037109359375 0.4326171859375 0.78515625 0.4404296859375 0.7890625 0.443359375 0.7841796859375 0.4384765640625 0.751953125
2 0.4375 0.8896484359375 0.44921875 0.8994140640625 0.458984375 0.8818359359375 0.4521484359375 0.8671875 0.44140625 0.8720703140625 0.4375 0.8896484359375
2 0.8671875 0.9990234359375 0.900390625 0.9990234359375 0.888671875 0.9658203140625 0.8662109359375 0.9453125 0.8544921859375 0.943359375 0.8671875 0.9990234359375
2 0.7080078140625 0.322265625 0.69140625 0.3271484359375 0.6796875 0.3603515640625 0.681640625 0.3876953140625 0.697265625 0.3994140640625 0.73046875 0.3466796859375 0.73046875 0.3349609359375 0.7119140640625 0.3359375 0.7080078140625 0.322265625
2 0.751953125 0.5361328140625 0.75390625 0.5517578140625 0.76171875 0.5537109359375 0.767578125 0.5322265640625 0.7646484359375 0.505859375 0.75390625 0.5146484359375 0.751953125 0.5361328140625
2 0.55859375 0.038085935937499996 0.5693359359375 0.05078125 0.580078125 0.0517578140625 0.58203125 0.024414064062499997 0.5673828140625 0.013671875 0.55859375 0.024414064062499997 0.55859375 0.038085935937499996
2 1 0.0009765640625 0.9833984359375 0 0.974609375 0.020507814062499997 0.994140625 0.0263671859375 1 0.022460935937500003 1 0.0009765640625
2 0.451171875 0.8232421859375 0.458984375 0.8251953140625 0.458984375 0.8076171859375 0.4501953140625 0.798828125 0.4453125 0.8095703140625 0.451171875 0.8232421859375