2 0.953125 0.3974609359375 0.966796875 0.4111328140625 0.98046875 0.4033203140625 0.98046875 0.3955078140625 0.9697265640625 0.388671875 0.953125 0.3974609359375
2 0.859375 0.1865234359375 0.873046875 0.1943359359375 0.876953125 0.1650390640625 0.8662109359375 0.15625 0.859375 0.1650390640625 0.859375 0.1865234359375
2 0.845703125 0.0302734359375 0.859375 0.0029296859375 0.8330078140625 0 0.833984375 0.022460935937500003 0.845703125 0.0302734359375
2 0.5751953140625 0.52734375 0.5654296859375 0.533203125 0.55078125 0.5283203140625 0.55078125 0.5517578140625 0.5625 0.5595703140625 0.5654296859375 0.552734375 0.5732421859375 0.55859375 0.578125 0.5498046859375 0.5751953140625 0.52734375
2 0.6572265640625 0.65234375 0.65625 0.6787109359375 0.671875 0.7236328140625 0.681640625 0.7177734359375 0.68359375 0.7021484359375 0.669921875 0.6591796859375 0.6572265640625 0.65234375
2 0.8603515640625 0.09375 0.8515625 0.10449218593750001 0.859375 0.12402343593750001 0.873046875 0.1337890640625 0.890625 0.11425781406249999 0.896484375 0.09667968593750001 0.8896484359375 0.087890625 0.8603515640625 0.09375
2 0.21875 0.4560546859375 0.208984375 0.4990234359375 0.22265625 0.5048828140625 0.2373046859375 0.50390625 0.25 0.4931640640625 0.2392578140625 0.451171875 0.21875 0.4560546859375
2 0.041015625 0.0009765640625 0.0283203140625 0 0.021484375 0.016601564062499997 0.0048828140625 0.01953125 0.001953125 0.0302734359375 0.0146484359375 0.046875 0.0546875 0.06542968593750001 0.0625 0.0576171859375 0.060546875 0.038085935937499996 0.048828125 0.0263671859375 0.041015625 0.0009765640625
2 0.6337890640625 0.548828125 0.625 0.5556640640625 0.623046875 0.5947265640625 0.6337890640625 0.61328125 0.64453125 0.6142578140625 0.671875 0.5751953140625 0.671875 0.5595703140625 0.6630859359375 0.548828125 0.6337890640625 0.548828125
2 0.30078125 0.6005859359375 0.2880859359375 0.59375 0.275390625 0.6162109359375 0.279296875 0.6396484359375 0.259765625 0.6630859359375 0.2705078140625 0.677734375 0.29296875 0.6845703140625 0.310546875 0.6767578140625 0.310546875 0.6611328140625 0.30078125 0.6357421859375 0.30078125 0.6005859359375
2 0.31640625 0.7783203140625 0.3134765640625 0.75 0.306640625 0.7509765640625 0.2939453140625 0.7734375 0.2578125 0.7783203140625 0.2685546859375 0.794921875 0.287109375 0.8037109359375 0.2919921859375 0.818359375 0.30859375 0.8251953140625 0.3154296859375 0.810546875 0.341796875 0.7998046859375 0.3388671859375 0.787109375 0.31640625 0.7783203140625
2 0.22265625 0.3076171859375 0.2158203140625 0.298828125 0.203125 0.3056640640625 0.173828125 0.3818359359375 0.173828125 0.3916015640625 0.197265625 0.4111328140625 0.205078125 0.3994140640625 0.20703125 0.3603515640625 0.22265625 0.3427734359375 0.22265625 0.3076171859375
2 0.5478515640625 0.236328125 0.5302734359375 0.248046875 0.5126953140625 0.2421875 0.501953125 0.2744140640625 0.501953125 0.2861328140625 0.515625 0.3017578140625 0.517578125 0.3408203140625 0.53125 0.3408203140625 0.548828125 0.3193359359375 0.54296875 0.2919921859375 0.55078125 0.2587890640625 0.5478515640625 0.236328125
2 0.10253906406249999 0.23046875 0.08886718593750001 0.232421875 0.08203125 0.2529296859375 0.115234375 0.2861328140625 0.115234375 0.2998046859375 0.103515625 0.3115234359375 0.146484375 0.3310546859375 0.15625 0.3056640640625 0.134765625 0.2529296859375 0.11621093593750001 0.24609375 0.10253906406249999 0.23046875
2 0.4384765640625 0 0.435546875 0.022460935937500003 0.421875 0.0283203140625 0.421875 0.043945314062500004 0.4375 0.0537109359375 0.4375 0.07324218593750001 0.470703125 0.09667968593750001 0.478515625 0.09082031406249999 0.474609375 0.06738281406249999 0.494140625 0.0556640640625 0.49609375 0.040039064062500004 0.509765625 0.0263671859375 0.5185546859375 0 0.4384765640625 0
2 0.408203125 0.9189453140625 0.37109375 0.9013671859375 0.37109375 0.8623046859375 0.3544921859375 0.853515625 0.3330078140625 0.8671875 0.328125 0.8779296859375 0.365234375 0.8994140640625 0.3466796859375 0.908203125 0.33984375 0.9248046859375 0.349609375 0.9677734359375 0.3642578140625 0.986328125 0.37890625 0.9873046859375 0.4072265640625 0.98046875 0.41796875 0.9619140640625 0.40234375 0.9521484359375 0.408203125 0.9189453140625