2 0.21875 0.4814453140625 0.2109375 0.5068359359375 0.2109375 0.5244140640625 0.22265625 0.5283203140625 0.2373046859375 0.525390625 0.248046875 0.5146484359375 0.2373046859375 0.4765625 0.21875 0.4814453140625
2 0.020507814062499997 0.037109375 0.00390625 0.034179685937499996 0.0078125 0.0517578140625 0.020507814062499997 0.06640625 0.052734375 0.07714843593750001 0.060546875 0.07128906406249999 0.060546875 0.0556640640625 0.038085935937499996 0.01953125 0.020507814062499997 0.037109375
2 0.224609375 0.3310546859375 0.2197265640625 0.32421875 0.205078125 0.3271484359375 0.173828125 0.4033203140625 0.17578125 0.4169921859375 0.19921875 0.4384765640625 0.20703125 0.4228515640625 0.20703125 0.3798828140625 0.22265625 0.3642578140625 0.224609375 0.3310546859375
2 0.09082031406249999 0.25 0.083984375 0.2568359359375 0.087890625 0.2744140640625 0.115234375 0.2998046859375 0.109375 0.3271484359375 0.1318359359375 0.3359375 0.150390625 0.3525390640625 0.15625 0.3330078140625 0.150390625 0.2998046859375 0.11035156406249999 0.248046875 0.09082031406249999 0.25
2 0.298828125 0.6220703140625 0.2900390640625 0.6171875 0.27734375 0.6337890640625 0.27734375 0.6650390640625 0.259765625 0.6787109359375 0.259765625 0.6923828140625 0.2841796859375 0.7109375 0.30078125 0.7099609359375 0.310546875 0.7001953140625 0.310546875 0.6884765640625 0.296875 0.6572265640625 0.298828125 0.6220703140625
2 0.318359375 0.7744140640625 0.3115234359375 0.759765625 0.2861328140625 0.79296875 0.2578125 0.7861328140625 0.259765625 0.8017578140625 0.287109375 0.8212890640625 0.2919921859375 0.83984375 0.30859375 0.8486328140625 0.337890625 0.8232421859375 0.337890625 0.8134765640625 0.31640625 0.8017578140625 0.318359375 0.7744140640625
2 0.4033203140625 0.94140625 0.3798828140625 0.9375 0.365234375 0.9189453140625 0.36328125 0.8857421859375 0.3564453140625 0.880859375 0.3291015640625 0.892578125 0.330078125 0.9072265640625 0.3388671859375 0.91796875 0.3515625 0.9208984359375 0.3515625 0.9306640640625 0.3359375 0.9384765640625 0.349609375 0.9990234359375 0.41015625 0.9990234359375 0.412109375 0.9892578140625 0.39453125 0.9775390640625 0.408203125 0.9482421859375 0.4033203140625 0.94140625
2 0.5498046859375 0.2734375 0.5283203140625 0.291015625 0.5126953140625 0.28515625 0.50390625 0.3173828140625 0.517578125 0.3330078140625 0.517578125 0.3662109359375 0.53125 0.3701171859375 0.55078125 0.3447265640625 0.54296875 0.3232421859375 0.552734375 0.2841796859375 0.5498046859375 0.2734375
2 0.4921875 0.06933593593750001 0.513671875 0.0517578140625 0.525390625 0.032226564062500004 0.5283203140625 0 0.443359375 0.0009765640625 0.4453125 0.049804685937499996 0.42578125 0.0576171859375 0.42578125 0.07128906406249999 0.44140625 0.08300781406249999 0.44140625 0.10058593593750001 0.4677734359375 0.126953125 0.4765625 0.1259765640625 0.48046875 0.11035156406249999 0.474609375 0.09863281406249999 0.494140625 0.08691406406249999 0.4921875 0.06933593593750001
2 0.6572265640625 0.6796875 0.654296875 0.6904296859375 0.666015625 0.7509765640625 0.67578125 0.7548828140625 0.68359375 0.7451171859375 0.681640625 0.7236328140625 0.66796875 0.6865234359375 0.6572265640625 0.6796875
2 0.6494140640625 0.58203125 0.6396484359375 0.576171875 0.625 0.5849609359375 0.623046875 0.6279296859375 0.6318359359375 0.640625 0.640625 0.6416015640625 0.671875 0.6025390640625 0.669921875 0.5869140640625 0.6611328140625 0.578125 0.6494140640625 0.58203125
2 0.861328125 0.2236328140625 0.873046875 0.2294921859375 0.87890625 0.2216796859375 0.8740234359375 0.1953125 0.859375 0.2099609359375 0.861328125 0.2236328140625
2 0.853515625 0.1416015640625 0.85546875 0.1533203140625 0.8720703140625 0.169921875 0.87890625 0.1689453140625 0.8984375 0.1337890640625 0.8896484359375 0.123046875 0.8603515640625 0.130859375 0.853515625 0.1416015640625
2 0.8359375 0.0595703140625 0.849609375 0.07128906406249999 0.86328125 0.045898435937499996 0.853515625 0.0029296859375 0.8232421859375 0 0.8359375 0.0595703140625
2 0.966796875 0.4501953140625 0.982421875 0.4384765640625 0.9716796859375 0.423828125 0.951171875 0.4365234359375 0.966796875 0.4501953140625
2 1 0.6064453140625 0.9892578140625 0.607421875 0.98828125 0.5947265640625 0.9814453140625 0.58984375 0.953125 0.6123046859375 0.98828125 0.6474609359375 1 0.6318359359375 1 0.6064453140625