2 0.0263671859375 0.02734375 0.0537109359375 0.021484375 0.064453125 0.0302734359375 0.068359375 0.022460935937500003 0.0537109359375 0 0.025390625 0.0009765640625 0.0263671859375 0.02734375
2 0.11035156406249999 0.185546875 0.107421875 0.2197265640625 0.08984375 0.2294921859375 0.08984375 0.2412109359375 0.1279296859375 0.267578125 0.1376953140625 0.26171875 0.15234375 0.2666015640625 0.162109375 0.2119140640625 0.1533203140625 0.203125 0.1279296859375 0.205078125 0.11035156406249999 0.185546875
2 0.09375 0.06738281406249999 0.091796875 0.034179685937499996 0.08496093593750001 0.025390625 0.072265625 0.032226564062500004 0.072265625 0.0615234359375 0.046875 0.08691406406249999 0.0625 0.1279296859375 0.060546875 0.1728515640625 0.06738281406249999 0.18359375 0.076171875 0.1845703140625 0.109375 0.1552734359375 0.09765625 0.1357421859375 0.1015625 0.07519531406249999 0.09375 0.06738281406249999
2 0.2431640640625 0.458984375 0.234375 0.4658203140625 0.2294921859375 0.484375 0.2197265640625 0.48046875 0.21484375 0.4853515640625 0.21484375 0.5361328140625 0.23046875 0.5380859359375 0.2431640640625 0.515625 0.255859375 0.5146484359375 0.24609375 0.4951171859375 0.2431640640625 0.458984375
2 0.1943359359375 0.361328125 0.1884765640625 0.37890625 0.173828125 0.3759765640625 0.17578125 0.3896484359375 0.2080078140625 0.42578125 0.21484375 0.4248046859375 0.2265625 0.4130859359375 0.224609375 0.3955078140625 0.203125 0.3642578140625 0.1943359359375 0.361328125
2 0.30078125 0.7333984359375 0.296875 0.7587890640625 0.2998046859375 0.765625 0.310546875 0.7666015640625 0.330078125 0.7470703140625 0.330078125 0.7314453140625 0.3212890640625 0.724609375 0.30078125 0.7333984359375
2 0.3798828140625 0.798828125 0.3662109359375 0.810546875 0.3525390640625 0.810546875 0.333984375 0.8330078140625 0.337890625 0.8466796859375 0.36328125 0.8623046859375 0.3798828140625 0.861328125 0.39453125 0.8466796859375 0.38671875 0.8056640640625 0.3798828140625 0.798828125
2 0.4912109359375 0.0234375 0.4609375 0.040039064062500004 0.453125 0.06738281406249999 0.46484375 0.07519531406249999 0.4794921859375 0.068359375 0.494140625 0.045898435937499996 0.498046875 0.032226564062500004 0.4912109359375 0.0234375
2 0.5107421859375 0.1328125 0.5078125 0.1513671859375 0.515625 0.1708984359375 0.5078125 0.1884765640625 0.5224609359375 0.189453125 0.533203125 0.2021484359375 0.546875 0.1572265640625 0.5400390640625 0.1484375 0.5263671859375 0.1484375 0.5107421859375 0.1328125
2 0.552734375 0.3212890640625 0.556640625 0.3408203140625 0.56640625 0.3447265640625 0.58203125 0.3193359359375 0.5751953140625 0.28125 0.564453125 0.2861328140625 0.552734375 0.3212890640625
2 0.599609375 0.4306640640625 0.6201171859375 0.44921875 0.626953125 0.4482421859375 0.626953125 0.4248046859375 0.6123046859375 0.40234375 0.599609375 0.4189453140625 0.599609375 0.4306640640625
2 0.74609375 0.8837890640625 0.7734375 0.9072265640625 0.77734375 0.8955078140625 0.771484375 0.8740234359375 0.7509765640625 0.861328125 0.74609375 0.8837890640625
2 0.9453125 0.2373046859375 0.94140625 0.2548828140625 0.958984375 0.2607421859375 0.984375 0.2412109359375 0.9873046859375 0.216796875 0.9658203140625 0.21875 0.9453125 0.2373046859375