2 0.1171875 0.3916015640625 0.1279296859375 0.41015625 0.140625 0.4111328140625 0.150390625 0.3623046859375 0.11425781406249999 0.330078125 0.111328125 0.3603515640625 0.1171875 0.3916015640625
2 0.02734375 0.2041015640625 0.041992185937499996 0.21875 0.056640625 0.2197265640625 0.06640625 0.2158203140625 0.0703125 0.1923828140625 0.0263671859375 0.14453125 0.02734375 0.2041015640625
2 0.0283203140625 0.056640625 0.0126953140625 0.048828125 0.00390625 0.0517578140625 0 0.06542968593750001 0.010742185937499999 0.076171875 0.046875 0.09082031406249999 0.06640625 0.0615234359375 0.06347656406249999 0.04296875 0.041992185937499996 0.0390625 0.0283203140625 0.056640625
2 0.06933593593750001 0.224609375 0.043945314062500004 0.22265625 0.041015625 0.2353515640625 0.048828125 0.2529296859375 0.068359375 0.2705078140625 0.07421875 0.2939453140625 0.083984375 0.2978515640625 0.1015625 0.2705078140625 0.08984375 0.2138671859375 0.07910156406249999 0.212890625 0.06933593593750001 0.224609375
2 0.185546875 0.4931640640625 0.18359375 0.4599609359375 0.1572265640625 0.44140625 0.15234375 0.4560546859375 0.169921875 0.4892578140625 0.181640625 0.4990234359375 0.1728515640625 0.513671875 0.1435546859375 0.5 0.140625 0.5322265640625 0.162109375 0.5478515640625 0.15234375 0.5712890640625 0.16796875 0.5771484359375 0.1796875 0.5693359359375 0.1953125 0.5400390640625 0.197265625 0.5009765640625 0.185546875 0.4931640640625
2 0.2373046859375 0.599609375 0.232421875 0.6435546859375 0.248046875 0.6611328140625 0.2578125 0.6494140640625 0.255859375 0.6220703140625 0.25 0.6064453140625 0.2373046859375 0.599609375
2 0.361328125 0.8740234359375 0.3408203140625 0.88671875 0.3310546859375 0.85546875 0.3095703140625 0.857421875 0.2978515640625 0.849609375 0.2890625 0.8603515640625 0.294921875 0.8779296859375 0.291015625 0.9111328140625 0.3037109359375 0.9296875 0.3232421859375 0.923828125 0.32421875 0.9443359359375 0.349609375 0.9248046859375 0.337890625 0.9072265640625 0.3515625 0.9052734359375 0.361328125 0.8740234359375
2 0.5185546859375 0.263671875 0.4873046859375 0.265625 0.4697265640625 0.255859375 0.462890625 0.2744140640625 0.47265625 0.2958984359375 0.462890625 0.3115234359375 0.4716796859375 0.326171875 0.484375 0.3251953140625 0.5009765640625 0.322265625 0.515625 0.3076171859375 0.525390625 0.2724609359375 0.5185546859375 0.263671875
2 0.453125 0.12402343593750001 0.443359375 0.11425781406249999 0.451171875 0.08300781406249999 0.4423828140625 0.078125 0.4326171859375 0.083984375 0.4140625 0.06347656406249999 0.419921875 0.0009765640625 0.3916015640625 0 0.388671875 0.0302734359375 0.3740234359375 0.03125 0.359375 0.043945314062500004 0.3720703140625 0.064453125 0.3896484359375 0.06640625 0.404296875 0.07714843593750001 0.390625 0.09472656406249999 0.390625 0.11035156406249999 0.376953125 0.1259765640625 0.3916015640625 0.146484375 0.4140625 0.1572265640625 0.4228515640625 0.17578125 0.439453125 0.1806640640625 0.447265625 0.1748046859375 0.447265625 0.1533203140625 0.455078125 0.1435546859375 0.453125 0.12402343593750001
2 0.5908203140625 0.67578125 0.5859375 0.6611328140625 0.5771484359375 0.658203125 0.5625 0.7041015640625 0.5859375 0.7392578140625 0.59765625 0.7451171859375 0.611328125 0.7275390640625 0.6171875 0.6748046859375 0.6025390640625 0.669921875 0.5908203140625 0.67578125
2 0.5380859359375 0.373046875 0.529296875 0.3837890640625 0.51953125 0.4130859359375 0.4921875 0.4326171859375 0.494140625 0.4521484359375 0.5107421859375 0.458984375 0.5185546859375 0.474609375 0.525390625 0.4736328140625 0.552734375 0.4443359359375 0.544921875 0.4169921859375 0.5458984359375 0.373046875 0.5380859359375 0.373046875
2 0.5693359359375 0.501953125 0.5498046859375 0.5078125 0.5419921859375 0.517578125 0.5322265640625 0.517578125 0.5126953140625 0.501953125 0.505859375 0.5087890640625 0.505859375 0.5244140640625 0.521484375 0.5478515640625 0.51953125 0.5576171859375 0.5478515640625 0.578125 0.5595703140625 0.5703125 0.576171875 0.5771484359375 0.5859375 0.5634765640625 0.5859375 0.4892578140625 0.5791015640625 0.48828125 0.5693359359375 0.501953125
2 0.669921875 0.8017578140625 0.6435546859375 0.775390625 0.619140625 0.7958984359375 0.619140625 0.8037109359375 0.6337890640625 0.810546875 0.64453125 0.8251953140625 0.638671875 0.8525390640625 0.623046875 0.8662109359375 0.623046875 0.8759765640625 0.64453125 0.8896484359375 0.65625 0.9267578140625 0.669921875 0.9267578140625 0.673828125 0.8818359359375 0.669921875 0.8583984359375 0.662109375 0.8505859359375 0.669921875 0.8017578140625
2 0.7255859359375 0.9765625 0.68359375 0.9990234359375 0.732421875 0.9990234359375 0.7255859359375 0.9765625
2 1 0.7021484359375 0.986328125 0.6845703140625 0.9853515640625 0.638671875 0.9716796859375 0.646484375 0.9619140640625 0.64453125 0.951171875 0.6552734359375 0.9609375 0.6572265640625 0.95703125 0.6826171859375 0.96484375 0.7158203140625 0.9697265640625 0.72265625 0.986328125 0.7216796859375 0.98828125 0.7470703140625 1 0.7568359359375 1 0.7021484359375
2 0.859375 0.4521484359375 0.8779296859375 0.470703125 0.892578125 0.4716796859375 0.90625 0.4384765640625 0.8876953140625 0.41796875 0.8759765640625 0.416015625 0.859375 0.4521484359375
2 0.9375 0.4814453140625 0.931640625 0.5068359359375 0.919921875 0.5185546859375 0.923828125 0.5361328140625 0.94140625 0.5400390640625 0.95703125 0.5283203140625 0.9609375 0.4853515640625 0.9560546859375 0.470703125 0.9375 0.4814453140625
2 0.8984375 0.2236328140625 0.8896484359375 0.212890625 0.8701171859375 0.21484375 0.861328125 0.2060546859375 0.86328125 0.1689453140625 0.837890625 0.1494140640625 0.8232421859375 0.125 0.8115234359375 0.123046875 0.794921875 0.1357421859375 0.7890625 0.1513671859375 0.7998046859375 0.1640625 0.8125 0.1669921859375 0.810546875 0.1982421859375 0.828125 0.2236328140625 0.84375 0.2333984359375 0.84375 0.3017578140625 0.859375 0.3095703140625 0.87109375 0.2958984359375 0.873046875 0.2666015640625 0.892578125 0.2470703140625 0.8984375 0.2236328140625