0 0.74609375 0.3447265640625 0.7568359359375 0.330078125 0.771484375 0.3310546859375 0.783203125 0.2744140640625 0.802734375 0.2490234359375 0.8046875 0.2255859359375 0.7861328140625 0.2265625 0.7783203140625 0.203125 0.76171875 0.2041015640625 0.767578125 0.1865234359375 0.755859375 0.1708984359375 0.755859375 0.1376953140625 0.7490234359375 0.134765625 0.7353515640625 0.1484375 0.73046875 0.1455078140625 0.732421875 0.1259765640625 0.72265625 0.11621093593750001 0.720703125 0.09667968593750001 0.7109375 0.08886718593750001 0.7109375 0.0537109359375 0.7041015640625 0.048828125 0.6806640640625 0.087890625 0.6552734359375 0.0625 0.6435546859375 0.07421875 0.62109375 0.06542968593750001 0.623046875 0.10449218593750001 0.6064453140625 0.11328125 0.595703125 0.1298828140625 0.60546875 0.1689453140625 0.59375 0.1767578140625 0.59375 0.2060546859375 0.578125 0.2177734359375 0.576171875 0.2333984359375 0.595703125 0.2666015640625 0.59375 0.3037109359375 0.6171875 0.3076171859375 0.6171875 0.3564453140625 0.6318359359375 0.361328125 0.63671875 0.3740234359375 0.6455078140625 0.376953125 0.6552734359375 0.361328125 0.6728515640625 0.36328125 0.6826171859375 0.353515625 0.6923828140625 0.353515625 0.69921875 0.3603515640625 0.69140625 0.3837890640625 0.70703125 0.3935546859375 0.7373046859375 0.3828125 0.744140625 0.3740234359375 0.740234375 0.3583984359375 0.74609375 0.3447265640625
2 0.080078125 0.2548828140625 0.0859375 0.2783203140625 0.09765625 0.2822265640625 0.12011718593750001 0.27734375 0.126953125 0.2587890640625 0.10058593593750001 0.236328125 0.080078125 0.2548828140625
2 0.1953125 0.5654296859375 0.203125 0.5849609359375 0.2109375 0.5869140640625 0.2421875 0.5576171859375 0.2255859359375 0.5390625 0.2001953140625 0.53515625 0.1953125 0.5654296859375
2 0.1376953140625 0.353515625 0.1279296859375 0.34765625 0.099609375 0.3681640640625 0.09765625 0.3740234359375 0.125 0.3955078140625 0.15234375 0.3837890640625 0.15625 0.3525390640625 0.1513671859375 0.345703125 0.1376953140625 0.353515625
2 0.296875 0.7060546859375 0.2880859359375 0.66796875 0.267578125 0.6962890640625 0.2724609359375 0.703125 0.296875 0.7060546859375
0 0.7216796859375 0.58203125 0.71484375 0.5830078140625 0.71484375 0.6005859359375 0.701171875 0.6064453140625 0.705078125 0.6220703140625 0.6875 0.6533203140625 0.693359375 0.6962890640625 0.712890625 0.6962890640625 0.720703125 0.6552734359375 0.734375 0.6298828140625 0.734375 0.5966796859375 0.7216796859375 0.58203125
2 0.904296875 0.5673828140625 0.91015625 0.5791015640625 0.908203125 0.5986328140625 0.9169921859375 0.611328125 0.927734375 0.6142578140625 0.931640625 0.5693359359375 0.9267578140625 0.5625 0.9091796859375 0.5625 0.904296875 0.5673828140625
2 0.919921875 0.6826171859375 0.919921875 0.7001953140625 0.935546875 0.7158203140625 0.939453125 0.7353515640625 0.94921875 0.7392578140625 0.962890625 0.7275390640625 0.94140625 0.6845703140625 0.9287109359375 0.67578125 0.919921875 0.6826171859375
2 0.9638671859375 0.841796875 0.96484375 0.8583984359375 0.974609375 0.8681640640625 0.97265625 0.9091796859375 0.978515625 0.9169921859375 0.98828125 0.8759765640625 0.9990234359375 0.873046875 1 0.8642578140625 0.9638671859375 0.841796875
2 0.6669921859375 0.904296875 0.673828125 0.9033203140625 0.6796875 0.8857421859375 0.6689453140625 0.876953125 0.66015625 0.8935546859375 0.6669921859375 0.904296875
2 0.423828125 0.9990234359375 0.4091796859375 0.984375 0.396484375 0.9931640640625 0.3974609359375 1 0.423828125 0.9990234359375
2 0.408203125 0.07910156406249999 0.4296875 0.08300781406249999 0.416015625 0.040039064062500004 0.4072265640625 0.0390625 0.40234375 0.0537109359375 0.408203125 0.07910156406249999