2 0.1953125 0.1513671859375 0.2099609359375 0.154296875 0.2099609359375 0.1640625 0.2021484359375 0.158203125 0.1943359359375 0.1640625 0.1826171859375 0.16015625 0.1796875 0.1689453140625 0.1953125 0.2255859359375 0.2265625 0.2314453140625 0.236328125 0.1884765640625 0.2236328140625 0.134765625 0.2119140640625 0.150390625 0.1953125 0.1513671859375
2 0.189453125 0.0615234359375 0.1689453140625 0.0625 0.1494140640625 0.037109375 0.1298828140625 0.03515625 0.115234375 0.0556640640625 0.125 0.08886718593750001 0.13671875 0.09667968593750001 0.138671875 0.11816406406249999 0.1533203140625 0.123046875 0.1630859359375 0.1171875 0.17578125 0.12402343593750001 0.18359375 0.10644531406249999 0.181640625 0.09277343593750001 0.19140625 0.07714843593750001 0.189453125 0.0615234359375
2 0.296875 0.4150390640625 0.28515625 0.4619140640625 0.28515625 0.4814453140625 0.298828125 0.4931640640625 0.314453125 0.4794921859375 0.318359375 0.4501953140625 0.3056640640625 0.412109375 0.296875 0.4150390640625
2 0.384765625 0.6455078140625 0.361328125 0.6943359359375 0.3681640640625 0.712890625 0.3828125 0.7119140640625 0.3916015640625 0.7109375 0.41015625 0.6923828140625 0.3916015640625 0.64453125 0.384765625 0.6455078140625
2 0.3447265640625 0.521484375 0.322265625 0.5341796859375 0.3203125 0.5498046859375 0.33984375 0.5791015640625 0.33984375 0.6005859359375 0.359375 0.6103515640625 0.365234375 0.6005859359375 0.3671875 0.5576171859375 0.361328125 0.5341796859375 0.3447265640625 0.521484375
2 0.4375 0.8291015640625 0.419921875 0.8369140640625 0.427734375 0.8662109359375 0.4375 0.8701171859375 0.451171875 0.8486328140625 0.453125 0.8212890640625 0.4443359359375 0.8125 0.4375 0.8291015640625
2 0.478515625 0.8740234359375 0.4677734359375 0.849609375 0.4609375 0.8662109359375 0.462890625 0.9091796859375 0.4453125 0.9326171859375 0.443359375 0.9482421859375 0.4560546859375 0.953125 0.4677734359375 0.9453125 0.482421875 0.9580078140625 0.505859375 0.9306640640625 0.4921875 0.8994140640625 0.4921875 0.8798828140625 0.478515625 0.8740234359375
2 0.064453125 0.9287109359375 0.0625 0.9404296859375 0.072265625 0.9423828140625 0.09375 0.9287109359375 0.10058593593750001 0.90234375 0.07714843593750001 0.9140625 0.064453125 0.9287109359375
2 0.7939453140625 0.685546875 0.783203125 0.6982421859375 0.78125 0.7119140640625 0.7890625 0.7529296859375 0.7939453140625 0.759765625 0.802734375 0.7587890640625 0.810546875 0.7294921859375 0.80859375 0.7021484359375 0.8046875 0.6865234359375 0.7939453140625 0.685546875
2 0.8681640640625 0.78125 0.83984375 0.8076171859375 0.837890625 0.8212890640625 0.8359375 0.8388671859375 0.849609375 0.8720703140625 0.85546875 0.8740234359375 0.8671875 0.8466796859375 0.88671875 0.8251953140625 0.875 0.8173828140625 0.8681640640625 0.78125
2 0.6845703140625 0.14453125 0.6669921859375 0.171875 0.6396484359375 0.16796875 0.6328125 0.1748046859375 0.6328125 0.1884765640625 0.6484375 0.2216796859375 0.640625 0.2431640640625 0.6494140640625 0.251953125 0.66015625 0.2509765640625 0.6953125 0.2294921859375 0.685546875 0.2080078140625 0.689453125 0.1494140640625 0.6845703140625 0.14453125
2 0.74609375 0.3642578140625 0.736328125 0.3544921859375 0.7294921859375 0.33203125 0.6796875 0.3310546859375 0.68359375 0.3154296859375 0.677734375 0.3076171859375 0.677734375 0.2783203140625 0.6689453140625 0.26953125 0.65625 0.2880859359375 0.65625 0.3271484359375 0.6640625 0.3349609359375 0.666015625 0.3701171859375 0.6884765640625 0.390625 0.71875 0.3955078140625 0.7216796859375 0.4296875 0.7314453140625 0.42578125 0.744140625 0.4306640640625 0.763671875 0.4052734359375 0.767578125 0.3896484359375 0.748046875 0.3837890640625 0.74609375 0.3642578140625
2 0.5703125 0.0302734359375 0.5908203140625 0 0.5625 0.0009765640625 0.5625 0.0263671859375 0.5703125 0.0302734359375
2 1 0.016601564062499997 0.9931640640625 0.015625 0.982421875 0.041992185937499996 1 0.0595703140625 1 0.016601564062499997
2 0.8701171859375 0.783203125 0.8603515640625 0.783203125 0.8505859359375 0.796875 0.83984375 0.7998046859375 0.83984375 0.8505859359375 0.849609375 0.8720703140625 0.859375 0.8759765640625 0.8671875 0.8486328140625 0.88671875 0.8291015640625 0.875 0.8134765640625 0.8701171859375 0.783203125
1 0.7783203140625 0.83203125 0.7685546859375 0.818359375 0.76171875 0.8408203140625 0.7509765640625 0.837890625 0.73828125 0.8623046859375 0.748046875 0.9462890640625 0.75390625 0.9462890640625 0.7568359359375 0.98046875 0.7607421859375 0.96875 0.7646484359375 0.974609375 0.7880859359375 0.97265625 0.796875 0.9833984359375 0.783203125 0.9873046859375 0.7900390640625 0.994140625 0.8046875 0.9931640640625 0.80859375 0.9638671859375 0.82421875 0.9326171859375 0.78515625 0.8271484359375 0.7783203140625 0.83203125