2 0.8604677625000001 0.35198061875 0.85255833125 0.34396553281250003 0.8719907453125 0.334630334375 0.85522869375 0.3215146671875 0.8395690437500001 0.3191918546875 0.8250345359375 0.3296200875 0.8242278078125 0.34428375624999996 0.8459105093750001 0.360450659375 0.8576381906250001 0.3607241234375 0.8604677625000001 0.35198061875
2 0.76105540625 0.373154496875 0.7014510703125 0.37274347812499997 0.662654475 0.39728845156250003 0.6902465015625 0.417508475 0.75070305 0.4071722125 0.7535553687500001 0.4003869015625 0.7416912234375 0.3883642734375 0.76105540625 0.373154496875
2 0.571219778125 0.4323519953125 0.5321275078125 0.43144044531250003 0.5146269671875 0.438863025 0.5304458265625 0.45489319687499996 0.5676971984375 0.4655501390625 0.5665038250000001 0.4469245078125 0.576163171875 0.4373614234375 0.571219778125 0.4323519953125
2 0.2633915953125 0.5113112906249999 0.283142425 0.5293908109375 0.29291549375 0.5296186984375 0.3084614265625 0.5221505421875 0.31320012343750003 0.5095362234375 0.2671871015625 0.501611475 0.2633915953125 0.5113112906249999
2 0.1804576765625 0.6053029624999999 0.2066743765625 0.5912318062499999 0.2064014484375 0.567733478125 0.189593909375 0.5507014203125 0.1760708265625 0.5640897359375 0.1486607515625 0.5595352625000001 0.146774365625 0.5653642671875 0.171400359375 0.5825786359375 0.169582209375 0.594282221875 0.1804576765625 0.6053029624999999
2 0.156544696875 0.22887394687499998 0.15302211875 0.2620720875 0.16477254375 0.26430374687499997 0.1783411140625 0.25483181875 0.17755713281250002 0.271453678125 0.188341625 0.27464164687500003 0.22341094374999998 0.265671071875 0.2242631578125 0.25492379375 0.23592260625 0.249322675 0.21897860625 0.22054145468750003 0.1995461921875 0.22987665000000002 0.188000465625 0.2452687375 0.17431816718749998 0.24494969531250002 0.156544696875 0.22887394687499998
2 0.018676903124999998 0.3039657046875 0.0403141171875 0.31621622031249996 0.0762583953125 0.2984565625 0.057337034375 0.26767156718749996 0.0397000296875 0.26334498281249996 0.021347268750000002 0.281514840625 0.018676903124999998 0.3039657046875
2 0.281344284375 0.20633438124999998 0.2753894640625 0.1983648734375 0.246093009375 0.19963940468750002 0.239285978125 0.20241717499999998 0.240388375 0.21321003125 0.2698667875 0.2276010515625 0.293253915625 0.2222733984375 0.307720190625 0.20597058124999998 0.281344284375 0.20633438124999998
2 0.533454609375 0.1250970328125 0.5145105078125 0.092353846875 0.49894183437499995 0.09786380781250001 0.4832139515625 0.0896664125 0.46973634999999997 0.10697111562499999 0.489327971875 0.111343278125 0.5149653875 0.131517725 0.524761196875 0.13370380625 0.533454609375 0.1250970328125
2 0.6952608640625 0.76511069375 0.678430584375 0.74612044375 0.6647027984375 0.7418850140625 0.6434977265625 0.7668401828125 0.69434041875 0.769983390625 0.6952608640625 0.76511069375
2 0.5283802296875 0.7817748578125 0.5226301125 0.791429096875 0.551074353125 0.800901840625 0.52971006875 0.8121496515625 0.5426538703125 0.8330069437500001 0.5642001015625 0.8374246843750001 0.568041096875 0.83164125625 0.586644040625 0.8350115359375 0.5667794921875 0.8071410453125001 0.579382128125 0.7986254234375 0.6047693625 0.7972597375 0.609553546875 0.7885618109375 0.5967689578125001 0.781411875 0.5283802296875 0.7817748578125
2 0.2206657671875 0.8705251234375 0.23823454531250002 0.8689771265624999 0.24625769687500002 0.8867831828125 0.2608376921875 0.8802713328125 0.2625648640625 0.8607349703124999 0.2478029140625 0.8515812671875 0.2206657671875 0.8705251234375
2 0.1728346 0.8743039578125 0.15809539374999998 0.8671084499999999 0.14643594531249998 0.872709565625 0.128821684375 0.8703411765625001 0.1269353 0.87617018125 0.1416972484375 0.8853238828125001 0.142845134375 0.9000331265625 0.17294832031250001 0.8840949312499999 0.1728346 0.8743039578125
2 0.096627421875 0.8744846328125 0.085842934375 0.871296665625 0.07225161249999999 0.8788103984375001 0.048103246875 0.9027181046875 0.0491828984375 0.9115527671875 0.057046840625 0.9156514640625 0.07257002812499999 0.9062251140625 0.096718396875 0.8823174093749999 0.096627421875 0.8744846328125
2 0.48744433125000003 0.4538904921875 0.46003425625 0.44933601875000007 0.4561932609375 0.45511944687500006 0.48951266093749995 0.4637270390625 0.49355835312499996 0.47556735781250004 0.5013313171875 0.4718332796875 0.520991171875 0.48208002499999997 0.5363096625 0.455029928125 0.5676971984375 0.4655501390625 0.5665038250000001 0.4469245078125 0.5741858140625 0.4353576546875 0.5184679625 0.43307959687500003 0.5068767453125 0.44455529687500006 0.49512632031250003 0.44232363750000003 0.48744433125000003 0.4538904921875
2 0 0.64286036875 0.0088156015625 0.63262325 0.031236793750000002 0.6282519046874999 0.0192816734375 0.6083965 0.025031793749999996 0.598742265625 0.0200201703125 0.5878582546875 0.0044060078124999996 0.589451828125 0 0.5949011734375 0 0.64286036875
2 0.6256505406249999 0.071453434375 0.643378528125 0.0836127953125 0.6509695421874999 0.064213165625 0.6833001109375 0.051777385937499996 0.6538813203125 0.0495481640625 0.6449692359375 0.05232726875 0.6425435671875 0.048689040625 0.606628653125 0.0459675703125 0.5961266484375 0.053146026562500004 0.6030246531250001 0.0582010296875 0.60224066875 0.0748228921875 0.6256505406249999 0.071453434375