2 0.2035880015625 0.9835950453125 0.2114363234375 0.9830921015625 0.2173328203125 0.9643297734375 0.201772090625 0.9677630296874999 0.1945524578125 0.9840154828125 0.2035880015625 0.9835950453125
2 0.3059951421875 0.8998117546875 0.2939157203125 0.8985677000000001 0.278968303125 0.9077294531250001 0.27195310781250004 0.9258914 0.27532925937499997 0.9388287406250001 0.2878701328125 0.9350844687500001 0.3059951421875 0.8998117546875
2 0.3845231296875 0.8336205234375 0.37049862031249997 0.832805625 0.3477182578125 0.8524913328125001 0.3530920796875 0.8561921859374999 0.3762287375 0.8491328015624999 0.3862112078125 0.8400891937500001 0.3845231296875 0.8336205234375
2 0.4671398703125 0.8056192734375 0.448816296875 0.8018436921875001 0.4325896796875 0.8083557734375001 0.44261885312500004 0.8276436390624999 0.4561819140625 0.8334468640624999 0.466368825 0.826312753125 0.4671398703125 0.8056192734375
2 0.519201753125 0.7618815609375 0.548015953125 0.7799566812500001 0.5598909390625 0.7792912375000001 0.560609403125 0.7674050875 0.5468944828125 0.7508850375 0.519201753125 0.7618815609375
2 0.6781385015625 0.7121548625 0.6598149328125 0.708379278125 0.6489621359375 0.7185922171875 0.646654871875 0.7435338515625001 0.6615497109375 0.7431794203125001 0.6798265781249999 0.718623528125 0.6781385015625 0.7121548625
2 0.6958546359375 0.67306315 0.6759948484375 0.6735357203125 0.669797403125 0.6993356703125 0.6918592953125 0.6915361140625 0.6958546359375 0.67306315
2 0.8352878953125 0.63643534375 0.8534070249999999 0.638301428125 0.8618532812499999 0.633505975 0.858068253125 0.6167496375 0.87736730625 0.60174124375 0.8532084609374999 0.5992531328124999 0.8159947125 0.6143049390625 0.8302236640625 0.6170293421874999 0.8352878953125 0.63643534375
2 0.9586581375 0.5427588515624999 0.93368154375 0.5326327421875 0.9215495453125 0.540196009375 0.938488759375 0.5589365734375 0.9586581375 0.5427588515624999
2 0.061679378124999996 0.31944715 0.0989924078125 0.323919490625 0.1193662265625 0.30965126718749997 0.11875291562500001 0.30392276875 0.06971675625 0.3108326984375 0.061679378124999996 0.31944715
2 0.1310952234375 0.2611302015625 0.1530519609375 0.2709452984375 0.185300765625 0.2560116296875 0.1866325421875 0.2498539765625 0.15295268125 0.2514211484375 0.1310952234375 0.2611302015625
2 0.257374296875 0.22251816875000002 0.24273646875 0.2159747734375 0.23341989062500001 0.22193955625 0.23285328125000002 0.244542534375 0.2438579421875 0.24504641718750003 0.259062371875 0.22898683593750002 0.257374296875 0.22251816875000002
2 0.48097225625 0.0793633640625 0.4687876765625 0.095733959375 0.43520709531249996 0.11682527812500001 0.43054586875 0.1383770703125 0.4458495828125 0.1418416390625 0.46704115156250003 0.1352114109375 0.47205867343749996 0.12628594531249998 0.5004172953125 0.11221059062500001 0.5080983765625 0.09096981562499999 0.490697709375 0.07721757968750001 0.48097225625 0.0793633640625
2 0.8259307625 0.251488 0.8097567218749999 0.249192759375 0.8003875609375 0.26396486874999997 0.8232672046875 0.26380330937499996 0.8259307625 0.251488
2 0.77494364375 0.29596588281249997 0.7916317109375 0.2844654734375 0.7908139624999999 0.2768274765625 0.7260126421875001 0.2852611625 0.706100275 0.2945410578125 0.7142369375000001 0.30545075312500003 0.7364506937499999 0.3083680234375 0.77494364375 0.29596588281249997
2 0.9264154906250001 0.1951118625 0.9393652421875001 0.195186590625 0.9523675640624999 0.1864539953125 0.951140940625 0.174997 0.9258547578125 0.180576040625 0.9264154906250001 0.1951118625
2 0.59051626875 0.3493621265625 0.59133401875 0.3570001234375 0.607046609375 0.36428368906249997 0.6129870390625001 0.34538156875000003 0.6007031796875 0.3422280140625 0.59051626875 0.3493621265625
2 0.4947861765625 0.44084942031249996 0.5124438578125 0.44770382968750005 0.5260594937499999 0.44469973124999995 0.53527679375 0.41921079843750003 0.4979111890625 0.423545784375 0.4947861765625 0.44084942031249996
2 0.3979871953125 0.49445774374999996 0.348080709375 0.5025369984375 0.34976878437500003 0.50900566875 0.374336503125 0.515312778125 0.3979871953125 0.49445774374999996
2 0.470060725 0.46096428281249996 0.46125817343750003 0.453133415625 0.42987969843749996 0.46689775468750006 0.45900349062499995 0.4692677234375 0.470060725 0.46096428281249996
2 0.3549848765625 0.539128496875 0.2994475546875 0.550404725 0.33522436718750004 0.55912521875 0.3549848765625 0.539128496875
2 0.48262480781250006 0.634106678125 0.43747883749999994 0.640158290625 0.422069965625 0.6543083703125 0.45621127968749997 0.6477528718750001 0.48262480781250006 0.634106678125
2 0.42129892187499995 0.6750018484375 0.418536078125 0.667793009375 0.4035886609375 0.6769547640625 0.40215759999999995 0.6635882703125 0.383781453125 0.6686200125 0.39099521249999997 0.6895063578125 0.459277840625 0.6763953609375 0.4917310828125 0.6633711921875001 0.475761478125 0.6629854515625 0.472998634375 0.6557766109375 0.4638864921875 0.6636508937500001 0.46629303593750004 0.6582334125 0.4566201546875 0.651571871875 0.45456990781249995 0.669615678125 0.44551034375 0.6686826328125 0.441059425 0.655005128125 0.4383958671875 0.6673204375 0.4286704140625 0.6694662218749999 0.42355360624999994 0.658867540625 0.42129892187499995 0.6750018484375
2 0.034955976562500005 0.674240353125 0.03295830625 0.6834768375 0.05163817187500001 0.6998787421875 0.0769243625 0.6942997 0.09136361875 0.6617948 0.118594896875 0.6557866015625 0.12320355000000001 0.643042134375 0.1066206328125 0.63692789375 0.0636241890625 0.6444598515625 0.034955976562500005 0.674240353125