2 0.306640625 0.1513671859375 0.32421875 0.1591796859375 0.326171875 0.1318359359375 0.310546875 0.09863281406249999 0.3037109359375 0.09765625 0.306640625 0.1513671859375
2 0.3212890640625 0.234375 0.31640625 0.2412109359375 0.3125 0.2646484359375 0.318359375 0.2666015640625 0.333984375 0.2529296859375 0.337890625 0.2392578140625 0.3330078140625 0.234375 0.3212890640625 0.234375
2 0.4208984359375 0.37109375 0.4140625 0.3896484359375 0.39453125 0.3994140640625 0.416015625 0.4326171859375 0.416015625 0.4658203140625 0.423828125 0.4775390640625 0.4375 0.4404296859375 0.427734375 0.4130859359375 0.4296875 0.3818359359375 0.4208984359375 0.37109375
2 0.123046875 0.7314453140625 0.146484375 0.7509765640625 0.140625 0.7783203140625 0.154296875 0.7841796859375 0.166015625 0.7685546859375 0.162109375 0.7314453140625 0.12402343593750001 0.724609375 0.123046875 0.7314453140625
2 0.513671875 0.6279296859375 0.5048828140625 0.60546875 0.4970703140625 0.611328125 0.48828125 0.6044921859375 0.4755859359375 0.578125 0.474609375 0.6259765640625 0.501953125 0.6474609359375 0.5 0.6806640640625 0.50390625 0.6982421859375 0.509765625 0.6982421859375 0.517578125 0.6630859359375 0.52734375 0.6572265640625 0.52734375 0.6318359359375 0.513671875 0.6279296859375
2 0.568359375 0.8642578140625 0.578125 0.8701171859375 0.5859375 0.8642578140625 0.58984375 0.8408203140625 0.5712890640625 0.82421875 0.568359375 0.8642578140625
2 0.6025390640625 0.947265625 0.611328125 0.9462890640625 0.6171875 0.9267578140625 0.5927734359375 0.91015625 0.5859375 0.9267578140625 0.6025390640625 0.947265625
2 0.67578125 0.041992185937499996 0.6796875 0.07128906406249999 0.6875 0.07714843593750001 0.69921875 0.047851564062500004 0.6943359359375 0.01953125 0.6796875 0.0263671859375 0.67578125 0.041992185937499996
2 0.7666015640625 0.248046875 0.7578125 0.2548828140625 0.751953125 0.2880859359375 0.76953125 0.2998046859375 0.77734375 0.2939453140625 0.779296875 0.2685546859375 0.7734375 0.2509765640625 0.7666015640625 0.248046875
2 0.8291015640625 0.400390625 0.84375 0.4033203140625 0.845703125 0.3740234359375 0.8154296859375 0.357421875 0.810546875 0.3857421859375 0.8291015640625 0.400390625
2 0.7265625 0.1826171859375 0.7314453140625 0.1875 0.740234375 0.1826171859375 0.765625 0.1376953140625 0.7626953140625 0.12109375 0.7392578140625 0.12890625 0.7041015640625 0.126953125 0.689453125 0.1416015640625 0.6875 0.1845703140625 0.7021484359375 0.197265625 0.7109375 0.1962890640625 0.720703125 0.1865234359375 0.7216796859375 0.173828125 0.73046875 0.1767578140625 0.7265625 0.1826171859375
2 0.93359375 0.8037109359375 0.943359375 0.7900390640625 0.9267578140625 0.78515625 0.921875 0.7978515640625 0.93359375 0.8037109359375
2 0.890625 0.6826171859375 0.8974609359375 0.69140625 0.908203125 0.6904296859375 0.91796875 0.6865234359375 0.91796875 0.6787109359375 0.8994140640625 0.669921875 0.890625 0.6826171859375
2 0.9296875 0.8916015640625 0.921875 0.9130859359375 0.9287109359375 0.921875 0.939453125 0.9208984359375 0.958984375 0.8876953140625 0.9443359359375 0.845703125 0.927734375 0.8701171859375 0.9296875 0.8916015640625
2 0.8671875 0.5927734359375 0.875 0.5927734359375 0.87890625 0.5732421859375 0.8662109359375 0.560546875 0.859375 0.5751953140625 0.8671875 0.5927734359375
1 0.720703125 0.4482421859375 0.70703125 0.4345703140625 0.7109375 0.4228515640625 0.697265625 0.4130859359375 0.6982421859375 0.396484375 0.6689453140625 0.435546875 0.662109375 0.4345703140625 0.6455078140625 0.3984375 0.6328125 0.4326171859375 0.654296875 0.4541015640625 0.650390625 0.4853515640625 0.66015625 0.4951171859375 0.669921875 0.5322265640625 0.6796875 0.5439453140625 0.689453125 0.5107421859375 0.705078125 0.5048828140625 0.6953125 0.4677734359375 0.720703125 0.4482421859375