2 0.3517400953125 0.861045571875 0.3361222359375 0.861045571875 0.3308666984375 0.8718025 0.349310646875 0.8747362093750001 0.3517400953125 0.861045571875
2 0.450963084375 0.8708246000000001 0.4303623859375 0.8737583093750001 0.4443564828125 0.8923384578125001 0.4512915546875 0.8894047515624999 0.450963084375 0.8708246000000001
2 0.42603647968749997 0.913852315625 0.43586581874999997 0.9118965109375001 0.43809074218750005 0.904073290625 0.40928447187500006 0.8903826531249999 0.3836327515625 0.8982058734375 0.3762204640625 0.9148302171875 0.384835078125 0.9197197328125 0.42603647968749997 0.913852315625
2 0.3201511078125 0.8991837765625 0.33496328750000004 0.8942942640625 0.3351678078125 0.888426846875 0.3117410171875 0.888426846875 0.31227400312500003 0.901139584375 0.2964516234375 0.907006996875 0.282705425 0.9373219828125 0.2612990375 0.9353661765625001 0.22998274687500003 0.9656811578125 0.252262984375 0.9705706734374999 0.2721261765625 0.960791646875 0.28842577187499996 0.9412335921875 0.30013916875 0.9412335921875 0.32364653125 0.9109186078124999 0.3201511078125 0.8991837765625
2 0.5769285703125 0.8414875187499999 0.5399043296875 0.8395317140625 0.52077864375 0.8561560578125 0.5204377765625 0.8659350859374999 0.5387453796874999 0.8727804046875001 0.55881309375 0.8571339609375 0.5937487578125 0.863001378125 0.60350991875 0.863001378125 0.6056666749999999 0.8571339609375 0.596655415625 0.835620103125 0.5769285703125 0.8414875187499999
2 0.77822544375 0.8072609265624999 0.768873321875 0.79552609375 0.77594474375 0.7886807734375 0.805228228125 0.7886807734375 0.8224698546875 0.770100621875 0.8217323437499999 0.7632553046874999 0.78323308125 0.7476088625 0.7590563828125 0.7691227203125 0.7279570093750001 0.765211109375 0.7265377671875 0.7779238421875 0.7153573578125 0.7906365796875 0.67826494375 0.7906365796875 0.66445056875 0.8229073687499999 0.6808741125 0.82779688125 0.6910443125 0.8160620484375001 0.7342661234375 0.8082388265624999 0.7731744265625 0.8121504375 0.77822544375 0.8072609265624999
2 1 0.3850521296875 0.9928843140625 0.3896964796875 0.9644065078124999 0.394585990625 0.970318978125 0.420989365625 0.9818960265625 0.4249009765625 1 0.4156378890625 1 0.3850521296875
2 0.5937611984375 0.5266028546875 0.565624259375 0.52171334375 0.5738980046875 0.5363818828125 0.5937611984375 0.5266028546875
2 0.6822252203125 0.5090006078125 0.7236311484375 0.49726577499999997 0.729896884375 0.4855309421875 0.69684528125 0.48161933125 0.65934381875 0.4933541640625 0.6398896656249999 0.49139835937500004 0.6228525640625 0.5041110921875 0.6822252203125 0.5090006078125
2 0.761746165625 0.46792869374999996 0.74268865625 0.4825972375 0.7493510359375 0.48748674843749995 0.8079180109375 0.48748674843749995 0.8242176062500001 0.46792869374999996 0.843944453125 0.46206127812500003 0.85027836875 0.448370640625 0.8249675156249999 0.44641483437499996 0.7872615390625 0.464017084375 0.761746165625 0.46792869374999996
2 0.012640270312499998 0.7241606421875 0.012919310937500001 0.7241391968750001 0.0473343828125 0.6889347015625 0.012090037500000001 0.6926378093750001 0.012640270312499998 0.7241606421875
2 0.11817254375 0.644929078125 0.1228826890625 0.6498185921874999 0.1522343546875 0.6478627890624999 0.1565478609375 0.63612795625 0.1273325421875 0.63417215 0.11817254375 0.644929078125
2 0.968763428125 0.12957436718749998 0.9279028953124999 0.1256627546875 0.9149066015624999 0.13446388125 0.9213644609375 0.14522080937499998 0.935030090625 0.14522080937499998 0.966606678125 0.1354417828125 0.968763428125 0.12957436718749998
2 0.8562590546875001 0.1647788640625 0.8998217328125 0.1471766140625 0.903998890625 0.1393533921875 0.87283134375 0.1373975875 0.8646815468750001 0.1471766140625 0.8392343468749999 0.1491324203125 0.8240813031249999 0.163800959375 0.8562590546875001 0.1647788640625
2 0.5501427890625 0.20976238593750002 0.5448872515625001 0.2205193171875 0.594430571875 0.22736463437499999 0.6354956328125 0.2254088296875 0.6377205546875 0.21758560781249997 0.6204231609375 0.20976238593750002 0.5890510921875001 0.21367399687500002 0.5718218640625 0.2038949703125 0.5501427890625 0.20976238593750002
2 0.772585746875 0.156955640625 0.7532679421874999 0.15108822500000002 0.73549333125 0.156955640625 0.7162312984375 0.1774915984375 0.74025925 0.18824852812499998 0.7584429078125 0.17064627968749999 0.801119328125 0.1784695 0.812969071875 0.1745578890625 0.8172825765624999 0.1628230578125 0.8022101062500001 0.147176615625 0.772585746875 0.156955640625
2 0.686346646875 0.16673466875 0.664531225 0.1765136953125 0.6431930109375 0.172602084375 0.6301967203125 0.1814032109375 0.6315353921875 0.19900545625 0.64169319375 0.2156298015625 0.6694334921875 0.2038949703125 0.6946761703125001 0.20780658125 0.6970374406250001 0.19607175 0.6948249140625 0.175535790625 0.686346646875 0.16673466875
2 0.322159196875 0.309508459375 0.3132842921875 0.28408299062500003 0.301570896875 0.28408299062500003 0.290526834375 0.2928841125 0.29448707343749997 0.31928748749999997 0.319797925 0.32124329218750003 0.322159196875 0.309508459375
2 0.055949040625 0.38578486875 0.0305700140625 0.38578486875 0.023430421875 0.394585990625 0.0377653828125 0.4033871171875 0.055949040625 0.38578486875
2 0.021056790625 0.126640659375 0.0210443921875 0.1549998359375 0.042587121875 0.15304403125 0.0448120515625 0.14522080937499998 0.0395007390625 0.12957436718749998 0.021056790625 0.126640659375
2 0.40845190000000003 0 0.400917878125 0.0102702390625 0.371498040625 0.01418185 0.329819425 0.033739903125 0.30666532812499997 0.0259166828125 0.290570253125 0.0396073203125 0.2652594015625 0.0376515140625 0.2491643265625 0.05134215156250001 0.1809725375 0.047430540625 0.16797624375 0.0562316671875 0.1918678515625 0.0709002046875 0.2697526328125 0.076767621875 0.291772575 0.061121179687500006 0.32670824062500003 0.06698859375 0.33573189531250003 0.060143278125 0.3300797171875 0.054275857812499995 0.3334511953125 0.041563125 0.366434625 0.047430540625 0.38657051249999996 0.0298282921875 0.41766988749999995 0.033739903125 0.4334922671875 0.027872487499999998 0.4377375984375 0.018093459375000003 0.430628109375 0 0.40845190000000003 0
2 0.207907028125 0.9549242296875 0.1806439453125 0.9529684250000001 0.175047540625 0.9735043796875 0.19160743281249998 0.9744822843750001 0.207907028125 0.9549242296875