2 0.119140625 0.2470703140625 0.125 0.2490234359375 0.140625 0.2333984359375 0.1259765640625 0.1953125 0.12109375 0.1982421859375 0.119140625 0.2470703140625
2 0.072265625 0.2275390640625 0.099609375 0.2294921859375 0.10546875 0.2255859359375 0.1015625 0.1787109359375 0.08886718593750001 0.169921875 0.072265625 0.2275390640625
2 0.018554685937500003 0.076171875 0.047851564062500004 0.076171875 0.06542968593750001 0.103515625 0.080078125 0.10253906406249999 0.087890625 0.08300781406249999 0.0537109359375 0.04296875 0.021484375 0.0517578140625 0.018554685937500003 0.076171875
2 0.1875 0.4873046859375 0.181640625 0.4951171859375 0.18359375 0.5107421859375 0.19140625 0.5107421859375 0.201171875 0.5009765640625 0.1962890640625 0.453125 0.185546875 0.4619140640625 0.1875 0.4873046859375
2 0.318359375 0.7236328140625 0.3076171859375 0.712890625 0.28125 0.7294921859375 0.279296875 0.7470703140625 0.298828125 0.7666015640625 0.3046875 0.7998046859375 0.322265625 0.8115234359375 0.326171875 0.7958984359375 0.314453125 0.7861328140625 0.306640625 0.7607421859375 0.318359375 0.7236328140625
2 0.2412109359375 0.64453125 0.25 0.6455078140625 0.255859375 0.6181640640625 0.2431640640625 0.61328125 0.236328125 0.6357421859375 0.2412109359375 0.64453125
2 0.66015625 0.7958984359375 0.6474609359375 0.78515625 0.6318359359375 0.791015625 0.6220703140625 0.77734375 0.6103515640625 0.775390625 0.626953125 0.8173828140625 0.623046875 0.8583984359375 0.6435546859375 0.865234375 0.654296875 0.8955078140625 0.6640625 0.8994140640625 0.66796875 0.8818359359375 0.65234375 0.8505859359375 0.65234375 0.8193359359375 0.66015625 0.7958984359375
0 0.798828125 0.4599609359375 0.796875 0.4384765640625 0.7861328140625 0.423828125 0.7734375 0.4658203140625 0.76171875 0.4775390640625 0.7685546859375 0.5 0.7861328140625 0.48828125 0.80078125 0.5029296859375 0.8076171859375 0.48046875 0.8291015640625 0.484375 0.830078125 0.4794921859375 0.798828125 0.4599609359375
2 0.376953125 0.07910156406249999 0.376953125 0.09082031406249999 0.3828125 0.09277343593750001 0.4130859359375 0.087890625 0.419921875 0.08105468593750001 0.3916015640625 0.044921875 0.376953125 0.07910156406249999
2 0.408203125 0.1357421859375 0.41796875 0.1845703140625 0.427734375 0.1904296859375 0.4375 0.1494140640625 0.4296875 0.1298828140625 0.4130859359375 0.119140625 0.408203125 0.1357421859375
2 0.46484375 0.2548828140625 0.453125 0.2724609359375 0.462890625 0.2900390640625 0.46875 0.2900390640625 0.4765625 0.2822265640625 0.4716796859375 0.224609375 0.453125 0.2314453140625 0.46484375 0.2548828140625
2 0.75390625 0.2099609359375 0.763671875 0.2275390640625 0.76953125 0.1904296859375 0.7470703140625 0.18359375 0.740234375 0.2021484359375 0.75390625 0.2099609359375
2 0.8125 0.3603515640625 0.7998046859375 0.345703125 0.794921875 0.3505859359375 0.79296875 0.3994140640625 0.81640625 0.4267578140625 0.828125 0.3837890640625 0.8251953140625 0.376953125 0.8125 0.3837890640625 0.8125 0.3603515640625
2 0.9140625 0.8623046859375 0.92578125 0.8662109359375 0.953125 0.8466796859375 0.9521484359375 0.83203125 0.916015625 0.8310546859375 0.9140625 0.8623046859375
2 0.1796875 0.3837890640625 0.1796875 0.3759765640625 0.1728515640625 0.373046875 0.169921875 0.3779296859375 0.1796875 0.3837890640625
2 0.138671875 0.3974609359375 0.140625 0.4169921859375 0.146484375 0.4189453140625 0.162109375 0.3916015640625 0.1455078140625 0.376953125 0.138671875 0.3818359359375 0.138671875 0.3974609359375
2 0.7314453140625 0.119140625 0.712890625 0.1396484359375 0.712890625 0.1474609359375 0.73046875 0.1728515640625 0.740234375 0.1748046859375 0.744140625 0.1552734359375 0.732421875 0.1416015640625 0.73828125 0.12402343593750001 0.7314453140625 0.119140625