0 0.5111358328125 0.167335025 0.5301500453125 0.15313504687499999 0.5072928078125 0.1455703015625 0.51728981875 0.122246459375 0.5052916296875 0.11893931718749999 0.503971359375 0.13169412187500001 0.48469091718749996 0.15277522500000001 0.46165256406250005 0.1570148203125 0.4468436109375 0.1693708421875 0.4847651421875 0.1793492375 0.4957944171875 0.193453290625 0.5007023625 0.18769354062500002 0.51725715625 0.187198828125 0.5111358328125 0.167335025
2 0.42205941874999997 0.161749128125 0.447993646875 0.146769590625 0.4558825890625 0.13519312187500002 0.40753847343749994 0.12392245312500001 0.40858162187499997 0.13969955625 0.3873851078125 0.139072896875 0.3725761546875 0.15142891875 0.42205941874999997 0.161749128125
2 0.0938732296875 0.8301200312500001 0.093607 0.837001146875 0.1472104078125 0.8405541734374999 0.15211835468749998 0.8347944249999999 0.134786640625 0.8126309140625001 0.0938732296875 0.8301200312500001
2 0.1270570421875 0.8557046203124999 0.07467790156250001 0.856124353125 0.0660011578125 0.8666933859375 0.11758160625 0.8869170109375 0.117677609375 0.870189446875 0.12643946875 0.8645436328124999 0.1270570421875 0.8557046203124999
2 0.3675335703125 0.7732572453125 0.3926691046875 0.7789210671875 0.40186742343750004 0.7762405859375 0.40441195625 0.7674585390625001 0.373932015625 0.7645891390624999 0.3675335703125 0.7732572453125
2 0.5428122937500001 0.7518674078124999 0.5322194796875 0.7407286859375 0.5382556921874999 0.7556692609375 0.5428122937500001 0.7518674078124999
2 0.5715572843750001 0.7212247046875 0.56367923125 0.71115038125 0.5367869703125 0.7152760375 0.5359031640625 0.7309961734375 0.542120490625 0.7341324078125 0.5594630875 0.734645128125 0.5715572843750001 0.7212247046875
2 0.7229465125 0.6548422234375 0.6926367953125 0.6618192734375 0.6555030671875001 0.6528483109375001 0.64875328125 0.6634743125 0.6619648515625001 0.69240500625 0.673526584375 0.6927468203125 0.69630959375 0.6737375531249999 0.732048828125 0.66888930625 0.7490509656250001 0.6497091328125 0.7343380140625 0.645337590625 0.7229465125 0.6548422234375
2 0.8777987312500001 0.3208756453125 0.89760075 0.307683096875 0.8928739171875 0.301638503125 0.877106928125 0.30314064531249996 0.8606372468749999 0.30855858125 0.8530996562500001 0.318177153125 0.8149118937500001 0.315079878125 0.7993260171875 0.3047776796875 0.7811847265625 0.324908315625 0.8019338906250001 0.34422043750000003 0.81069575 0.3385746265625 0.8523860796875 0.343743734375 0.856602221875 0.32024898749999997 0.8777987312500001 0.3208756453125
2 0.8839982609374999 0.01105436875 0.8761835484375 0.0492048484375 0.9070148359375001 0.050116351562499994 0.9149037765625 0.038539884375 0.8986260984375001 0.0105026859375 0.8839982609374999 0.01105436875
2 0.2193846578125 0.4923335875 0.235321878125 0.500677890625 0.25740219531249997 0.485584415625 0.2475971890625 0.47545312187500005 0.2230683421875 0.48260107812499997 0.1925884 0.4797316796875 0.1886384859375 0.49634530625 0.2193846578125 0.4923335875
2 0 0.5575954624999999 0.0324264265625 0.5734107609375 0.0411882859375 0.56776495 0.0385804109375 0.5283221921875 0 0.5529862640625 0 0.5575954624999999
2 0.084294884375 0.5434516859375 0.1380794046875 0.5352003671875 0.1494709125 0.5256957359375 0.14124151406250002 0.51757930625 0.109185965625 0.51269504375 0.08202746718750001 0.523701821875 0.072648034375 0.53818665 0.084294884375 0.5434516859375
2 0.2437145921875 0.1840324625 0.2100834296875 0.177133334375 0.19947973125000001 0.187645403125 0.1958811640625 0.2023011328125 0.170830740625 0.20156053749999997 0.1517314171875 0.2108372953125 0.13509150625 0.2064087828125 0.130971365625 0.21317596718749998 0.135783309375 0.2241437828125 0.15750139218749998 0.23265899218750002 0.19675408125 0.20823179062500002 0.21830194062500002 0.20690055156249998 0.2437145921875 0.1840324625
2 0.333636178125 0.7732392390625 0.3225109046875 0.7758627515625001 0.3246932 0.7906893937499999 0.3319645640625 0.7879519390625 0.333636178125 0.7732392390625
2 0.2975347109375 0.801696171875 0.2816717171875 0.8199258828125 0.31679337812499997 0.8239166515624999 0.323979621875 0.816255975 0.31487730625 0.8022088921874999 0.2975347109375 0.801696171875