2 0.5972742234374999 0 0.58094785 0.009946317187500001 0.5744687390625 0.023085584375000003 0.5975717031250001 0.0249693171875 0.590227721875 0.048082896874999996 0.6174329937499999 0.0510421265625 0.6338400984375 0.072963565625 0.645932390625 0.0654690578125 0.6567326734375001 0.028887410937500003 0.732821615625 0 0.5972742234374999 0
2 0.257263103125 0.210715528125 0.27108089375 0.21851129062500002 0.265248846875 0.2373844046875 0.2868398765625 0.2435085984375 0.304762096875 0.23476041718750001 0.2980704796875 0.219559234375 0.3241973109375 0.21296205 0.3051977125 0.20334409843749998 0.315133125 0.17673675625000002 0.28231255625 0.1857522046875 0.26417570625 0.18377938437500002 0.25661709843749997 0.19617195625 0.257263103125 0.210715528125
2 0.41576231406249997 0.08070603125 0.39049929375 0.086138628125 0.35530085625 0.1181785671875 0.357242046875 0.13538011562500002 0.341477765625 0.15443141093749999 0.3468741984375 0.1669746125 0.3362917203125 0.1878481015625 0.349677078125 0.20063101562500002 0.367382553125 0.19878126875 0.38120564218749997 0.162528425 0.423311384375 0.1476009484375 0.4313013703125 0.13903094062500002 0.42288213125 0.1261589375 0.4554870125 0.11523220781250001 0.45959038124999996 0.1074979859375 0.43756797187499996 0.097551228125 0.42590811562499997 0.10005857968750001 0.4274211109375 0.0870084 0.41576231406249997 0.08070603125
2 0 0.375076234375 0.0147659734375 0.3901107046875 0.0642114546875 0.38730853593750003 0.0823493625 0.3804716359375 0.0655098203125 0.36353735 0.036145553125 0.3590847296875 0.033340553125 0.3430477640625 0.0182254546875 0.35021346875 0 0.34937741718750004 0 0.375076234375
2 0.09055715625 0.3561934703125 0.1244561640625 0.3567344375 0.14453738124999999 0.34947964374999996 0.1270497171875 0.3356212328125 0.1430296859375 0.3184812171875 0.14216693593750002 0.31083608281249997 0.1328828265625 0.307938390625 0.096822696875 0.3235234765625 0.0830059609375 0.30691799531249997 0.062922628125 0.331792228125 0.06508056718750001 0.342095340625 0.09055715625 0.3561934703125
2 0.3027753390625 0.5963768703125 0.32566367500000004 0.5875396 0.350924578125 0.5997264453125 0.3908702671875 0.5921152984375 0.3649623015625 0.574194603125 0.3807265828125 0.5551433078125 0.3783529578125 0.5429289109375001 0.339918146875 0.55510931875 0.31962230156250004 0.55164310625 0.299540021875 0.5677076203125 0.2902527328125 0.591239090625 0.3027753390625 0.5963768703125
2 0.20236713750000002 0.650270271875 0.2241770359375 0.6318765859375 0.187470903125 0.6329180984375 0.1537854625 0.65190785625 0.1248536296875 0.6424680796875 0.104553546875 0.6742407515625 0.095484065625 0.6820640609375 0.06590304687500001 0.6845098765625 0.055969753125 0.6934977734375 0.0564000671875 0.7061300625 0.034807981249999995 0.7088155921875 0.030703551562499997 0.7253595359375 0.05445358125000001 0.732977115625 0.057041834375 0.7559125156250001 0.0764738703125 0.7605433171875 0.10173795000000001 0.746300996875 0.097422075 0.725694775 0.10865161406249998 0.7105551343750001 0.14622155781249999 0.7083490328125001 0.162201525 0.691209021875 0.1855212375 0.6861943171875 0.2135924421875 0.6703695171875 0.215968184375 0.6649644734375 0.20236713750000002 0.650270271875
2 0.5182797109374999 0.442362909375 0.5187089625 0.46380491875 0.50748154375 0.46132511875000004 0.509426971875 0.44328778125 0.492153934375 0.440150375 0.47336684531250006 0.4588728640625 0.4634314328125 0.4854802078125 0.471417178125 0.5121490859375 0.48717828281250003 0.5195269515625001 0.49775863906250006 0.516272903125 0.49668126093750004 0.49790676562499997 0.561675340625 0.47414201875 0.5873697359375 0.47253198906250005 0.591688790625 0.46670905156250003 0.5819743625 0.451179065625 0.5832727281250001 0.42740788125 0.5696706218750001 0.42152340625000007 0.543542728125 0.4369303140625 0.5182797109374999 0.442362909375
2 0.7029025734375 0.33218539062499997 0.6882209734375 0.32555421875 0.6631736359375 0.33289810000000003 0.6532392812500001 0.35069572031249996 0.63769175 0.3628485796875 0.6379063781250001 0.37356958281249997 0.6603601593749999 0.38733890625 0.6603580390625 0.40495834999999997 0.6679145281250001 0.41018521718749995 0.693608928125 0.4085751875 0.7048395249999999 0.3846258265625 0.7279435484375 0.37769983749999997 0.7411164 0.362142303125 0.73226684375 0.33663801250000003 0.7443591359374999 0.32914350625 0.7478154375 0.31567543593749997 0.727087159375 0.3171963765625 0.7029025734375 0.33218539062499997
2 0.9440970999999999 0.21180028437499998 0.9080369765625 0.2273853671875 0.8991853000000001 0.21950051875 0.87802458125 0.22600861718749998 0.8709005296875001 0.21579459218750002 0.8611839796874999 0.217884053125 0.8432607015625001 0.2354419578125 0.8255552328125001 0.237291703125 0.8240422374999999 0.25034188125 0.795107221875 0.26733126875 0.7927304187499999 0.2815460359375 0.8786652890625 0.2846007921875 0.8784464218749999 0.3091186703125 0.8860029125000001 0.3143455421875 0.9190391703125 0.3072413765625 0.9291892109375001 0.29135503906250004 0.9646012171875 0.278845825 0.9458173046875 0.2711391546875 0.9598529078125001 0.26322675625 0.9613659 0.2501765796875 0.9365363734375001 0.24181229843750002 0.9520849671875 0.220849721875 0.9440970999999999 0.21180028437499998
2 0.7389213734375 0.6601794296875 0.7674207734375 0.6746063609374999 0.7857733046875001 0.6784904671875001 0.8060702109375001 0.67314695625 0.79052585625 0.6588706546875 0.8060733890625 0.6467177953125 0.8069382624999999 0.636743484375 0.76353839375 0.6402032625 0.740220796875 0.627598525 0.7337427484375 0.6319280734375 0.73266113125 0.6488008171875 0.7389213734375 0.6601794296875
2 0.8857564921875 0.567916171875 0.88575543125 0.5767258921875 0.9207307609375001 0.60444271875 0.9526864609375 0.6054015765625 0.9700902046875 0.583931925 0.973580221875 0.5089998546875 0.9369348984375 0.5187362203125 0.9272162343750001 0.5384451218749999 0.9038965203125 0.543459828125 0.8857564921875 0.567916171875
2 0.4871464890625 0.7838185859375 0.47311088906250004 0.7917309828125 0.4746175265625 0.8315391296874999 0.489946190625 0.8439041546875 0.5093792859375 0.8397252328125001 0.5182341421875 0.8211809156250001 0.509384584375 0.795676625 0.4871464890625 0.7838185859375
2 0.25760757968750003 0.936935225 0.29755220625 0.9381337984375 0.3174177375 0.928967725 0.3031706890625 0.8997299546875 0.26495368125 0.8962022046874999 0.256748009375 0.9028609296875001 0.25760757968750003 0.936935225
2 0.6030958703125 0.7706306515625 0.6259842078125 0.7617933796874999 0.636998059375 0.7447424546875 0.614759965625 0.7328844125 0.595326871875 0.7370633343749999 0.566821115625 0.775494728125 0.5663865625 0.7981013265625 0.573294925 0.8064040671875 0.580852475 0.802821215625 0.6030958703125 0.7706306515625
2 0.3662182796875 0.9028122625 0.3940706109375 0.91150534375 0.404004965625 0.8937077234374999 0.4214958109375 0.8811369718750001 0.41782699843750004 0.866264596875 0.43942014687500003 0.8547693484375 0.443092140625 0.8432125609375 0.4104904359375 0.8277101281249999 0.3772384875 0.8329030109375 0.36730519375 0.8418909078124999 0.35931096875 0.8856998 0.3662182796875 0.9028122625
2 0.1690802234375 0.9461839515625 0.11531250156249999 0.981238225 0.1115423890625 0.9907906671875001 0.17149914375 0.987298584375 0.17037116875 0.9840808171875001 0.1824645203125 0.9677765859375 0.179876265625 0.9448411859375 0.1690802234375 0.9461839515625