2 0.891028271875 0.6083577703125 0.880920096875 0.59132074375 0.8762203843749999 0.6056382078125 0.891028271875 0.6083577703125
2 0.8924637265625 0.6497891203124999 0.8932201687499999 0.6689681203125 0.8990932703125001 0.68188246875 0.907146478125 0.682075 0.9113518062500001 0.662778065625 0.8924637265625 0.6497891203124999
2 0.071531090625 0.6351307 0.06111315625 0.6303871046875 0.051112165625 0.633696328125 0.06400201093749999 0.66333724375 0.0761056671875 0.6503795515624999 0.071531090625 0.6351307
2 0.029227425 0.5576925046875 0.0411768203125 0.56060001875 0.030621960937499998 0.5120905703124999 0.026828556250000003 0.5119193625 0.029227425 0.5576925046875
2 0.9816623484375 0.75056481875 0.9862846203125001 0.73932070625 0.9732398953124999 0.7158265078125 0.961106496875 0.7053645890625 0.9517547625 0.7075065625 0.96285170625 0.734502515625 0.9816623484375 0.75056481875
2 0.6399737078125 0.264555984375 0.644548284375 0.2798048375 0.6548887796875 0.28762179374999997 0.6721865328125001 0.2653260984375 0.666885253125 0.2543178546875 0.651582984375 0.24661883593749998 0.6428030734375 0.250666915625 0.6399737078125 0.264555984375
2 0.3206866265625 0.3162979578125 0.3160940953125 0.350961671875 0.3304373453125 0.37212137031250003 0.3428030640625 0.3733632171875 0.3328200265625 0.326759871875 0.3206866265625 0.3162979578125
2 0.852561309375 0.48679534843749994 0.8609719703125001 0.4482014859375 0.8518525578125 0.4411233859375 0.8374616140625 0.44645665 0.8295930328125 0.46353701562499994 0.8388970656250001 0.48788800156249995 0.852561309375 0.48679534843749994
2 0.5483975046875 0.7255403609375 0.556188646875 0.7115333546875 0.545324028125 0.6753173343750001 0.5331906281250001 0.6648554156250001 0.520098203125 0.667854178125 0.5373303093749999 0.7219640171874999 0.5483975046875 0.7255403609375
2 0.613764221875 0.7635324765625 0.5664040078125 0.7489166296875001 0.5771911890625 0.788206009375 0.6007789828125001 0.7868774859375 0.615402246875 0.7723241546875 0.613764221875 0.7635324765625
2 0.11737225468750001 0.73463329375 0.1274506859375 0.7282507140625001 0.11879591249999999 0.702732475 0.095363 0.69791428125 0.076999040625 0.7133244078125001 0.1000447578125 0.7335093828125 0.11737225468750001 0.73463329375
2 0.5307960984375 0.012354415625 0.497338278125 0.0115756765625 0.5163883140625 0.0524872578125 0.528754034375 0.053729103125 0.5348297125 0.0340037796875 0.5307960984375 0.012354415625
2 0.556654346875 0.0534499015625 0.5489703875 0.08780315625 0.5703303796875 0.12568941718749999 0.58292841875 0.11771119375000001 0.5844592640624999 0.10615662031249999 0.5727607578125 0.053834957812499994 0.5655116921875 0.046328464062500005 0.556654346875 0.0534499015625
2 0.3573786359375 0.385302846875 0.325892509375 0.3802921265625 0.32363496875000003 0.3960873078125 0.3338205828125 0.410050975 0.338657221875 0.43949935937499995 0.347776634375 0.446577459375 0.355907278125 0.4436966296875 0.36961921875 0.41611101093749997 0.36706986875 0.394287053125 0.3573786359375 0.385302846875
2 0.6262976734375 0.192316471875 0.63824645 0.185505496875 0.634553453125 0.15986931875 0.59700960625 0.12467135781250001 0.5904990359375 0.1862564296875 0.6063731265625 0.195861559375 0.6262976734375 0.192316471875
2 0.4608728109375 0.5337312046875 0.44153804374999994 0.48926983125 0.42550906875 0.485811421875 0.4013197078125 0.46181422968749997 0.38960325 0.459405134375 0.3856302390625 0.46948199218750003 0.4034044203125 0.50207833125 0.4065255953125 0.525808396875 0.43224580156250003 0.53825101875 0.43575417187500004 0.5466143 0.45567871562500006 0.5430692078125 0.4608728109375 0.5337312046875
2 0.093940396875 0.090171790625 0.100230440625 0.11113895781250001 0.1240028625 0.1270833296875 0.14296838437499998 0.13699891718749999 0.147435775 0.1319015234375 0.16395913281250002 0.1403393984375 0.17640229062499999 0.13850788593750002 0.159509690625 0.09552422968749999 0.1581814203125 0.074439125 0.093940396875 0.090171790625
2 0.2844889984375 0.252272528125 0.281784765625 0.23659528281250003 0.265910675 0.22699015625 0.2509479078125 0.23041731250000003 0.219509478125 0.19891362968749998 0.2186576421875 0.2327205578125 0.228223740625 0.2712710828125 0.256493296875 0.3055376609375 0.2694308390625 0.3086856109375 0.2676081875 0.2826210453125 0.2844889984375 0.252272528125
2 0.3416057984375 1 0.3430045828125 0.9803668546875001 0.3314132609375 0.9483914406249999 0.2973777859375 0.9215567578125 0.2601139546875 0.8506457640624999 0.24400754375 0.8502607078125 0.22844320625 0.82836215 0.21031156874999998 0.8345522015625001 0.2100018109375 0.8468456312500001 0.196260128125 0.8510116421875 0.21236654062500002 0.8513966984374999 0.22109875156249997 0.87384158125 0.23167156718749998 0.872438465625 0.25300181718750003 0.886905121875 0.24448397187499998 0.9051527359374999 0.262877671875 0.9131622187499999 0.28038979375 0.9315590265625 0.28091391875 0.9599580937500001 0.296710571875 0.9726365781249999 0.300713325 0.9859793218749999 0.3173915609375 0.9882704875 0.320250671875 0.9978010171875 0.319201896875 1 0.3416057984375 1
2 0.7342463921875 0.901958571875 0.724894665625 0.90410054375 0.72263711875 0.9198957249999999 0.7287722828125001 0.9470096109374999 0.7434252906250001 0.9558758812500001 0.7473208625 0.948872375 0.7337043140625 0.92347206875 0.7396251109375 0.9098934578125 0.7342463921875 0.901958571875