2 0.529296875 0.041992185937499996 0.533203125 0.018554685937500003 0.55078125 0.010742185937499999 0.5478515640625 0 0.447265625 0.0009765640625 0.44921875 0.047851564062500004 0.4365234359375 0.048828125 0.43359375 0.0615234359375 0.44921875 0.08105468593750001 0.4453125 0.10253906406249999 0.4560546859375 0.1015625 0.46484375 0.12402343593750001 0.478515625 0.1298828140625 0.484375 0.11816406406249999 0.4765625 0.09667968593750001 0.50390625 0.07714843593750001 0.529296875 0.041992185937499996
2 0.556640625 0.2783203140625 0.5498046859375 0.275390625 0.5322265640625 0.29296875 0.5166015640625 0.271484375 0.515625 0.2978515640625 0.505859375 0.3115234359375 0.521484375 0.3369140640625 0.5234375 0.3701171859375 0.53515625 0.3740234359375 0.552734375 0.3564453140625 0.541015625 0.3173828140625 0.55078125 0.3115234359375 0.556640625 0.2783203140625
2 0.6396484359375 0.583984375 0.62890625 0.5869140640625 0.623046875 0.6318359359375 0.6337890640625 0.6484375 0.642578125 0.6474609359375 0.6640625 0.6220703140625 0.66796875 0.5986328140625 0.6630859359375 0.58984375 0.6396484359375 0.583984375
2 0.6552734359375 0.6875 0.6640625 0.7548828140625 0.673828125 0.7607421859375 0.681640625 0.7548828140625 0.681640625 0.7294921859375 0.66796875 0.6923828140625 0.6552734359375 0.6875
2 0.0283203140625 0.0390625 0.01171875 0.036132814062500004 0.013671875 0.049804685937499996 0.0263671859375 0.064453125 0.041992185937499996 0.064453125 0.0517578140625 0.080078125 0.0625 0.07910156406249999 0.06640625 0.0595703140625 0.048828125 0.043945314062500004 0.043945314062500004 0.021484375 0.0283203140625 0.0390625
2 0.2255859359375 0.32421875 0.20703125 0.3310546859375 0.177734375 0.4033203140625 0.1796875 0.4150390640625 0.205078125 0.4365234359375 0.2109375 0.4248046859375 0.2109375 0.3779296859375 0.228515625 0.3603515640625 0.2255859359375 0.32421875
2 0.10058593593750001 0.244140625 0.08984375 0.2626953140625 0.095703125 0.2802734359375 0.119140625 0.2978515640625 0.111328125 0.3193359359375 0.15234375 0.3544921859375 0.16015625 0.3310546859375 0.154296875 0.2978515640625 0.119140625 0.2529296859375 0.10058593593750001 0.244140625
2 0.2333984359375 0.482421875 0.22265625 0.4814453140625 0.22265625 0.4990234359375 0.212890625 0.5146484359375 0.212890625 0.5224609359375 0.220703125 0.5263671859375 0.2392578140625 0.513671875 0.25 0.5146484359375 0.2431640640625 0.474609375 0.2333984359375 0.482421875
2 0.279296875 0.6591796859375 0.2578125 0.6630859359375 0.271484375 0.6923828140625 0.29296875 0.7080078140625 0.3125 0.6923828140625 0.2958984359375 0.6171875 0.28125 0.6337890640625 0.279296875 0.6591796859375
2 0.322265625 0.7978515640625 0.31640625 0.7666015640625 0.3095703140625 0.763671875 0.2939453140625 0.794921875 0.2607421859375 0.791015625 0.2578125 0.7978515640625 0.2724609359375 0.814453125 0.2890625 0.8173828140625 0.287109375 0.8349609359375 0.2919921859375 0.83984375 0.314453125 0.8427734359375 0.314453125 0.8310546859375 0.337890625 0.8154296859375 0.341796875 0.8017578140625 0.322265625 0.7978515640625
2 0.3642578140625 0.8828125 0.3349609359375 0.890625 0.328125 0.8994140640625 0.34375 0.9228515640625 0.337890625 0.9482421859375 0.34765625 0.9951171859375 0.3525390640625 1 0.40234375 0.9990234359375 0.4140625 0.9755859359375 0.41015625 0.9404296859375 0.380859375 0.9287109359375 0.3642578140625 0.8828125