2 0.015625 0.4189453140625 0.020507814062499997 0.427734375 0.03125 0.4287109359375 0.03125 0.4013671859375 0.018554685937500003 0.392578125 0.01171875 0.4013671859375 0.015625 0.4189453140625
2 0.02734375 0.4482421859375 0.0009765640625 0.421875 0 0.5126953140625 0.01953125 0.5146484359375 0.0390625 0.5009765640625 0.041015625 0.4892578140625 0.02734375 0.4775390640625 0.02734375 0.4482421859375
2 0.05078125 0.6259765640625 0.0595703140625 0.63671875 0.072265625 0.6357421859375 0.087890625 0.6044921859375 0.07910156406249999 0.587890625 0.05859375 0.6025390640625 0.05078125 0.6259765640625
2 0.2109375 0.9990234359375 0.220703125 0.9990234359375 0.240234375 0.9658203140625 0.2314453140625 0.9453125 0.201171875 0.9697265640625 0.2109375 0.9990234359375
2 0.2001953140625 0.83203125 0.17578125 0.8642578140625 0.193359375 0.8935546859375 0.1953125 0.9248046859375 0.203125 0.9267578140625 0.224609375 0.8818359359375 0.220703125 0.8369140640625 0.2138671859375 0.830078125 0.2001953140625 0.83203125
2 0.314453125 0.08886718593750001 0.328125 0.09472656406249999 0.3359375 0.08691406406249999 0.337890625 0.06542968593750001 0.3173828140625 0.060546875 0.314453125 0.08886718593750001
2 0.517578125 0.6318359359375 0.544921875 0.6083984359375 0.5322265640625 0.609375 0.515625 0.6259765640625 0.517578125 0.6318359359375
2 0.396484375 0.4169921859375 0.408203125 0.4208984359375 0.419921875 0.4189453140625 0.4248046859375 0.3984375 0.392578125 0.4033203140625 0.396484375 0.4169921859375
2 0.5498046859375 0.787109375 0.548828125 0.8369140640625 0.5595703140625 0.849609375 0.56640625 0.8486328140625 0.576171875 0.8291015640625 0.57421875 0.8095703140625 0.5615234359375 0.78515625 0.5498046859375 0.787109375
2 0.5078125 0.6865234359375 0.513671875 0.7060546859375 0.533203125 0.7216796859375 0.537109375 0.7333984359375 0.5625 0.7490234359375 0.560546875 0.6728515640625 0.5498046859375 0.650390625 0.5126953140625 0.671875 0.5078125 0.6865234359375
2 0.7080078140625 0.03125 0.685546875 0.06347656406249999 0.6923828140625 0.078125 0.708984375 0.08300781406249999 0.708984375 0.10449218593750001 0.7265625 0.11816406406249999 0.736328125 0.08300781406249999 0.728515625 0.07324218593750001 0.72265625 0.036132814062500004 0.7080078140625 0.03125
2 0.8349609359375 0.25390625 0.8203125 0.2529296859375 0.8173828140625 0.232421875 0.810546875 0.2333984359375 0.806640625 0.2548828140625 0.794921875 0.2724609359375 0.798828125 0.3115234359375 0.8046875 0.3134765640625 0.810546875 0.2939453140625 0.8271484359375 0.2890625 0.841796875 0.2685546859375 0.8349609359375 0.25390625
2 0.865234375 0.5068359359375 0.8671875 0.4951171859375 0.8564453140625 0.484375 0.857421875 0.5068359359375 0.865234375 0.5068359359375
2 0.8564453140625 0.45703125 0.861328125 0.4736328140625 0.873046875 0.4814453140625 0.88671875 0.4736328140625 0.88671875 0.4619140640625 0.8740234359375 0.453125 0.8564453140625 0.45703125
2 0.99609375 0.7626953140625 0.9990234359375 0.724609375 0.966796875 0.7353515640625 0.9794921859375 0.755859375 0.99609375 0.7626953140625
2 0.9619140640625 0.619140625 0.921875 0.6572265640625 0.931640625 0.6728515640625 0.93359375 0.7060546859375 0.9453125 0.7119140640625 0.951171875 0.7099609359375 0.953125 0.6748046859375 0.966796875 0.6494140640625 0.9619140640625 0.619140625