2 0.138671875 0.5126953140625 0.14453125 0.5263671859375 0.154296875 0.5029296859375 0.1494140640625 0.4921875 0.142578125 0.4951171859375 0.138671875 0.5126953140625
2 0.5419921859375 0.48828125 0.53515625 0.4951171859375 0.533203125 0.5107421859375 0.541015625 0.5205078140625 0.53515625 0.5283203140625 0.55078125 0.5322265640625 0.556640625 0.5244140640625 0.544921875 0.5146484359375 0.548828125 0.4931640640625 0.5419921859375 0.48828125
2 0.384765625 0.0283203140625 0.40234375 0.0283203140625 0.416015625 0.0126953140625 0.4169921859375 0 0.38671875 0.0009765640625 0.384765625 0.0283203140625
2 0.607421875 0.8408203140625 0.623046875 0.8486328140625 0.6396484359375 0.841796875 0.64453125 0.8330078140625 0.6318359359375 0.794921875 0.607421875 0.8408203140625
2 0.2109375 0.6845703140625 0.212890625 0.6943359359375 0.2060546859375 0.701171875 0.1904296859375 0.693359375 0.1875 0.7060546859375 0.1982421859375 0.720703125 0.2119140640625 0.71875 0.216796875 0.7333984359375 0.224609375 0.7353515640625 0.24609375 0.7099609359375 0.228515625 0.7001953140625 0.2236328140625 0.67578125 0.2109375 0.6845703140625
2 1 0.7568359359375 0.9736328140625 0.751953125 0.966796875 0.7939453140625 0.984375 0.8212890640625 0.986328125 0.8447265640625 1 0.8564453140625 1 0.7568359359375
2 0.09863281406249999 0.28515625 0.07910156406249999 0.2890625 0.068359375 0.2998046859375 0.080078125 0.3427734359375 0.064453125 0.3525390640625 0.0625 0.3681640640625 0.07128906406249999 0.37890625 0.083984375 0.3798828140625 0.10546875 0.3701171859375 0.09375 0.3173828140625 0.109375 0.2919921859375 0.09863281406249999 0.28515625
2 0.69140625 0.8759765640625 0.6787109359375 0.873046875 0.669921875 0.8779296859375 0.662109375 0.9130859359375 0.673828125 0.9541015640625 0.671875 0.9794921859375 0.685546875 0.9833984359375 0.705078125 0.9580078140625 0.70703125 0.9423828140625 0.697265625 0.9208984359375 0.69140625 0.8759765640625
2 0.1396484359375 0.544921875 0.1279296859375 0.55078125 0.111328125 0.5771484359375 0.111328125 0.5908203140625 0.1494140640625 0.59765625 0.1611328140625 0.609375 0.1796875 0.6083984359375 0.1796875 0.5888671859375 0.19921875 0.5615234359375 0.197265625 0.5478515640625 0.1396484359375 0.544921875
2 0.619140625 0.6044921859375 0.595703125 0.5986328140625 0.59375 0.5771484359375 0.5810546859375 0.564453125 0.578125 0.6005859359375 0.583984375 0.6240234359375 0.572265625 0.6376953140625 0.572265625 0.6552734359375 0.5966796859375 0.677734375 0.62109375 0.6826171859375 0.6328125 0.6591796859375 0.6328125 0.6396484359375 0.623046875 0.6298828140625 0.619140625 0.6044921859375
2 0.2802734359375 0.927734375 0.2705078140625 0.888671875 0.2431640640625 0.90234375 0.240234375 0.9091796859375 0.259765625 0.9267578140625 0.2724609359375 0.953125 0.314453125 0.9560546859375 0.3203125 0.9990234359375 0.3359375 0.9990234359375 0.33984375 0.9248046859375 0.3330078140625 0.91796875 0.2998046859375 0.912109375 0.2802734359375 0.927734375
2 0.48046875 0.2041015640625 0.482421875 0.1572265640625 0.48046875 0.1416015640625 0.4736328140625 0.13671875 0.4580078140625 0.142578125 0.451171875 0.1591796859375 0.427734375 0.1728515640625 0.427734375 0.1943359359375 0.439453125 0.2177734359375 0.443359375 0.2470703140625 0.4521484359375 0.25390625 0.48046875 0.2568359359375 0.498046875 0.2412109359375 0.50390625 0.2060546859375 0.4990234359375 0.201171875 0.48046875 0.2041015640625