2 0 0.1650390640625 0.005859375 0.1650390640625 0.0283203140625 0.142578125 0.04296875 0.1455078140625 0.038085935937499996 0.126953125 0.020507814062499997 0.12109375 0 0.1259765640625 0 0.1650390640625
2 0.169921875 0.4541015640625 0.14453125 0.4150390640625 0.1318359359375 0.380859375 0.109375 0.4013671859375 0.107421875 0.4326171859375 0.09375 0.4443359359375 0.091796875 0.4619140640625 0.1259765640625 0.46484375 0.1416015640625 0.478515625 0.1513671859375 0.47265625 0.16015625 0.4794921859375 0.16796875 0.5146484359375 0.16796875 0.6005859359375 0.1796875 0.6044921859375 0.205078125 0.5732421859375 0.19921875 0.5166015640625 0.169921875 0.4775390640625 0.169921875 0.4541015640625
2 0.107421875 0.3447265640625 0.09375 0.3154296859375 0.09765625 0.2431640640625 0.07421875 0.2080078140625 0.072265625 0.1904296859375 0.043945314062500004 0.177734375 0.037109375 0.2060546859375 0.044921875 0.2294921859375 0.046875 0.2724609359375 0.03515625 0.2958984359375 0.068359375 0.3251953140625 0.072265625 0.3408203140625 0.0625 0.3740234359375 0.07421875 0.3779296859375 0.08300781406249999 0.373046875 0.08691406406249999 0.376953125 0.091796875 0.3544921859375 0.107421875 0.3447265640625
2 0.314453125 0.9169921859375 0.306640625 0.9404296859375 0.318359375 0.9638671859375 0.318359375 0.9970703140625 0.326171875 0.9990234359375 0.326171875 0.9638671859375 0.34375 0.9208984359375 0.3349609359375 0.892578125 0.314453125 0.9169921859375
2 0.2490234359375 0.71484375 0.25 0.6767578140625 0.2294921859375 0.66796875 0.208984375 0.6826171859375 0.203125 0.7119140640625 0.2119140640625 0.716796875 0.2421875 0.7119140640625 0.24609375 0.7197265640625 0.23046875 0.7294921859375 0.228515625 0.7392578140625 0.228515625 0.7509765640625 0.2421875 0.7568359359375 0.267578125 0.7451171859375 0.279296875 0.7080078140625 0.2607421859375 0.703125 0.2490234359375 0.71484375
2 0.41796875 0.1298828140625 0.421875 0.10058593593750001 0.4091796859375 0.087890625 0.40234375 0.11035156406249999 0.41796875 0.1298828140625
2 0.3818359359375 0 0.376953125 0.0068359359375 0.37890625 0.045898435937499996 0.39453125 0.0537109359375 0.40234375 0.041992185937499996 0.400390625 0.0126953140625 0.4111328140625 0 0.3818359359375 0
2 0.4150390640625 0.140625 0.408203125 0.1630859359375 0.43359375 0.1865234359375 0.451171875 0.1708984359375 0.451171875 0.1494140640625 0.4404296859375 0.138671875 0.4150390640625 0.140625
2 0.482421875 0.2841796859375 0.501953125 0.2197265640625 0.4541015640625 0.208984375 0.44921875 0.2333984359375 0.482421875 0.2841796859375
2 0.53515625 0.4091796859375 0.5263671859375 0.390625 0.515625 0.4052734359375 0.51953125 0.4267578140625 0.509765625 0.4404296859375 0.509765625 0.4619140640625 0.5185546859375 0.4765625 0.52734375 0.4755859359375 0.53125 0.4599609359375 0.544921875 0.4443359359375 0.53125 0.4208984359375 0.53515625 0.4091796859375
2 0.556640625 0.5615234359375 0.5546875 0.5810546859375 0.54296875 0.5947265640625 0.5498046859375 0.61328125 0.56640625 0.6123046859375 0.580078125 0.6083984359375 0.587890625 0.5732421859375 0.5849609359375 0.53515625 0.556640625 0.5615234359375
2 0.6005859359375 0.638671875 0.5810546859375 0.630859375 0.576171875 0.6435546859375 0.556640625 0.6572265640625 0.5673828140625 0.6796875 0.5849609359375 0.671875 0.6005859359375 0.67578125 0.611328125 0.7060546859375 0.6171875 0.7080078140625 0.638671875 0.6630859359375 0.630859375 0.6513671859375 0.6259765640625 0.6171875 0.6005859359375 0.638671875
2 0.666015625 0.7392578140625 0.6435546859375 0.728515625 0.6162109359375 0.75390625 0.6083984359375 0.75390625 0.60546875 0.7666015640625 0.6142578140625 0.775390625 0.6298828140625 0.77734375 0.64453125 0.8076171859375 0.65625 0.8095703140625 0.662109375 0.8037109359375 0.658203125 0.7744140640625 0.666015625 0.7607421859375 0.666015625 0.7392578140625
2 0.70703125 0.9150390640625 0.705078125 0.8662109359375 0.6826171859375 0.865234375 0.6669921859375 0.8515625 0.658203125 0.8603515640625 0.658203125 0.8759765640625 0.6796875 0.9248046859375 0.6796875 0.9951171859375 0.6826171859375 1 0.7265625 0.9990234359375 0.7265625 0.9814453140625 0.7109375 0.9736328140625 0.701171875 0.9365234359375 0.70703125 0.9150390640625
2 0.8056640640625 0.0390625 0.7744140640625 0.04296875 0.76953125 0.049804685937499996 0.76953125 0.06933593593750001 0.7578125 0.09863281406249999 0.7626953140625 0.109375 0.7734375 0.10839843593750001 0.794921875 0.09277343593750001 0.798828125 0.06738281406249999 0.806640625 0.0615234359375 0.8056640640625 0.0390625
2 0.869140625 0.1865234359375 0.869140625 0.1689453140625 0.8623046859375 0.162109375 0.8447265640625 0.162109375 0.8310546859375 0.150390625 0.80078125 0.1806640640625 0.81640625 0.1982421859375 0.8046875 0.2158203140625 0.8046875 0.2275390640625 0.8134765640625 0.236328125 0.826171875 0.2373046859375 0.833984375 0.2314453140625 0.83984375 0.2080078140625 0.8583984359375 0.203125 0.869140625 0.1865234359375
2 0.9345703140625 0.54296875 0.9150390640625 0.55859375 0.904296875 0.5244140640625 0.8857421859375 0.517578125 0.87890625 0.5302734359375 0.884765625 0.5498046859375 0.8974609359375 0.560546875 0.9140625 0.5634765640625 0.90625 0.5712890640625 0.916015625 0.5908203140625 0.91015625 0.6259765640625 0.921875 0.6298828140625 0.935546875 0.6201171859375 0.955078125 0.5830078140625 0.94921875 0.5458984359375 0.9345703140625 0.54296875
2 1 0.6630859359375 0.9638671859375 0.66015625 0.955078125 0.6669921859375 0.95703125 0.7001953140625 0.947265625 0.7216796859375 0.9677734359375 0.72265625 0.9716796859375 0.73046875 0.984375 0.7158203140625 0.984375 0.7392578140625 0.9716796859375 0.732421875 0.966796875 0.7373046859375 0.974609375 0.7919921859375 0.984375 0.8017578140625 1 0.7939453140625 1 0.7451171859375 0.98828125 0.7392578140625 0.9892578140625 0.732421875 1 0.7294921859375 1 0.6630859359375
2 0.90625 0.4130859359375 0.919921875 0.4033203140625 0.921875 0.3916015640625 0.921875 0.3779296859375 0.91015625 0.3720703140625 0.912109375 0.3603515640625 0.9033203140625 0.349609375 0.8876953140625 0.353515625 0.8740234359375 0.373046875 0.8564453140625 0.375 0.849609375 0.3837890640625 0.85546875 0.3994140640625 0.8740234359375 0.408203125 0.880859375 0.4189453140625 0.87890625 0.4365234359375 0.8662109359375 0.451171875 0.849609375 0.4580078140625 0.849609375 0.4697265640625 0.8583984359375 0.48046875 0.892578125 0.4931640640625 0.91015625 0.4716796859375 0.91015625 0.4521484359375 0.900390625 0.4287109359375 0.90625 0.4130859359375