2 0.212890625 0.5146484359375 0.2158203140625 0.529296875 0.234375 0.5302734359375 0.251953125 0.5126953140625 0.2412109359375 0.478515625 0.220703125 0.4873046859375 0.212890625 0.5146484359375
2 0.01171875 0.040039064062500004 0.020507814062499997 0.0625 0.0625 0.07910156406249999 0.068359375 0.06347656406249999 0.043945314062500004 0.0234375 0.032226564062500004 0.037109375 0.01171875 0.040039064062500004
2 0.3115234359375 0.78125 0.302734375 0.7841796859375 0.2939453140625 0.802734375 0.26171875 0.8115234359375 0.2685546859375 0.82421875 0.2802734359375 0.826171875 0.2939453140625 0.84375 0.30859375 0.8486328140625 0.341796875 0.8154296859375 0.3349609359375 0.806640625 0.31640625 0.8037109359375 0.3115234359375 0.78125
2 0.30078125 0.6279296859375 0.2919921859375 0.62109375 0.28125 0.6337890640625 0.279296875 0.6650390640625 0.2666015640625 0.669921875 0.259765625 0.6826171859375 0.2841796859375 0.7109375 0.298828125 0.7119140640625 0.310546875 0.7041015640625 0.3125 0.6943359359375 0.30078125 0.6611328140625 0.30078125 0.6279296859375
2 0.23046875 0.3349609359375 0.2236328140625 0.32421875 0.208984375 0.3291015640625 0.17578125 0.4033203140625 0.19140625 0.4326171859375 0.205078125 0.4365234359375 0.212890625 0.4189453140625 0.2109375 0.3857421859375 0.228515625 0.3662109359375 0.23046875 0.3349609359375
2 0.09667968593750001 0.25 0.08984375 0.2607421859375 0.095703125 0.2822265640625 0.119140625 0.3037109359375 0.11328125 0.3310546859375 0.1318359359375 0.337890625 0.1494140640625 0.357421875 0.15625 0.3564453140625 0.1640625 0.3291015640625 0.154296875 0.2978515640625 0.11425781406249999 0.251953125 0.09667968593750001 0.25
2 0.34375 0.9033203140625 0.3447265640625 0.89453125 0.3349609359375 0.89453125 0.333984375 0.9072265640625 0.345703125 0.9208984359375 0.337890625 0.9384765640625 0.345703125 0.9931640640625 0.3525390640625 1 0.3984375 0.9990234359375 0.412109375 0.9716796859375 0.40625 0.9423828140625 0.3779296859375 0.935546875 0.34375 0.9033203140625
2 0.4892578140625 0.0703125 0.47265625 0.06542968593750001 0.4765625 0.038085935937499996 0.46875 0.020507814062499997 0.4580078140625 0.015625 0.451171875 0.0283203140625 0.453125 0.0556640640625 0.4345703140625 0.064453125 0.4296875 0.07714843593750001 0.4404296859375 0.0859375 0.44921875 0.08496093593750001 0.447265625 0.10839843593750001 0.4580078140625 0.111328125 0.4765625 0.1337890640625 0.484375 0.12402343593750001 0.4765625 0.10058593593750001 0.498046875 0.08691406406249999 0.4892578140625 0.0703125
2 0.6572265640625 0.685546875 0.654296875 0.7021484359375 0.6640625 0.7568359359375 0.669921875 0.7607421859375 0.6796875 0.7568359359375 0.68359375 0.7353515640625 0.669921875 0.6943359359375 0.6572265640625 0.685546875
2 0.6669921859375 0.5859375 0.6357421859375 0.58203125 0.626953125 0.5888671859375 0.623046875 0.6044921859375 0.623046875 0.6337890640625 0.6357421859375 0.650390625 0.65234375 0.6513671859375 0.66015625 0.6279296859375 0.671875 0.6162109359375 0.673828125 0.5986328140625 0.6669921859375 0.5859375
2 0.5517578140625 0.26953125 0.5341796859375 0.287109375 0.5166015640625 0.279296875 0.505859375 0.3154296859375 0.517578125 0.3349609359375 0.521484375 0.3720703140625 0.53125 0.3759765640625 0.5546875 0.3544921859375 0.544921875 0.3251953140625 0.5546875 0.2900390640625 0.5517578140625 0.26953125
2 0.9560546859375 0.435546875 0.947265625 0.4443359359375 0.95703125 0.4619140640625 0.966796875 0.4638671859375 0.982421875 0.4521484359375 0.982421875 0.4423828140625 0.9716796859375 0.43359375 0.9560546859375 0.435546875
2 1 0.6025390640625 0.9794921859375 0.59765625 0.9560546859375 0.61328125 0.953125 0.6240234359375 0.97265625 0.6396484359375 0.9794921859375 0.65625 0.98828125 0.6572265640625 1 0.6357421859375 1 0.6025390640625
2 0.849609375 0.0009765640625 0.8291015640625 0 0.826171875 0.020507814062499997 0.8359375 0.0595703140625 0.845703125 0.08105468593750001 0.857421875 0.08496093593750001 0.87109375 0.0556640640625 0.861328125 0.043945314062500004 0.859375 0.020507814062499997 0.849609375 0.0009765640625
2 0.8935546859375 0.1328125 0.8623046859375 0.13671875 0.8515625 0.1572265640625 0.86328125 0.1943359359375 0.861328125 0.2353515640625 0.875 0.2451171859375 0.884765625 0.2333984359375 0.884765625 0.1923828140625 0.90234375 0.1474609359375 0.8935546859375 0.1328125
0 0.5478515640625 0 0.46875 0.0009765640625 0.4765625 0.049804685937499996 0.48828125 0.0556640640625 0.4970703140625 0.072265625 0.50390625 0.07128906406249999 0.529296875 0.041992185937499996 0.53515625 0.020507814062499997 0.55078125 0.0126953140625 0.5478515640625 0