2 0.1291004859375 0.8813095687500001 0.106125684375 0.8723756312500001 0.09233160625 0.88519966875 0.1205549484375 0.8899457828124999 0.1291004859375 0.8813095687500001
2 0.20382127031250002 0.8580437828124999 0.18474954062499999 0.8496309859375 0.16449478281250002 0.8567037796875001 0.15416014375 0.87585605 0.1586692875 0.8813467218750001 0.1763809984375 0.88175615625 0.20382127031250002 0.8580437828124999
2 0.23758890781250003 0.8547306812500001 0.273012321875 0.8555495453124999 0.2842779046875 0.8629200625 0.3010586671875 0.8368067046875 0.300896228125 0.8260300765625 0.239038575 0.8099490390625 0.229295453125 0.8213585171875 0.24582413125000002 0.8372535359375 0.23758890781250003 0.8547306812500001
0 0.678165709375 0.7649429984375 0.68597185625 0.765985278125 0.6954192234375001 0.7584472015625 0.686696690625 0.7435944578125 0.7031525828125 0.6959278453125 0.690526975 0.6805539640625 0.6707158515625 0.681819659375 0.650136225 0.667339196875 0.6390476328125 0.6834576359375 0.5949162453125 0.6804983546875001 0.6188074328125001 0.703242753125 0.5921065515625 0.7172766328125 0.6006666468749999 0.7213527453124999 0.6384852359375001 0.716625084375 0.638957984375 0.7362426421875 0.6550139125000001 0.7325201046875 0.678165709375 0.7649429984375
2 0.796855446875 0.7338598640625 0.8143901609374999 0.7107803421875001 0.7939584109375 0.6943641796875 0.733460778125 0.68628650625 0.7366244578125001 0.6964861390625 0.7543507234375 0.7096078968749999 0.75316769375 0.7250934874999999 0.7407190828125 0.7332085640625 0.7353372234375 0.7520444109375 0.7514077078125 0.7610342 0.767167878125 0.7611830625 0.7745158328125 0.755320109375 0.770140009375 0.7351814125 0.796855446875 0.7338598640625
2 0.38724349999999996 0.4699358171875 0.41425469687499994 0.46474286875 0.4167831890625 0.4445483171875 0.354009153125 0.41465681875 0.33900293125 0.41754179062499996 0.3493957984375 0.449238825 0.38002886875 0.4611507421875 0.38724349999999996 0.4699358171875
2 0.348389765625 0.48821337187499997 0.336355671875 0.46509669374999996 0.2251180953125 0.45024420000000004 0.2176222625 0.4580428453125 0.2300999890625 0.4753524265625 0.215699840625 0.4832069328125 0.20821856562500002 0.5037179046875 0.24108437343750003 0.49930666874999996 0.25805668437499996 0.5093945953125 0.289104278125 0.49007476250000004 0.3093881484375 0.508426621875 0.322901028125 0.5121863125 0.348389765625 0.48821337187499997
2 1 0.315142690625 0.984743153125 0.31310558906249997 0.9733442453125001 0.320383096875 1 0.33803185468749997 1 0.315142690625
2 0.9846535031249999 0.3658905953125 0.9852450171875 0.35814780156250003 0.9567113609375 0.34456075468749997 0.92865045625 0.35059126875 0.9101702406250001 0.33443567500000004 0.8868996828125001 0.3293731359375 0.883454803125 0.335757225 0.89398099375 0.35280623437499997 0.8768753578125 0.3573663359375 0.8732825999999999 0.3656861234375 0.8913046187500001 0.3749364859375 0.943996109375 0.38197188125000003 0.9547889390625001 0.3697248390625 0.9846535031249999 0.3658905953125
2 0.659772109375 0.0379952375 0.6660994687499999 0.05839450625 0.6800705406249999 0.0690594234375 0.71398605 0.063810621875 0.7184806390625 0.05658896875 0.711413884375 0.04586819375 0.6819929625000001 0.043895340625 0.6708752578125 0.0345891265625 0.659772109375 0.0379952375
2 0.525041 0.085513234375 0.5567092203125 0.083875259375 0.5634510984375 0.0730427765625 0.5487260765624999 0.059344021875 0.49528064374999997 0.049274796875 0.5056589546875 0.068259509375 0.5011643671875 0.0754811625 0.525041 0.085513234375