2 0.232421875 0.5986328140625 0.224609375 0.6103515640625 0.234375 0.6162109359375 0.240234375 0.5966796859375 0.2255859359375 0.58984375 0.22265625 0.5986328140625 0.232421875 0.5986328140625
2 0.1171875 0.2021484359375 0.123046875 0.1904296859375 0.10058593593750001 0.171875 0.1015625 0.1923828140625 0.1171875 0.2021484359375
2 0.19921875 0.5126953140625 0.2265625 0.5185546859375 0.21484375 0.4775390640625 0.2021484359375 0.4765625 0.193359375 0.4853515640625 0.19921875 0.5126953140625
2 0.1015625 0.2314453140625 0.109375 0.2626953140625 0.103515625 0.2783203140625 0.12109375 0.2822265640625 0.13671875 0.2626953140625 0.13671875 0.2509765640625 0.10644531406249999 0.216796875 0.1015625 0.2314453140625
2 0.125 0.3076171859375 0.125 0.3271484359375 0.11230468593750001 0.326171875 0.109375 0.3330078140625 0.123046875 0.3740234359375 0.134765625 0.3779296859375 0.15234375 0.3681640640625 0.169921875 0.3369140640625 0.1376953140625 0.30078125 0.125 0.3076171859375
2 0.07128906406249999 0.109375 0.052734375 0.10644531406249999 0.056640625 0.0595703140625 0.020507814062499997 0.03515625 0.0234375 0.06542968593750001 0.015625 0.07714843593750001 0.029296875 0.08496093593750001 0.044921875 0.12402343593750001 0.044921875 0.1318359359375 0.029296875 0.1455078140625 0.05859375 0.1650390640625 0.06738281406249999 0.158203125 0.08496093593750001 0.16015625 0.091796875 0.1435546859375 0.07128906406249999 0.109375
2 0.09375 0.9619140640625 0.09375 0.9775390640625 0.103515625 0.9775390640625 0.123046875 0.9619140640625 0.11816406406249999 0.9453125 0.09863281406249999 0.953125 0.09375 0.9619140640625
2 0.052734375 0.9169921859375 0.068359375 0.9248046859375 0.087890625 0.9033203140625 0.09082031406249999 0.857421875 0.052734375 0.8876953140625 0.052734375 0.9169921859375
2 0.3740234359375 0.880859375 0.365234375 0.9111328140625 0.380859375 0.9287109359375 0.3828125 0.9404296859375 0.369140625 0.9697265640625 0.408203125 0.9755859359375 0.404296875 0.9482421859375 0.38671875 0.9208984359375 0.3828125 0.8935546859375 0.3740234359375 0.880859375
2 0.314453125 0.7353515640625 0.3095703140625 0.748046875 0.287109375 0.7490234359375 0.29296875 0.7861328140625 0.310546875 0.7880859359375 0.341796875 0.7705078140625 0.33203125 0.7392578140625 0.3232421859375 0.732421875 0.314453125 0.7353515640625
2 0.56640625 0.6923828140625 0.5849609359375 0.703125 0.595703125 0.7021484359375 0.591796875 0.6767578140625 0.5673828140625 0.6640625 0.560546875 0.6728515640625 0.56640625 0.6923828140625
2 0.494140625 0.4384765640625 0.505859375 0.4775390640625 0.513671875 0.4794921859375 0.52734375 0.4755859359375 0.5390625 0.4423828140625 0.4990234359375 0.423828125 0.494140625 0.4384765640625
2 0.4365234359375 0.23828125 0.43359375 0.2587890640625 0.45703125 0.3095703140625 0.482421875 0.3330078140625 0.484375 0.3134765640625 0.462890625 0.2802734359375 0.4609375 0.2529296859375 0.4365234359375 0.23828125
2 0.36328125 0.06542968593750001 0.37890625 0.09277343593750001 0.388671875 0.09277343593750001 0.404296875 0.049804685937499996 0.3720703140625 0.015625 0.36328125 0.034179685937499996 0.36328125 0.06542968593750001
2 0.375 0.11816406406249999 0.375 0.1533203140625 0.39453125 0.1787109359375 0.419921875 0.1396484359375 0.421875 0.1259765640625 0.3857421859375 0.109375 0.375 0.11816406406249999
2 0.7109375 0.9990234359375 0.712890625 0.9736328140625 0.7060546859375 0.970703125 0.703125 0.9990234359375 0.7109375 0.9990234359375
2 0.685546875 0.9873046859375 0.693359375 0.9931640640625 0.697265625 0.9755859359375 0.6953125 0.9560546859375 0.6904296859375 0.955078125 0.685546875 0.9873046859375
2 0.65625 0.8818359359375 0.642578125 0.9111328140625 0.6474609359375 0.921875 0.6640625 0.9306640640625 0.6865234359375 0.919921875 0.693359375 0.9052734359375 0.6552734359375 0.857421875 0.65625 0.8818359359375
2 0.73828125 0.0517578140625 0.73828125 0.07714843593750001 0.74609375 0.08886718593750001 0.74609375 0.10449218593750001 0.751953125 0.10644531406249999 0.759765625 0.10058593593750001 0.76171875 0.07714843593750001 0.7548828140625 0.044921875 0.73828125 0.0517578140625
2 0.771484375 0.1318359359375 0.775390625 0.1435546859375 0.78515625 0.1455078140625 0.794921875 0.11816406406249999 0.7880859359375 0.056640625 0.771484375 0.07714843593750001 0.771484375 0.1318359359375
2 0.8525390640625 0.318359375 0.87109375 0.3115234359375 0.84765625 0.2958984359375 0.857421875 0.2744140640625 0.8544921859375 0.24609375 0.8310546859375 0.267578125 0.8173828140625 0.24609375 0.796875 0.2646484359375 0.79296875 0.2861328140625 0.798828125 0.2958984359375 0.791015625 0.3095703140625 0.8046875 0.3193359359375 0.810546875 0.3408203140625 0.8203125 0.3193359359375 0.8330078140625 0.310546875 0.8427734359375 0.330078125 0.8525390640625 0.318359375
2 0.9375 0.6904296859375 0.9453125 0.6865234359375 0.9423828140625 0.681640625 0.927734375 0.6826171859375 0.9375 0.6904296859375
2 0.87890625 0.6572265640625 0.8828125 0.6689453140625 0.8955078140625 0.685546875 0.908203125 0.6865234359375 0.91796875 0.6748046859375 0.912109375 0.6494140640625 0.8837890640625 0.6484375 0.87890625 0.6572265640625
2 0.943359375 0.8544921859375 0.9541015640625 0.87109375 0.9609375 0.8701171859375 0.970703125 0.8212890640625 0.9580078140625 0.80859375 0.947265625 0.8193359359375 0.943359375 0.8544921859375
2 0.8798828140625 0.517578125 0.8662109359375 0.517578125 0.845703125 0.5439453140625 0.86328125 0.5556640640625 0.876953125 0.5849609359375 0.884765625 0.5869140640625 0.890625 0.5810546859375 0.8828125 0.5654296859375 0.884765625 0.5244140640625 0.8798828140625 0.517578125