2 0.22265625 0.9423828140625 0.234375 0.9287109359375 0.2333984359375 0.896484375 0.20703125 0.9169921859375 0.22265625 0.9423828140625
2 0.1279296859375 0.521484375 0.1357421859375 0.5078125 0.12207031406249999 0.51171875 0.09277343593750001 0.5390625 0.07519531406249999 0.533203125 0.064453125 0.5419921859375 0.0546875 0.5751953140625 0.06347656406249999 0.587890625 0.080078125 0.5888671859375 0.099609375 0.5458984359375 0.11328125 0.5341796859375 0.111328125 0.5283203140625 0.1279296859375 0.521484375
2 0.181640625 0.8056640640625 0.1953125 0.8408203140625 0.197265625 0.8701171859375 0.208984375 0.8740234359375 0.228515625 0.8291015640625 0.2265625 0.7880859359375 0.2119140640625 0.7734375 0.181640625 0.8056640640625
2 0 0.4599609359375 0.029296875 0.4619140640625 0.048828125 0.4501953140625 0.048828125 0.4365234359375 0.037109375 0.4013671859375 0.044921875 0.3720703140625 0.03515625 0.3447265640625 0.022460935937500003 0.33984375 0.015625 0.3486328140625 0.015625 0.3720703140625 0 0.3759765640625 0 0.4599609359375
2 0.6474609359375 0.978515625 0.630859375 0.9970703140625 0.65625 0.9990234359375 0.6474609359375 0.978515625
2 0.3203125 0.034179685937499996 0.328125 0.038085935937499996 0.341796875 0.0146484359375 0.3330078140625 0.001953125 0.318359375 0.0068359359375 0.3203125 0.034179685937499996
2 0.396484375 0.3330078140625 0.40234375 0.3505859359375 0.416015625 0.3544921859375 0.427734375 0.3447265640625 0.4228515640625 0.322265625 0.4169921859375 0.33203125 0.396484375 0.3330078140625
2 0.548828125 0.7490234359375 0.5546875 0.7607421859375 0.55078125 0.7724609359375 0.556640625 0.7880859359375 0.56640625 0.7919921859375 0.572265625 0.7880859359375 0.578125 0.7568359359375 0.5576171859375 0.732421875 0.548828125 0.7490234359375
2 0.5322265640625 0.60546875 0.5166015640625 0.59375 0.515625 0.6513671859375 0.5322265640625 0.65625 0.5419921859375 0.671875 0.55078125 0.6728515640625 0.564453125 0.6689453140625 0.55859375 0.5966796859375 0.5498046859375 0.591796875 0.5322265640625 0.60546875
2 0.765625 0.1513671859375 0.7724609359375 0.15234375 0.775390625 0.1435546859375 0.763671875 0.12011718593750001 0.7529296859375 0.11328125 0.7373046859375 0.119140625 0.734375 0.1474609359375 0.7392578140625 0.15234375 0.7568359359375 0.150390625 0.767578125 0.1611328140625 0.75 0.1318359359375 0.7509765640625 0.123046875 0.7587890640625 0.126953125 0.765625 0.1513671859375
2 0.82421875 0.1845703140625 0.8173828140625 0.1640625 0.80859375 0.1669921859375 0.796875 0.1923828140625 0.796875 0.2294921859375 0.8046875 0.2333984359375 0.8310546859375 0.220703125 0.84375 0.2021484359375 0.8369140640625 0.189453125 0.82421875 0.1845703140625
2 0.73046875 0.0009765640625 0.6845703140625 0 0.689453125 0.020507814062499997 0.703125 0.032226564062500004 0.7109375 0.0517578140625 0.71484375 0.09863281406249999 0.724609375 0.10449218593750001 0.734375 0.08496093593750001 0.73046875 0.06738281406249999 0.736328125 0.018554685937500003 0.73046875 0.0009765640625
2 0.8173828140625 0.302734375 0.828125 0.3037109359375 0.83984375 0.2939453140625 0.8369140640625 0.279296875 0.8125 0.2919921859375 0.8173828140625 0.302734375
2 0.8623046859375 0.388671875 0.8515625 0.3935546859375 0.8625 0.4166666671875 0.859375 0.4443359359375 0.8671875 0.4443359359375 0.869140625 0.4248046859375 0.884765625 0.4150390640625 0.888671875 0.3994140640625 0.8623046859375 0.388671875
2 0.9619140640625 0.55078125 0.923828125 0.5947265640625 0.9375 0.6083984359375 0.943359375 0.6376953140625 0.951171875 0.6396484359375 0.953125 0.6064453140625 0.96875 0.5791015640625 0.96875 0.5576171859375 0.9619140640625 0.55078125
2 0.99609375 0.6943359359375 0.9990234359375 0.66015625 0.97265625 0.6708984359375 0.9765625 0.6865234359375 0.99609375 0.6943359359375
2 0.884765625 0.5634765640625 0.89453125 0.5693359359375 0.904296875 0.5595703140625 0.9013671859375 0.55078125 0.88671875 0.5537109359375 0.884765625 0.5634765640625