0 0.4977720234375 0.8206671265625 0.526534296875 0.79429935625 0.5439125171875 0.7986511203125 0.5605322187499999 0.78997725 0.5246883718750001 0.77014045 0.5150763 0.7558851171875001 0.48978873125 0.7564642640625 0.4984141015625 0.7763966734375 0.477932571875 0.7841034890625 0.50124673125 0.794878503125 0.4977720234375 0.8206671265625
2 0.8439816109375 0.2083116890625 0.8548667921875 0.22683527187500002 0.86612336875 0.23162880624999999 0.8977182750000001 0.22374286406250002 0.8998348843749999 0.21736136718750002 0.847228125 0.20122577812500003 0.8439816109375 0.2083116890625
2 0.9263373421875001 0.19240242968750002 0.8763617937499999 0.16112796093749998 0.871041159375 0.1627576765625 0.8656355375 0.188062771875 0.913579465625 0.2020433609375 0.9263373421875001 0.19240242968750002
2 1 0.187004890625 0.9956062953125 0.1880264640625 0.9921740796874999 0.201977396875 0.9950492046875 0.20862153437500003 1 0.20986128750000002 1 0.187004890625
2 0.763068959375 0.18113844375000002 0.7581197203125 0.169038109375 0.7430013171875001 0.16327751875000002 0.7400836984375 0.1684710671875 0.7525708953125 0.1893705390625 0.763068959375 0.18113844375000002
2 0.7035552843749999 0.20474240937500002 0.715984259375 0.1969938421875 0.7091041046875 0.1844099796875 0.67496298125 0.1837594234375 0.690038890625 0.2013577046875 0.7035552843749999 0.20474240937500002
2 0.59825678125 0.1961466046875 0.5824805765625001 0.19417073125 0.5773031468750001 0.2007731109375 0.5839976078125 0.2202219984375 0.63697575625 0.22262753750000003 0.6316976125 0.2124195671875 0.6011319046875 0.2027907421875 0.59825678125 0.1961466046875
2 0.470747265625 0.2283947875 0.4616072953125 0.217219759375 0.44422908124999994 0.21286799687500002 0.4280814796875 0.22462217187500003 0.4557295734375 0.2394445484375 0.470747265625 0.2283947875
2 0.35317872031249997 0.2730059484375 0.36141696875 0.26618268125 0.354107203125 0.238680825 0.3407765109375 0.22843109843749998 0.31238562812500004 0.24106881875 0.27824450624999997 0.24041826249999998 0.2640278203125 0.25265596874999996 0.2765575046875 0.2617177515625 0.31427404999999997 0.2533900359375 0.35317872031249997 0.2730059484375
2 0.1199079671875 0.5601677781250001 0.145009840625 0.5664536578125 0.17048310312499998 0.5590094875 0.21711142031250003 0.5805595140625 0.2318002125 0.5714021140625001 0.2305695953125 0.5552961765625 0.24638829062499998 0.5454343640625 0.22660705937499998 0.5375187671874999 0.20984414999999998 0.5412199734375001 0.16736406406249998 0.5305823328125 0.1594122203125 0.54735093125 0.1257432 0.5497806781250001 0.1199079671875 0.5601677781250001
2 0.9963899062499999 0.50812758125 0.953151309375 0.48446430781250005 0.9522653156249999 0.5069517375 0.9462868796875 0.5123661765625 0.9597607781249999 0.5275885687499999 0.9963899062499999 0.50812758125
2 0.7413976375 0.5203005328125 0.7571313468749999 0.5341140921875 0.8041310625 0.5419340734375 0.8104384 0.5346272734374999 0.807420071875 0.5230104734375 0.7630090734375 0.5118893046874999 0.7413976375 0.5203005328125
2 0.899944965625 0.5007614765625 0.8538894640624999 0.49910210624999995 0.8483831343749999 0.5075968484375 0.8605839187500001 0.5185509921875 0.889218715625 0.5276962875 0.9248611406249999 0.51391238125 0.919254096875 0.50559676875 0.899944965625 0.5007614765625
2 0.6246394671875 0.8326893906249999 0.644505690625 0.8169296078125001 0.63663883125 0.810022828125 0.6218068390625 0.8142075640625 0.585448390625 0.80312815 0.5622349453125 0.8091634890625 0.5541398953125001 0.8209594203125 0.598837303125 0.8420259203124999 0.6027416265625 0.831155290625 0.6246394671875 0.8326893906249999
2 0.7876214453125 0.8340080515625001 0.8092753703125 0.8137591343749999 0.8327752296875 0.8176691249999999 0.8456763109375001 0.813000859375 0.86272563125 0.8192449828124999 0.865500040625 0.809078765625 0.8457612953125 0.7893254828125 0.799005496875 0.8032885203125 0.7771076546875 0.8017544203125 0.76081685 0.8085359328124999 0.7577135390625 0.82059450625 0.7876214453125 0.8340080515625001
2 0.13739627031249999 0.8479196468750001 0.1392689625 0.8197551375 0.1112919734375 0.806825121875 0.10611454375 0.8134275015625001 0.1224210703125 0.8471317203125001 0.13739627031249999 0.8479196468750001