2 0.365234375 0.6025390640625 0.3564453140625 0.580078125 0.3486328140625 0.59375 0.33984375 0.5908203140625 0.3349609359375 0.57421875 0.3251953140625 0.587890625 0.3154296859375 0.583984375 0.310546875 0.5888671859375 0.3203125 0.6103515640625 0.31640625 0.6337890640625 0.322265625 0.6357421859375 0.3408203140625 0.609375 0.3525390640625 0.62109375 0.361328125 0.6201171859375 0.365234375 0.6025390640625
2 0.427734375 0.7490234359375 0.4375 0.7158203140625 0.435546875 0.7041015640625 0.419921875 0.6923828140625 0.4130859359375 0.67578125 0.40234375 0.6806640640625 0.376953125 0.7177734359375 0.3828125 0.7529296859375 0.37890625 0.7724609359375 0.3876953140625 0.783203125 0.396484375 0.7822265640625 0.4013671859375 0.76953125 0.419921875 0.7685546859375 0.412109375 0.7529296859375 0.427734375 0.7490234359375
2 0.1796875 0.08886718593750001 0.16796875 0.0576171859375 0.1455078140625 0.029296875 0.130859375 0.036132814062500004 0.126953125 0.10253906406249999 0.1484375 0.12402343593750001 0.138671875 0.1455078140625 0.140625 0.1611328140625 0.1484375 0.1630859359375 0.16015625 0.1533203140625 0.1640625 0.1279296859375 0.177734375 0.11035156406249999 0.1796875 0.08886718593750001
2 0.2080078140625 0.169921875 0.1923828140625 0.17578125 0.1728515640625 0.16796875 0.173828125 0.2216796859375 0.181640625 0.2373046859375 0.177734375 0.2587890640625 0.1982421859375 0.28515625 0.2060546859375 0.28125 0.220703125 0.2958984359375 0.236328125 0.2626953140625 0.25390625 0.2451171859375 0.24609375 0.2138671859375 0.2080078140625 0.169921875
2 0.330078125 0.5009765640625 0.333984375 0.4677734359375 0.3203125 0.4619140640625 0.3134765640625 0.4453125 0.3017578140625 0.451171875 0.29296875 0.4462890640625 0.306640625 0.4248046859375 0.298828125 0.3916015640625 0.2705078140625 0.373046875 0.25390625 0.4443359359375 0.2734375 0.4521484359375 0.279296875 0.4853515640625 0.2880859359375 0.4921875 0.3037109359375 0.490234375 0.3125 0.5146484359375 0.310546875 0.5244140640625 0.2998046859375 0.529296875 0.291015625 0.5068359359375 0.2841796859375 0.50390625 0.2763671859375 0.517578125 0.263671875 0.5224609359375 0.263671875 0.5361328140625 0.2734375 0.5498046859375 0.271484375 0.5673828140625 0.279296875 0.5712890640625 0.3017578140625 0.5390625 0.3330078140625 0.568359375 0.33984375 0.5166015640625 0.330078125 0.5009765640625
2 0.5458984359375 0.916015625 0.49609375 0.9169921859375 0.48046875 0.8916015640625 0.484375 0.8701171859375 0.470703125 0.8642578140625 0.46484375 0.8466796859375 0.4658203140625 0.833984375 0.4833984359375 0.83984375 0.490234375 0.8310546859375 0.4658203140625 0.82421875 0.4560546859375 0.83203125 0.453125 0.8173828140625 0.4462890640625 0.814453125 0.478515625 0.8115234359375 0.470703125 0.8056640640625 0.4658203140625 0.78515625 0.4580078140625 0.791015625 0.4345703140625 0.77734375 0.41015625 0.8662109359375 0.416015625 0.8857421859375 0.427734375 0.8974609359375 0.4296875 0.9208984359375 0.4365234359375 0.9296875 0.4541015640625 0.92578125 0.46484375 0.9384765640625 0.455078125 0.9716796859375 0.4658203140625 0.982421875 0.4853515640625 0.98046875 0.4931640640625 1 0.54296875 0.9990234359375 0.541015625 0.9697265640625 0.560546875 0.9599609359375 0.55078125 0.9228515640625 0.5458984359375 0.916015625
2 0.1396484359375 0.697265625 0.12890625 0.7373046859375 0.134765625 0.7470703140625 0.154296875 0.7216796859375 0.1494140640625 0.716796875 0.140625 0.7236328140625 0.1396484359375 0.697265625
2 0.193359375 0.9755859359375 0.1904296859375 0.962890625 0.1875 0.9853515640625 0.17578125 0.9951171859375 0.1767578140625 1 0.232421875 0.9990234359375 0.23828125 0.9931640640625 0.2294921859375 0.978515625 0.2060546859375 0.982421875 0.193359375 0.9755859359375
2 0.201171875 0.8779296859375 0.1943359359375 0.84765625 0.1669921859375 0.85546875 0.1591796859375 0.8671875 0.1494140640625 0.861328125 0.12890625 0.8701171859375 0.171875 0.9130859359375 0.19140625 0.9541015640625 0.201171875 0.9267578140625 0.193359375 0.9091796859375 0.193359375 0.8916015640625 0.201171875 0.8779296859375
2 0.095703125 0.6220703140625 0.087890625 0.6123046859375 0.08984375 0.5927734359375 0.08105468593750001 0.58984375 0.05078125 0.6181640640625 0.056640625 0.6767578140625 0.0390625 0.6865234359375 0.06347656406249999 0.708984375 0.07910156406249999 0.703125 0.119140625 0.7177734359375 0.125 0.6826171859375 0.115234375 0.6650390640625 0.0859375 0.6416015640625 0.095703125 0.6220703140625
2 0.109375 0.7841796859375 0.11328125 0.8212890640625 0.12890625 0.8232421859375 0.1484375 0.8056640640625 0.14453125 0.7666015640625 0.1298828140625 0.76171875 0.109375 0.7841796859375
2 0.72265625 0.4345703140625 0.72265625 0.3916015640625 0.7177734359375 0.388671875 0.7060546859375 0.3984375 0.6787109359375 0.3984375 0.662109375 0.4462890640625 0.634765625 0.4599609359375 0.673828125 0.4931640640625 0.67578125 0.4658203140625 0.689453125 0.4404296859375 0.7158203140625 0.44140625 0.72265625 0.4345703140625
2 0.7666015640625 0.6328125 0.7421875 0.6630859359375 0.728515625 0.6982421859375 0.75 0.7197265640625 0.755859375 0.7412109359375 0.744140625 0.7587890640625 0.740234375 0.7822265640625 0.755859375 0.7958984359375 0.751953125 0.8427734359375 0.7578125 0.8447265640625 0.79296875 0.7763671859375 0.77734375 0.7490234359375 0.779296875 0.6591796859375 0.7666015640625 0.6328125
2 0.8359375 0.8779296859375 0.837890625 0.8447265640625 0.83203125 0.8310546859375 0.8037109359375 0.828125 0.78515625 0.8427734359375 0.796875 0.8740234359375 0.796875 0.9521484359375 0.8115234359375 0.966796875 0.8291015640625 0.966796875 0.8359375 0.9990234359375 0.84375 0.9990234359375 0.845703125 0.9365234359375 0.857421875 0.9228515640625 0.857421875 0.9130859359375 0.8359375 0.8779296859375
2 0.759765625 0.5849609359375 0.763671875 0.5458984359375 0.763671875 0.5283203140625 0.751953125 0.5185546859375 0.7578125 0.4931640640625 0.7236328140625 0.453125 0.71484375 0.4541015640625 0.689453125 0.4912109359375 0.697265625 0.5556640640625 0.693359375 0.5791015640625 0.71875 0.6103515640625 0.724609375 0.5810546859375 0.7353515640625 0.5703125 0.7470703140625 0.583984375 0.759765625 0.5849609359375
2 0.716796875 0.2919921859375 0.69921875 0.2705078140625 0.703125 0.2060546859375 0.681640625 0.1982421859375 0.677734375 0.1572265640625 0.666015625 0.1318359359375 0.646484375 0.1298828140625 0.658203125 0.10644531406249999 0.658203125 0.08886718593750001 0.640625 0.07910156406249999 0.6337890640625 0.060546875 0.623046875 0.0595703140625 0.6181640640625 0.03515625 0.6025390640625 0.0390625 0.5927734359375 0.033203125 0.587890625 0.07519531406249999 0.5791015640625 0.078125 0.5673828140625 0.068359375 0.560546875 0.07910156406249999 0.560546875 0.09863281406249999 0.5703125 0.11035156406249999 0.568359375 0.1552734359375 0.580078125 0.1533203140625 0.583984375 0.1259765640625 0.5947265640625 0.107421875 0.619140625 0.1396484359375 0.6171875 0.1513671859375 0.6044921859375 0.154296875 0.59765625 0.1669921859375 0.611328125 0.2138671859375 0.60546875 0.2275390640625 0.609375 0.2607421859375 0.591796875 0.2705078140625 0.591796875 0.2802734359375 0.6279296859375 0.326171875 0.64453125 0.3310546859375 0.64453125 0.3603515640625 0.65625 0.3681640640625 0.6630859359375 0.359375 0.693359375 0.3583984359375 0.71484375 0.3037109359375 0.716796875 0.2919921859375
2 0.869140625 0.10253906406249999 0.8681640640625 0.115234375 0.8828125 0.11425781406249999 0.904296875 0.09472656406249999 0.9033203140625 0.08203125 0.8818359359375 0.0859375 0.869140625 0.10253906406249999
2 0.9990234359375 0.302734375 0.974609375 0.3447265640625 1 0.3642578140625 0.9990234359375 0.302734375
2 0.9345703140625 0.013671875 0.904296875 0.0283203140625 0.9091796859375 0.046875 0.9375 0.0556640640625 0.9482421859375 0.052734375 0.958984375 0.034179685937499996 0.9501953140625 0.017578125 0.9345703140625 0.013671875
2 0.9609375 0.07519531406249999 0.9609375 0.10644531406249999 0.943359375 0.1279296859375 0.943359375 0.1611328140625 0.94921875 0.1708984359375 0.9296875 0.2021484359375 0.9345703140625 0.212890625 0.958984375 0.2119140640625 0.951171875 0.2314453140625 0.97265625 0.2490234359375 0.974609375 0.2626953140625 0.984375 0.2646484359375 0.9931640640625 0.25390625 1 0.2568359359375 0.9990234359375 0.0390625 0.9609375 0.07519531406249999