2 0.7216796859375 0.09765625 0.732421875 0.10644531406249999 0.7294921859375 0.09375 0.70703125 0.09082031406249999 0.7060546859375 0.1015625 0.7216796859375 0.09765625
2 0.732421875 0.1494140640625 0.734375 0.1318359359375 0.7255859359375 0.130859375 0.7109375 0.1572265640625 0.734375 0.1943359359375 0.73828125 0.2197265640625 0.759765625 0.2392578140625 0.765625 0.2021484359375 0.7421875 0.1904296859375 0.7421875 0.1669921859375 0.732421875 0.1494140640625
2 0.7841796859375 0.353515625 0.78125 0.3583984359375 0.791015625 0.3701171859375 0.787109375 0.4091796859375 0.80078125 0.4326171859375 0.81640625 0.4384765640625 0.826171875 0.3896484359375 0.8125 0.3857421859375 0.8037109359375 0.359375 0.7841796859375 0.353515625
0 0.794921875 0.4697265640625 0.79296875 0.4482421859375 0.7822265640625 0.4375 0.771484375 0.4794921859375 0.759765625 0.4873046859375 0.765625 0.4951171859375 0.763671875 0.5107421859375 0.7841796859375 0.501953125 0.798828125 0.5166015640625 0.80078125 0.4970703140625 0.8271484359375 0.498046875 0.828125 0.4873046859375 0.794921875 0.4697265640625
2 0.912109375 0.8779296859375 0.923828125 0.8818359359375 0.951171875 0.8623046859375 0.9482421859375 0.845703125 0.916015625 0.8466796859375 0.912109375 0.8779296859375
2 0.140625 0.4228515640625 0.15234375 0.4072265640625 0.1435546859375 0.392578125 0.1328125 0.3994140640625 0.140625 0.4228515640625
2 0.23046875 0.6533203140625 0.2373046859375 0.6484375 0.24609375 0.6533203140625 0.25 0.6396484359375 0.2392578140625 0.62890625 0.23046875 0.6357421859375 0.23046875 0.6533203140625
2 0.376953125 0.10058593593750001 0.412109375 0.09082031406249999 0.3857421859375 0.060546875 0.373046875 0.09277343593750001 0.376953125 0.10058593593750001
2 0.111328125 0.2509765640625 0.119140625 0.2626953140625 0.138671875 0.2451171859375 0.138671875 0.2333984359375 0.11621093593750001 0.203125 0.111328125 0.2509765640625
2 0.173828125 0.5048828140625 0.173828125 0.5205078140625 0.18359375 0.5244140640625 0.19921875 0.5146484359375 0.1904296859375 0.466796875 0.1796875 0.4716796859375 0.173828125 0.5048828140625
2 0.455078125 0.2724609359375 0.44921875 0.2861328140625 0.46484375 0.3076171859375 0.47265625 0.2958984359375 0.46875 0.2431640640625 0.4541015640625 0.236328125 0.455078125 0.2724609359375
2 0.404296875 0.1533203140625 0.4140625 0.2001953140625 0.423828125 0.2021484359375 0.43359375 0.1630859359375 0.423828125 0.1416015640625 0.4091796859375 0.1328125 0.404296875 0.1533203140625
2 0.064453125 0.2373046859375 0.09375 0.2412109359375 0.095703125 0.1884765640625 0.08496093593750001 0.181640625 0.076171875 0.1904296859375 0.064453125 0.2373046859375
2 0.3125 0.7392578140625 0.3095703140625 0.73046875 0.2998046859375 0.728515625 0.2734375 0.7470703140625 0.2734375 0.7626953140625 0.291015625 0.7783203140625 0.29296875 0.8037109359375 0.3125 0.8271484359375 0.3203125 0.8115234359375 0.30859375 0.7958984359375 0.3046875 0.7744140640625 0.3125 0.7392578140625
2 0.043945314062500004 0.052734375 0.018554685937500003 0.05859375 0.009765625 0.06933593593750001 0.009765625 0.08105468593750001 0.043945314062500004 0.08984375 0.052734375 0.10839843593750001 0.0625 0.11425781406249999 0.078125 0.10839843593750001 0.078125 0.09277343593750001 0.0625 0.07128906406249999 0.043945314062500004 0.052734375
2 0.658203125 0.8095703140625 0.6044921859375 0.783203125 0.599609375 0.7939453140625 0.6171875 0.8330078140625 0.619140625 0.8720703140625 0.638671875 0.8798828140625 0.646484375 0.9052734359375 0.66015625 0.9150390640625 0.666015625 0.9052734359375 0.6640625 0.8896484359375 0.650390625 0.8583984359375 0.658203125 0.8095703140625