2 0.5098772015625 0.5326823953125001 0.5014627453125 0.5349225 0.504659178125 0.545409909375 0.5136610625 0.560020971875 0.53036974375 0.5455950078125 0.55218996875 0.5413733781250001 0.5417401640625 0.5339508046875 0.5098772015625 0.5326823953125001
2 0.4347360109375 0.15720427812499999 0.44019450625 0.1643682734375 0.4761745234375 0.1570573140625 0.4783163484375 0.143788146875 0.444885228125 0.13976246875 0.431946646875 0.148649403125 0.4347360109375 0.15720427812499999
2 0.598940740625 0.0601992203125 0.5882041015625 0.060789865624999995 0.5815243984375 0.0478282640625 0.572823109375 0.05808158906250001 0.5768336828125 0.07243406875 0.5866496999999999 0.0909102046875 0.6144419703125 0.07285325468750001 0.6454907953125 0.07025659375 0.6594238671875 0.0801533609375 0.6655161484375001 0.07626379531250001 0.6522168625 0.0553134671875 0.6461847 0.0641759109375 0.6366091484374999 0.0655912859375 0.6288284765625 0.0567778296875 0.617865121875 0.07035456875 0.5910535875 0.07431761718749999 0.598940740625 0.0601992203125
2 0.2746620921875 0.27850757187499997 0.28823445937500003 0.258567075 0.31498587499999997 0.2496311484375 0.3021537734375 0.23558623750000002 0.3120161546875 0.22615764375 0.31148885000000004 0.21427935312500002 0.3037682921875 0.21043877812499998 0.2697033875 0.2174666609375 0.2588602703125 0.24098915468749998 0.24400658281249998 0.2501591671875 0.24638887812500002 0.256781503125 0.2746620921875 0.27850757187499997
2 0.1381880015625 0.764973028125 0.1514735328125 0.75304575 0.1908766953125 0.7432361078125 0.20340820625 0.7324166328125 0.1832626203125 0.7164636796875 0.1594671671875 0.7159955046875 0.12552249531249998 0.7329691421875 0.098303890625 0.734999653125 0.09581511875 0.751309165625 0.11903690468749999 0.7678037765625 0.1381880015625 0.764973028125
2 0.38999307031249997 0.5822859078125 0.37896960156250004 0.5908897671875 0.3723637734375 0.6157786468750001 0.37730872187500003 0.6439419562500001 0.4107999609375 0.6529405109375 0.4255935296875 0.638797621875 0.4554211453125 0.630403353125 0.4583771109375 0.62099925625 0.44902827968750003 0.6094285328125 0.480710884375 0.5957783109375 0.47258326093749997 0.5900051984375 0.449194875 0.5914695609375 0.43248619374999997 0.605895525 0.415537040625 0.600429978125 0.399975690625 0.58280306875 0.38999307031249997 0.5822859078125
2 0.36850755468749996 0.1380993640625 0.3703763046875 0.165721015625 0.3606942796875 0.190068240625 0.36655984375 0.19916477187499998 0.387626046875 0.19605094843749998 0.408118590625 0.2089635625 0.4242536046875 0.21056403437500001 0.43185392343749995 0.2044588578125 0.42627519375 0.1873491125 0.434916365625 0.17212290937500002 0.4248135140625 0.16165999375 0.43084567500000004 0.15279755 0.40988594687499996 0.13297952500000002 0.3763947078125 0.1239809703125 0.36850755468749996 0.1380993640625
2 0.11032337343750001 0.3326892703125 0.11670248593749999 0.3207864875 0.0815228515625 0.2990849109375 0.068357559375 0.32095794375 0.0417263765625 0.339839625 0.052883840625 0.374059121875 0.0437754765625 0.3823799078125 0.026980895312499996 0.3858447734375 0.0283554125 0.4055012953125 0.0850473921875 0.40019191562499995 0.0922870046875 0.36424947812499997 0.07358933749999999 0.34110803125 0.11032337343750001 0.3326892703125
2 0.8118169843749999 0.466132528125 0.8220263187500001 0.453663590625 0.8146527125 0.446782671875 0.8161006359374999 0.4395941859375 0.8724529515624999 0.43525008749999994 0.8819683828124999 0.428861834375 0.8380737 0.38453598125 0.7719792359375 0.408254425 0.7627643953125001 0.4395070625 0.782970103125 0.46043289375 0.8118169843749999 0.466132528125
2 0.5992846578125001 0.8821393296875 0.58314964375 0.8805388578125 0.5709650859375001 0.8883179890624999 0.5725933624999999 0.89604813125 0.610548603125 0.8934269796875001 0.5992846578125001 0.8821393296875
2 0.6663598562499999 0.8443269843750001 0.6221457406249999 0.8687966781249999 0.62540229375 0.8842569640625 0.6443867937500001 0.8993851890625001 0.6558774515625 0.897686740625 0.6664938499999999 0.8871503421875 0.6623630406250001 0.8628521062500001 0.6868524 0.8572395984375 0.7154124453125 0.8709524484375001 0.7372927921875 0.8717036968749999 0.7358912296875 0.850987459375 0.754801853125 0.8282652031250001 0.729845309375 0.826972296875 0.7142375999999999 0.8372501124999999 0.6663598562499999 0.8443269843750001