0 0.3556567234375 0.381309625 0.3390880625 0.41269502812500003 0.348232290625 0.42081682656249997 0.3599046078125 0.386328534375 0.38496903125 0.36498095468749997 0.372273940625 0.34685238906250004 0.35649941875 0.3671062625 0.3556567234375 0.381309625
0 0.4446336265625 0.42295833437499997 0.438586034375 0.41447196093749994 0.4219516109375 0.41091133125 0.40338900781250003 0.45111661875 0.42028342187499995 0.4773359265625 0.4271251546875 0.47469076875000005 0.432961309375 0.4574466265625 0.42761073749999995 0.4439724015625 0.4446336265625 0.42295833437499997
0 0.557197953125 0.38027126875 0.5441629531250001 0.383645565625 0.5272857390625 0.395444121875 0.5269943890625 0.41387514062499997 0.568370528125 0.45560891562499994 0.5867874546875 0.4246191453125 0.56859611875 0.40223186406250006 0.5706871812500001 0.38726830625 0.557197953125 0.38027126875
0 0.766809028125 0.22068425781249998 0.7511801828125 0.231722615625 0.7428472921875 0.25048715312500003 0.747095175 0.2555060609375 0.739507865625 0.2662109078125 0.7607472796875 0.291305453125 0.7485236203125 0.32156608750000004 0.7515231359375 0.32734519375 0.77010294375 0.325157775 0.7743022671875 0.333248521875 0.789931115625 0.3222101578125 0.8052028515625 0.29465679375 0.824625353125 0.27826601093750003 0.8090278640624999 0.24821466406249998 0.8304928687500001 0.21993215781250003 0.8245909499999999 0.20223027500000001 0.8362632671875 0.16774198125 0.8308641359375001 0.15733959687500002 0.8145868265624999 0.1702939734375 0.7967526 0.1644217015625 0.7880140390625 0.1697430671875 0.766809028125 0.22068425781249998
0 0.5482771890625 0 0.5482873765625 0.0054139718750000005 0.53107025625 0.0387153875 0.54686198125 0.0564793796875 0.548370340625 0.0783778671875 0.5594113953125001 0.08382345625 0.5418058046875001 0.14169956875 0.55934868125 0.16600286250000001 0.5509186749999999 0.1909110765625 0.5491361671874999 0.225461478125 0.566273375 0.2363216046875 0.566484809375 0.2620521203125 0.5750776906249999 0.26594626875 0.612268659375 0.2204817265625 0.6240380937500001 0.1798497578125 0.6429092515625 0.1592313140625 0.6666109921875 0.10676973593750001 0.700753884375 0.05859792968750001 0.70464465625 0.0471018328125 0.693749278125 0.03244073125 0.7041246703125 0.001784471875 0.7037430640625 0 0.5482771890625 0
2 0.7471356703125 0.5657926703125 0.7599106765625 0.5397596953125 0.757656740625 0.525920896875 0.7475241390625 0.541217975 0.7471356703125 0.5657926703125
2 0.9210580453125001 0.239317809375 0.9243489125 0.226665890625 0.8850982406250001 0.2460042921875 0.9010842 0.251480934375 0.9056234312500001 0.23806882499999998 0.9210580453125001 0.239317809375
2 0 0.7867400953125 0.006151846875 0.7873254953125 0.015781659375 0.764728925 0.0085342578125 0.7539309140625 0 0.7682143406249999 0 0.7867400953125
2 0.24941414218750002 0.3760341734375 0.2376275046875 0.378648275 0.22734923281250002 0.40316085625 0.231499996875 0.41432344375 0.24972269374999997 0.395621015625 0.24941414218750002 0.3760341734375
2 0.23343929062500002 0.17432451875 0.2415779453125 0.1678473296875 0.24426890937499998 0.15403959375 0.237118625 0.137097903125 0.22362939843750002 0.1301008671875 0.2212469875 0.16349545000000001 0.23343929062500002 0.17432451875
2 0.23188542031249998 0.27262330625 0.2463144609375 0.2592733046875 0.2515021546875 0.243945175 0.24130379687499998 0.22429622187499998 0.2203415765625 0.259878225 0.22509224843750003 0.272196628125 0.23188542031249998 0.27262330625
2 0.040831929687500004 0.822488915625 0.011016834375 0.8315180953124999 0.0117310578125 0.8645481078125 0.020323940625000002 0.8684422484375001 0.0402977890625 0.856279121875 0.040831929687500004 0.822488915625
2 0.848307925 0.7353958828125 0.8645194734375 0.6874954734375 0.857272075 0.6766974625 0.8441885156250001 0.68314359375 0.8289167781250001 0.7106969640624999 0.831170715625 0.72453575625 0.848307925 0.7353958828125
2 0.8587399375 0.3883093421875 0.8969364796875 0.3574437875 0.90526936875 0.33867925 0.9022698515625001 0.3329001484375 0.86246783125 0.348010890625 0.8515410953125 0.3744394921875 0.8587399375 0.3883093421875
2 0.53517963125 0.9519354359375001 0.5332001609375 0.964531209375 0.561193565625 0.962900778125 0.561055396875 0.9574741937500001 0.5576502109375 0.938251915625 0.5515055015625 0.935909221875 0.53517963125 0.9519354359375001
2 0.811539828125 0.8323214578125 0.8113455921874999 0.8446088062499999 0.8253376046875 0.8589053390625001 0.8244463515625 0.876180540625 0.8305425046874999 0.8815950750000001 0.84351174375 0.84327475 0.8369613625 0.8274888859375 0.8415977124999999 0.807933096875 0.8477909828125 0.8072039562500001 0.8411920453124999 0.794489928125 0.8287569484375 0.7990200421875 0.811539828125 0.8323214578125
2 0.270185171875 0.4698649546875 0.2609923828125 0.46481499218750005 0.24670902031250003 0.46894948125 0.2403215171875 0.4819659734375 0.245023628125 0.4973562109375 0.2397388140625 0.5188280187500001 0.2483316984375 0.522722159375 0.266862946875 0.5236065796875 0.27449881249999997 0.5098298953125 0.270185171875 0.4698649546875
2 0.9005763968749999 0.6746653203124999 0.9148425609374999 0.6325129625 0.8989051609375001 0.62396448125 0.88462179375 0.6280989734375 0.8723981343749999 0.6583596078125 0.8696100515625 0.6783110203125 0.8818023546875 0.689140090625 0.9005763968749999 0.6746653203124999
2 0.22927519531249999 0 0.22876549062499998 0.0007191359375 0.23401894531249998 0.0203370390625 0.2275343265625 0.0394972015625 0.23427893906250002 0.0429957171875 0.2597004765625 0.0381631453125 0.26553663437499997 0.0209189953125 0.267676253125 0.0028836015625 0.2654123359375 0 0.22927519531249999 0
2 0.8580601187499999 0.431315059375 0.8606711656250001 0.4616688625 0.8883466421874999 0.47067508125 0.9116599171875001 0.44278819843750006 0.9263803078124999 0.41100717812500004 0.9240292515625 0.4033120546875 0.9129396375000001 0.4009383015625 0.8580601187499999 0.431315059375
2 0.25417699531250004 0.856854321875 0.24675256406249998 0.8963615234375 0.27622774687499996 0.9088352109375 0.2973669984375 0.8229479921875 0.281429596875 0.814399509375 0.25850479531250004 0.8177116921875 0.2477237328125 0.83492478125 0.25417699531250004 0.856854321875
2 0.22492739843749998 0.791003590625 0.240816240625 0.8026239109375 0.27502489375 0.7893981328125 0.2968298125 0.7396127625 0.2752019265625 0.739092915625 0.26550635625 0.72674345625 0.26036721875 0.738999746875 0.2459867375 0.7492779140625 0.2474293359375 0.73623036875 0.2394363578125 0.733492046875 0.21886260468750002 0.7444993531249999 0.2167715421875 0.7594629109375 0.23270894375 0.768011396875 0.22492739843749998 0.791003590625
2 0.8374580546875 0.60053750625 0.8460994984375001 0.6013598109375 0.8709696890625 0.59229958125 0.876902965625 0.5689117609375 0.891429121875 0.54941808125 0.8905206671875 0.5286754171875 0.9061495125000001 0.5176370593749999 0.9070407656249999 0.5003618546874999 0.8885580765625001 0.4964056 0.8754259640625 0.5059235703125 0.8624395203124999 0.5062260265625 0.85816028125 0.5422968218750001 0.8297564281250001 0.5793681625 0.8374580546875 0.60053750625
2 0.538030428125 0.8498046140625 0.534691 0.8655283718750001 0.5424897484375 0.880554040625 0.5541792640625001 0.8840836140624999 0.571753496875 0.8672972046874999 0.5690938875 0.8400152421874999 0.5594954328124999 0.8215221093749999 0.569870825 0.7908658484375 0.5645202515625 0.777391625 0.5716533328125 0.756315440625 0.5645516078124999 0.73630191875 0.5680367125 0.7113626515625 0.556152959375 0.720120425 0.544674878125 0.7423213671875 0.52917755 0.8232517906249999 0.538030428125 0.8498046140625