1 0.2568359359375 0.369140625 0.248046875 0.3662109359375 0.25 0.3154296859375 0.2431640640625 0.2890625 0.2265625 0.3330078140625 0.2119140640625 0.337890625 0.2001953140625 0.3515625 0.169921875 0.3232421859375 0.1875 0.3642578140625 0.234375 0.4111328140625 0.26171875 0.3916015640625 0.27734375 0.3603515640625 0.2685546859375 0.359375 0.2568359359375 0.369140625
1 1 0.2744140640625 0.9716796859375 0.28125 0.947265625 0.2666015640625 0.953125 0.2568359359375 0.9482421859375 0.251953125 0.919921875 0.2763671859375 0.9296875 0.3427734359375 0.9345703140625 0.3515625 0.9521484359375 0.35546875 0.9560546859375 0.365234375 0.9765625 0.3662109359375 1 0.3447265640625 1 0.2744140640625
2 0.1884765640625 0.505859375 0.1767578140625 0.498046875 0.171875 0.5185546859375 0.185546875 0.5439453140625 0.1875 0.5712890640625 0.201171875 0.5791015640625 0.212890625 0.5751953140625 0.21484375 0.5322265640625 0.2021484359375 0.50390625 0.1884765640625 0.505859375
2 0.2373046859375 0.755859375 0.23046875 0.7666015640625 0.240234375 0.7939453140625 0.265625 0.8076171859375 0.291015625 0.7666015640625 0.291015625 0.7548828140625 0.2626953140625 0.7421875 0.2373046859375 0.755859375
2 0.015625 0.8251953140625 0.013671875 0.8037109359375 0.0009765640625 0.798828125 0 0.9111328140625 0.010742185937499999 0.919921875 0.01953125 0.9189453140625 0.037109375 0.9091796859375 0.029296875 0.8740234359375 0.033203125 0.8369140640625 0.015625 0.8251953140625
2 0.4482421859375 0.060546875 0.4345703140625 0.08203125 0.4130859359375 0.064453125 0.41796875 0.09277343593750001 0.4140625 0.12402343593750001 0.4228515640625 0.1328125 0.439453125 0.1357421859375 0.44140625 0.1552734359375 0.4541015640625 0.171875 0.46875 0.1728515640625 0.470703125 0.1513671859375 0.4609375 0.12207031406249999 0.4609375 0.0615234359375 0.4482421859375 0.060546875
2 0.7939453140625 0.794921875 0.802734375 0.8701171859375 0.78515625 0.9033203140625 0.822265625 0.9716796859375 0.83203125 0.9736328140625 0.833984375 0.9501953140625 0.818359375 0.8740234359375 0.822265625 0.8369140640625 0.7939453140625 0.794921875
2 0.4951171859375 0.23046875 0.4599609359375 0.23046875 0.4453125 0.2197265640625 0.4287109359375 0.193359375 0.423828125 0.2099609359375 0.435546875 0.2353515640625 0.439453125 0.2646484359375 0.455078125 0.2841796859375 0.4609375 0.3076171859375 0.4765625 0.3173828140625 0.4951171859375 0.310546875 0.50390625 0.2939453140625 0.498046875 0.2353515640625 0.4951171859375 0.23046875
2 0.09082031406249999 0.166015625 0.07324218593750001 0.169921875 0.0595703140625 0.16015625 0.047851564062500004 0.177734375 0.03125 0.1494140640625 0.020507814062499997 0.14453125 0.015625 0.1669921859375 0.033203125 0.1884765640625 0.037109375 0.2177734359375 0.0625 0.2373046859375 0.056640625 0.2470703140625 0.05859375 0.2646484359375 0.07324218593750001 0.27734375 0.08203125 0.2763671859375 0.087890625 0.2646484359375 0.087890625 0.2060546859375 0.09765625 0.1748046859375 0.09082031406249999 0.166015625
2 0.671875 0.8291015640625 0.65625 0.8095703140625 0.65625 0.7880859359375 0.669921875 0.7724609359375 0.671875 0.7548828140625 0.6494140640625 0.748046875 0.634765625 0.7646484359375 0.626953125 0.8212890640625 0.658203125 0.8564453140625 0.65234375 0.8759765640625 0.658203125 0.8974609359375 0.685546875 0.9091796859375 0.70703125 0.8876953140625 0.7109375 0.8603515640625 0.671875 0.8544921859375 0.671875 0.8291015640625
2 0.533203125 0.3623046859375 0.5107421859375 0.328125 0.486328125 0.3662109359375 0.486328125 0.3857421859375 0.50390625 0.4267578140625 0.498046875 0.4365234359375 0.5126953140625 0.4375 0.515625 0.4482421859375 0.5322265640625 0.458984375 0.55078125 0.4580078140625 0.560546875 0.4521484359375 0.560546875 0.4189453140625 0.546875 0.4052734359375 0.533203125 0.3623046859375
2 0.13671875 0.4462890640625 0.13671875 0.4228515640625 0.15625 0.4111328140625 0.15625 0.3935546859375 0.142578125 0.3701171859375 0.142578125 0.3427734359375 0.123046875 0.3388671859375 0.1171875 0.3134765640625 0.10253906406249999 0.296875 0.095703125 0.3115234359375 0.09765625 0.3505859359375 0.091796875 0.3720703140625 0.10253906406249999 0.384765625 0.12109375 0.3916015640625 0.126953125 0.4658203140625 0.119140625 0.4853515640625 0.125 0.5009765640625 0.1328125 0.5029296859375 0.158203125 0.4755859359375 0.1533203140625 0.46484375 0.138671875 0.4580078140625 0.13671875 0.4462890640625
2 0.638671875 0.6181640640625 0.625 0.6005859359375 0.62109375 0.5810546859375 0.6103515640625 0.578125 0.5908203140625 0.603515625 0.5751953140625 0.6015625 0.572265625 0.6123046859375 0.59375 0.6435546859375 0.609375 0.6923828140625 0.60546875 0.7314453140625 0.6123046859375 0.740234375 0.62109375 0.7392578140625 0.64453125 0.7060546859375 0.642578125 0.6572265640625 0.634765625 0.6455078140625 0.638671875 0.6181640640625
2 0.248046875 0.5791015640625 0.2353515640625 0.57421875 0.2236328140625 0.58203125 0.1962890640625 0.58203125 0.19140625 0.6064453140625 0.1953125 0.6240234359375 0.20703125 0.6337890640625 0.205078125 0.6630859359375 0.212890625 0.6728515640625 0.20703125 0.7001953140625 0.2236328140625 0.728515625 0.26171875 0.7314453140625 0.267578125 0.6904296859375 0.23046875 0.6611328140625 0.2421875 0.6279296859375 0.248046875 0.5791015640625
2 1 0.6669921859375 0.9921875 0.6591796859375 1 0.6318359359375 0.9833984359375 0.61328125 0.9677734359375 0.623046875 0.962890625 0.6201171859375 0.9609375 0.5888671859375 0.9462890640625 0.5703125 0.9375 0.5791015640625 0.9296875 0.6201171859375 0.912109375 0.6376953140625 0.912109375 0.6533203140625 0.935546875 0.6650390640625 0.935546875 0.6787109359375 0.92578125 0.6845703140625 0.92578125 0.6923828140625 0.953125 0.7158203140625 0.955078125 0.7333984359375 0.9609375 0.7373046859375 0.955078125 0.7587890640625 0.9736328140625 0.7734375 0.984375 0.7724609359375 1 0.7666015640625 1 0.6669921859375
2 0.353515625 0.8759765640625 0.337890625 0.8681640640625 0.330078125 0.8466796859375 0.31640625 0.8330078140625 0.31640625 0.7998046859375 0.3076171859375 0.79296875 0.2802734359375 0.818359375 0.25390625 0.8173828140625 0.255859375 0.8681640640625 0.287109375 0.9072265640625 0.28515625 0.9326171859375 0.322265625 0.9599609359375 0.3291015640625 0.98046875 0.349609375 0.9833984359375 0.3671875 0.9677734359375 0.3671875 0.9189453140625 0.359375 0.9111328140625 0.353515625 0.8759765640625