0 0.7315756734375001 0.5654304359375 0.7440190078125 0.5518740578125 0.7393647984375 0.546247915625 0.7042174765625 0.540530003125 0.6939782171875 0.5281524984375 0.6891207265625 0.505938778125 0.6741363109375 0.4898679296875 0.6823106078125 0.4834074015625 0.6851726874999999 0.4643971265625 0.6690755390625001 0.4510666328125 0.6532726171875 0.452390925 0.6317241453125 0.47128260781250003 0.636763525 0.4896307328125 0.6518388859375001 0.5037687921875 0.6485916359375 0.5100570796875 0.5977323390625 0.5037306640625 0.5680791203125 0.5066969109375 0.5621088984375 0.4872235546875 0.5534584859375 0.482894884375 0.5410151515625 0.4964512640625 0.5242813890625 0.49665033125 0.5103615421875001 0.52067824375 0.537698346875 0.525125509375 0.5468248734375 0.540243375 0.5546353890625 0.5415140218750001 0.5670787234375 0.52795764375 0.56523843125 0.5461603546875 0.580971796875 0.5672220203125 0.6457241687499999 0.6128128125 0.68105338125 0.6146651359375 0.6992636609375 0.6039945375 0.7328221296875 0.6016636140625 0.7461053625 0.5911652562499999 0.7315756734375001 0.5654304359375
2 0.8255586890625001 0.4706811984375 0.8138429171875 0.468775228125 0.771655425 0.48723064843749997 0.80207898125 0.5097083828125 0.8162930515625 0.5003352515625 0.83981554375 0.5022144 0.849284465625 0.489147925 0.8255586890625001 0.4706811984375
2 1 0.4278163859375 0.9863590468749999 0.44036078749999996 0.958840353125 0.43977910937500003 0.940175346875 0.4601136765625 0.9573852296875 0.47070380937499995 0.9875841125000001 0.4561408 1 0.4581606671875 1 0.4278163859375
2 0.5913984796875 0.1365534859375 0.5909223625 0.125764290625 0.606907175 0.120574409375 0.588108446875 0.101935440625 0.58781421875 0.0872806546875 0.5727602515625 0.0935957625 0.567945540625 0.112288375 0.55373146875 0.12166150625000001 0.55225495625 0.1321330421875 0.57355198125 0.1394929109375 0.5913984796875 0.1365534859375
2 0.7339885578125 0.11690367500000001 0.7475446234375 0.1006069359375 0.724273578125 0.0724762390625 0.6980708921875001 0.08574177968749999 0.6767738671875 0.0783819125 0.6626507359375 0.0858222484375 0.6576541359375 0.10838045 0.690303159375 0.1253774640625 0.698659346875 0.1150513484375 0.7339885578125 0.11690367500000001
2 0.37853515 0.1652206390625 0.3937496203125 0.1345867734375 0.3890954078125 0.1289606359375 0.37524511875 0.130602590625 0.35044939375 0.1557825546875 0.334646471875 0.1571068484375 0.3215237375 0.143286453125 0.31763987031249996 0.16310429531249998 0.3043566375 0.173602653125 0.352990475 0.1854097859375 0.37853515 0.1652206390625
2 0.29586134375 0.22870068593749998 0.29708640937499997 0.2444807 0.33911340624999997 0.25034403125 0.332961290625 0.23473626093750002 0.3045813109375 0.21064339531249998 0.2752009296875 0.2078112625 0.2640308265625 0.194308528125 0.24915874843750002 0.1967580484375 0.24127867812499998 0.2178733625 0.2784695703125 0.2219761421875 0.29586134375 0.22870068593749998
2 0.15640617968749998 0.223541840625 0.17883733125 0.248614515625 0.205607075 0.2442053765625 0.1956406484375 0.2260294890625 0.1707112015625 0.21223591718749998 0.158995428125 0.210329946875 0.15640617968749998 0.223541840625
2 0.31114522187500004 0.5311158609375 0.2916189328125 0.5279392421875 0.29125515156250004 0.53567041875 0.311733678125 0.5604254296875 0.3674290734375 0.5685123984375 0.3506525265625 0.5278051296874999 0.32545024375 0.5198099375 0.31114522187500004 0.5311158609375
2 0.45915970625 0.897971165625 0.47219149531250004 0.91372435625 0.4875396921875 0.9220640343750001 0.500368196875 0.9212296453125 0.49326385312500004 0.8840434796875 0.4718758765625 0.8786164046874999 0.45915970625 0.897971165625
2 0.5522974484375001 0.8839093671875 0.5849464656250001 0.9009063812500001 0.6086508484375 0.8989199421875 0.6241595453125 0.882940865625 0.6119676578125001 0.8702456968750001 0.5625153140625 0.8758337062500001 0.5522974484375001 0.8839093671875
2 0.7421357890625 0.884605428125 0.7244497921875 0.8632261 0.7068761343750001 0.8603671453124999 0.7046506671875 0.8658478640625 0.711824565625 0.8806480671875001 0.7421357890625 0.884605428125
2 0.8226483015625 0.8879655984375001 0.8049623078125 0.8665862687500001 0.787115809375 0.8695256921875 0.7847084578125 0.878872 0.809546959375 0.8945983671875 0.8226483015625 0.8879655984375001
2 0.936837009375 0.8237697531249999 0.9458725890625 0.8408204125 0.9586101515625 0.8419188171875 0.9590648765625 0.83225485 0.94696393125 0.8176268875 0.9411969921875001 0.814741109375 0.936837009375 0.8237697531249999
2 0.21825340468749999 0.9581065687500001 0.22640630781249999 0.9311928765624999 0.199636565625 0.9356020125000001 0.1990908953125 0.947198775 0.2044940515625 0.9578157296875001 0.21825340468749999 0.9581065687500001
2 0.0695807671875 0.9397626499999999 0.0840890671875 0.945044303125 0.0691955953125 0.9270406578125 0.06499611093749999 0.9117505515625 0.05718559375 0.9104799031249999 0.0375676171875 0.9219753671875001 0.038616678125 0.9477211796875 0.05286839375 0.96041488125 0.0695112109375 0.9621486078125001 0.06419899531249999 0.9495988593750001 0.0695807671875 0.9397626499999999