0 0.8837637890625001 0.5504722640625 0.8607185078124999 0.5435057249999999 0.8529105390625 0.5624988328125 0.8251259984375 0.575122003125 0.8346319734375 0.6018320375 0.8243875375 0.6091635875 0.8283283703125001 0.6186314234375 0.8154812796875 0.6322940109374999 0.8167594859375 0.64310883125 0.8466343828125 0.6451876703125 0.856366521875 0.6588891625 0.8678891625 0.6623724296875 0.8964258859375 0.6486523984375 0.9065503749999999 0.63135275625 0.9394340124999999 0.6290441484375 0.9557558859374999 0.61792175625 0.9291758531250001 0.603430975 0.9412107890625 0.5858812015625 0.910689925 0.5619225890624999 0.9116682718750001 0.5478171875 0.8837637890625001 0.5504722640625
0 0.2954668125 0.6374801796875 0.31983654375000004 0.627300859375 0.29632521875 0.6134066828125 0.2737459890625 0.6133677796875 0.2690992234375 0.5770361281249999 0.23568956874999997 0.5674330515625 0.23365918125000001 0.5577150890625 0.2157729671875 0.5660471609375 0.2014677578125 0.5539427890625 0.16899019843750002 0.5581949875000001 0.14768917343750002 0.5689709078125 0.14665085625000002 0.5780922671875001 0.1567291 0.5887533031250001 0.1337575171875 0.6197155359375001 0.1342835375 0.63162721875 0.11877382031249999 0.6466367984375 0.1521834765625 0.6562398765624999 0.16324006562499999 0.652795509375 0.1659626625 0.6564325656250001 0.1556582578125 0.6587800734375 0.18014793125 0.65856884375 0.190226175 0.6692298812499999 0.23607684375 0.6632267781250001 0.24250038906250002 0.6563954828125 0.2651395859375 0.66141843125 0.2703449 0.648756359375 0.2940823890625 0.6496419921875 0.2954668125 0.6374801796875
0 0.398454471875 0.89555550625 0.4541297734375 0.847332534375 0.354320609375 0.8534116171875 0.32936488750000004 0.8466952078125001 0.32033868593750003 0.8598575359374999 0.330942946875 0.8824302578125 0.36886570625 0.8854521703125 0.38016218125 0.901943984375 0.398454471875 0.89555550625
0 0.4762754796875 0.7795383874999999 0.452011965625 0.7667410734375 0.436728409375 0.7687421062500001 0.4266501671875 0.7580810703124999 0.394578690625 0.764276859375 0.386138478125 0.7943349171875 0.3631668953125 0.8252971499999999 0.36757377812500003 0.8416926203124999 0.439072378125 0.836325021875 0.5057117765625 0.8405790421875 0.4824403359375 0.8466210453125 0.49251857968749996 0.8572820812499999 0.5803390546875 0.8407920875 0.5652216906249999 0.8248005359375 0.5635374078125001 0.8120421203125 0.539679978125 0.8011883953125001 0.524396421875 0.803189428125 0.51616865 0.7872942187499999 0.501923409375 0.7801738921875 0.4762754796875 0.7795383874999999
1 0.928214796875 0.937015553125 0.9146617718750001 0.9238143203125 0.897061690625 0.92412189375 0.8834624171875 0.93888134375 0.8870571421875001 0.951389628125 0.899451909375 0.9637441265625 0.9094102078124999 0.9644370734375001 0.9268903421875001 0.9541614109375001 0.928214796875 0.937015553125
2 0.553217225 0.081581146875 0.49665607500000003 0.087988165625 0.49029249999999996 0.0998035078125 0.49510545937500006 0.11814256875 0.5444908796875 0.11966370625 0.553217225 0.081581146875
2 0.197297196875 0.27094905625 0.19319017031250002 0.2794738125 0.21623545156250001 0.2864403515625 0.24859306406249998 0.2722200625 0.2746470734375 0.274799159375 0.2833271703125 0.2646772796875 0.2852838640625 0.23646647031249998 0.27185078125 0.23323333124999998 0.2605080546875 0.24470219843750002 0.2425019015625 0.2430661765625 0.238800953125 0.253534528125 0.22311131875 0.25359196875 0.21790600625 0.266254040625 0.197297196875 0.27094905625
2 0.10290070625 0.34520765937500003 0.132775603125 0.347286496875 0.13873310156250002 0.3335275671875 0.10428512968749999 0.3330458453125 0.10290070625 0.34520765937500003
2 0.028633253125 0.37489888437499996 0.0524906875 0.38575260624999996 0.0922039421875 0.37855629999999996 0.10950416562500001 0.353328503125 0.0708292234375 0.35140345 0.0349368578125 0.3580994984375 0.028633253125 0.37489888437499996
2 0.646952515625 0.36582735 0.6555863640624999 0.3836661515625 0.6504410218750001 0.401312271875 0.6627758171875 0.4086827265625 0.6663705421875 0.4211910109375 0.7145377359375 0.4168813703125 0.7334622656249999 0.3994279421875 0.7252944671875 0.3885167765625 0.7351328234375 0.37924163125 0.6963979124999999 0.372332534375 0.7065224046874999 0.35503288906249997 0.7040859390625 0.343371334375 0.696790265625 0.34133139843750004 0.6732926609375001 0.36038194687499997 0.646952515625 0.36582735
2 0.8495521328125 0.2833922828125 0.8061379296875 0.30105693906250003 0.7746387218749999 0.2912037328125 0.76358213125 0.2946481015625 0.7668907218750001 0.3151808859375 0.781602009375 0.3292288484375 0.7763367265625 0.336906875 0.744145303125 0.333134571875 0.728861746875 0.33513560625 0.7228442796875 0.34391049375 0.743692975 0.3591516609375 0.7632034984375 0.3585939609375 0.7709652218749999 0.367561534375 0.79933575625 0.37183409375 0.80610540625 0.36196234843749997 0.7969455359375 0.332211859375 0.8425100734375001 0.3342332546875 0.8458649109374999 0.3268053578125 0.8357866671874999 0.31614431875000004 0.8543051234375 0.29674729843750003 0.88759483125 0.2963822859375 0.89668100625 0.288204 0.881683584375 0.282180534375 0.8850384265625 0.2747526390625 0.9327995375 0.268499409375 0.9425779234375 0.2542402171875 0.939329303125 0.23869147812499997 0.9270544812500001 0.2363050671875 0.918826709375 0.2204098578125 0.9096805671875 0.22360409531249997 0.8935386046874999 0.249678628125 0.8681768062499999 0.24101862500000001 0.8495521328125 0.2833922828125
0 0.4610945734375 0.4720283421875 0.48611026874999996 0.4837288 0.48102489843749996 0.5063589578125 0.497060640625 0.5032610640625 0.50082155625 0.4977767625 0.49375204687499996 0.48272828125 0.5223487453125 0.47399229531250003 0.5366402296875 0.453151940625 0.5376185765625 0.4390465328125 0.48736102499999995 0.4286541671875 0.46715829218750005 0.4352927734375 0.459696428125 0.45124542968750003 0.4610945734375 0.4720283421875
2 0.2790575203125 0.5777290749999999 0.297875834375 0.5832522796874999 0.32033511875 0.57332309375 0.3082864609375 0.5579281375 0.29844810312500003 0.5672032828125 0.28316454687500003 0.5692043171875001 0.2790575203125 0.5777290749999999
2 0.33145168125 0.57486276875 0.33840124375 0.5799431578124999 0.3727892453125 0.5754408296875 0.377182403125 0.558891575 0.4302687734375 0.5499443625 0.43512798124999996 0.5403227421875 0.426614075 0.53245203125 0.38938353124999997 0.5233492109375 0.3823877171875 0.546229503125 0.3643815640625 0.54459348125 0.352632759375 0.5541187562500001 0.33231008125 0.5507892734375 0.33145168125 0.57486276875
2 0.8145166546875 0.6793441421875 0.8084991875 0.688119028125 0.7790303671875 0.6879837828124999 0.7802486 0.693814559375 0.7991268796875 0.704321809375 0.7911989671875 0.713346825 0.8108894062499999 0.7277412609375 0.8253608078125 0.72185304375 0.8399521484375001 0.725932915625 0.8443453078125 0.709383659375 0.86999324375 0.7100191625 0.8737541609375 0.704534859375 0.8593889765625 0.6874464437500001 0.8398784546875 0.68800414375 0.825979321875 0.677843365625 0.8145166546875 0.6793441421875
2 0.0411190046875 0.7446613281250001 0.08163069375000001 0.7084074796875 0.0342156875 0.7116202578124999 0.0411190046875 0.7446613281250001
2 0.222314940625 0.9825132625 0.260057784375 0.9705830375 0.25339435312499997 0.9574781531250001 0.23219954999999998 0.9452774359375 0.205859403125 0.9507228390625 0.21813422500000001 0.953109246875 0.22705420625 0.9629235515625 0.21843408281249999 0.978029478125 0.222314940625 0.9825132625
2 1 0.6051391765624999 0.9900839171875001 0.6084353828125 0.985976890625 0.616960140625 1 0.6194190578125001 1 0.6051391765624999