2 0.4326171859375 0.857421875 0.4296875 0.8876953140625 0.44140625 0.8935546859375 0.4599609359375 0.890625 0.462890625 0.8740234359375 0.4521484359375 0.86328125 0.4326171859375 0.857421875
2 0.3671875 0.6982421859375 0.365234375 0.7099609359375 0.37890625 0.7236328140625 0.37890625 0.7529296859375 0.38671875 0.7685546859375 0.39453125 0.7705078140625 0.400390625 0.7314453140625 0.390625 0.6884765640625 0.3818359359375 0.685546875 0.3671875 0.6982421859375
2 0.1728515640625 0.080078125 0.1474609359375 0.0703125 0.138671875 0.08300781406249999 0.1630859359375 0.095703125 0.171875 0.11816406406249999 0.1796875 0.12011718593750001 0.197265625 0.06933593593750001 0.1904296859375 0.05078125 0.17578125 0.0576171859375 0.1728515640625 0.080078125
2 0.1416015640625 0 0.13671875 0.008789064062500001 0.140625 0.020507814062499997 0.1552734359375 0.033203125 0.1640625 0.032226564062500004 0.173828125 0.0263671859375 0.169921875 0.0146484359375 0.1630859359375 0.005859375 0.1416015640625 0
2 0.2734375 0.3212890640625 0.259765625 0.3427734359375 0.2705078140625 0.353515625 0.2890625 0.3544921859375 0.298828125 0.3486328140625 0.298828125 0.3408203140625 0.2783203140625 0.2890625 0.2734375 0.3212890640625
2 0.74609375 0.7861328140625 0.763671875 0.8154296859375 0.771484375 0.8173828140625 0.771484375 0.7939453140625 0.76171875 0.7763671859375 0.7470703140625 0.767578125 0.74609375 0.7861328140625
2 0.6181640640625 0.294921875 0.5986328140625 0.30078125 0.5830078140625 0.29296875 0.580078125 0.3056640640625 0.58984375 0.3173828140625 0.583984375 0.3291015640625 0.59375 0.3466796859375 0.6015625 0.3486328140625 0.615234375 0.3369140640625 0.609375 0.3173828140625 0.623046875 0.3017578140625 0.6181640640625 0.294921875
2 0.541015625 0.1552734359375 0.5546875 0.1611328140625 0.5595703140625 0.103515625 0.552734375 0.10644531406249999 0.5390625 0.1435546859375 0.541015625 0.1552734359375
2 0.64453125 0.4228515640625 0.646484375 0.4091796859375 0.6318359359375 0.38671875 0.623046875 0.4208984359375 0.64453125 0.4228515640625
2 0.939453125 0.3173828140625 0.923828125 0.3095703140625 0.923828125 0.2958984359375 0.9169921859375 0.291015625 0.8984375 0.3037109359375 0.896484375 0.3349609359375 0.90625 0.3427734359375 0.9208984359375 0.330078125 0.9365234359375 0.33984375 0.9453125 0.3369140640625 0.939453125 0.3173828140625
2 0.94140625 0.4501953140625 0.9482421859375 0.45703125 0.962890625 0.4560546859375 0.970703125 0.4404296859375 0.9580078140625 0.4296875 0.94140625 0.4423828140625 0.94140625 0.4501953140625
2 1 0.5419921859375 0.9921875 0.5341796859375 0.9921875 0.5068359359375 0.9833984359375 0.498046875 0.966796875 0.5322265640625 0.9765625 0.5458984359375 0.978515625 0.5888671859375 0.9921875 0.5927734359375 1 0.5888671859375 1 0.5419921859375
2 0.7138671859375 0.693359375 0.72265625 0.6943359359375 0.732421875 0.6806640640625 0.7177734359375 0.662109375 0.70703125 0.6826171859375 0.7138671859375 0.693359375
2 0.791015625 0.9501953140625 0.814453125 0.9345703140625 0.8056640640625 0.90625 0.78125 0.9326171859375 0.791015625 0.9501953140625
2 0.484375 0.9658203140625 0.490234375 0.9306640640625 0.4794921859375 0.92578125 0.47265625 0.9619140640625 0.484375 0.9658203140625