2 0.23046875 0.9716796859375 0.2255859359375 0.962890625 0.19140625 0.9912109359375 0.2001953140625 0.994140625 0.2041015640625 0.984375 0.2197265640625 0.984375 0.2216796859375 0.978515625 0.220703125 0.9951171859375 0.2265625 0.9990234359375 0.236328125 0.9892578140625 0.2314453140625 0.978515625 0.2265625 0.9833984359375 0.23046875 0.9716796859375
2 0.169921875 0.8544921859375 0.1640625 0.8720703140625 0.15625 0.8759765640625 0.154296875 0.8955078140625 0.142578125 0.9072265640625 0.1455078140625 0.912109375 0.1630859359375 0.91015625 0.173828125 0.9189453140625 0.18359375 0.8857421859375 0.197265625 0.8740234359375 0.1904296859375 0.841796875 0.169921875 0.8544921859375
2 0 0.5458984359375 0.021484375 0.5595703140625 0.04296875 0.5224609359375 0.0302734359375 0.482421875 0.01953125 0.4853515640625 0.018554685937500003 0.501953125 0 0.4931640640625 0 0.5458984359375
2 0.09375 0.7314453140625 0.099609375 0.6904296859375 0.08203125 0.6787109359375 0.0859375 0.6494140640625 0.052734375 0.6416015640625 0.0625 0.5986328140625 0.0126953140625 0.58984375 0.005859375 0.5947265640625 0.005859375 0.6064453140625 0.025390625 0.6201171859375 0.021484375 0.6435546859375 0.032226564062500004 0.65625 0.0517578140625 0.65234375 0.060546875 0.6748046859375 0.060546875 0.6865234359375 0.044921875 0.7001953140625 0.04296875 0.7255859359375 0.0859375 0.7431640640625 0.06933593593750001 0.7734375 0.09277343593750001 0.7734375 0.109375 0.7880859359375 0.125 0.7626953140625 0.125 0.7333984359375 0.087890625 0.7373046859375 0.09375 0.7314453140625
2 0.240234375 0.2841796859375 0.251953125 0.2900390640625 0.26171875 0.2841796859375 0.259765625 0.2724609359375 0.2412109359375 0.255859375 0.240234375 0.2841796859375
2 0.1484375 0.0595703140625 0.158203125 0.0615234359375 0.16796875 0.038085935937499996 0.1376953140625 0.0078125 0.138671875 0.036132814062500004 0.1484375 0.0595703140625
2 0.20703125 0.2509765640625 0.216796875 0.2587890640625 0.23046875 0.2216796859375 0.2021484359375 0.208984375 0.19921875 0.2255859359375 0.20703125 0.2509765640625
2 0.1982421859375 0.14453125 0.197265625 0.1591796859375 0.2060546859375 0.17578125 0.21875 0.1708984359375 0.22265625 0.1923828140625 0.232421875 0.1962890640625 0.240234375 0.1650390640625 0.2236328140625 0.1328125 0.2177734359375 0.142578125 0.1982421859375 0.14453125
2 0.2802734359375 0.3515625 0.2607421859375 0.359375 0.255859375 0.3720703140625 0.263671875 0.3896484359375 0.275390625 0.3935546859375 0.298828125 0.4501953140625 0.30859375 0.4521484359375 0.31640625 0.4326171859375 0.30859375 0.4228515640625 0.30078125 0.3759765640625 0.2802734359375 0.3515625
2 0.4599609359375 0.77734375 0.451171875 0.7939453140625 0.447265625 0.8310546859375 0.45703125 0.8408203140625 0.462890625 0.8349609359375 0.462890625 0.8115234359375 0.47265625 0.8017578140625 0.4599609359375 0.77734375
2 0.40625 0.6669921859375 0.3857421859375 0.642578125 0.357421875 0.6533203140625 0.359375 0.6826171859375 0.341796875 0.6943359359375 0.3486328140625 0.69921875 0.3720703140625 0.6953125 0.3779296859375 0.705078125 0.38671875 0.7041015640625 0.3828125 0.6826171859375 0.3974609359375 0.685546875 0.40625 0.6787109359375 0.40625 0.6669921859375
2 0.55859375 0.2158203140625 0.56640625 0.2177734359375 0.572265625 0.2080078140625 0.5693359359375 0.171875 0.55078125 0.1904296859375 0.55859375 0.2158203140625
2 0.5556640640625 0.005859375 0.5361328140625 0 0.537109375 0.045898435937499996 0.54296875 0.0615234359375 0.548828125 0.0615234359375 0.55078125 0.049804685937499996 0.5625 0.045898435937499996 0.5625 0.016601564062499997 0.5556640640625 0.005859375
2 0.6015625 0.3447265640625 0.609375 0.3779296859375 0.619140625 0.3837890640625 0.62890625 0.3681640640625 0.62890625 0.3427734359375 0.6123046859375 0.3125 0.6015625 0.3447265640625
2 0.7119140640625 0.703125 0.70703125 0.7080078140625 0.705078125 0.7568359359375 0.724609375 0.7666015640625 0.732421875 0.7607421859375 0.734375 0.7412109359375 0.720703125 0.7060546859375 0.7119140640625 0.703125
2 0.642578125 0.4892578140625 0.63671875 0.4755859359375 0.63671875 0.4580078140625 0.6484375 0.4423828140625 0.6484375 0.4306640640625 0.6416015640625 0.419921875 0.6279296859375 0.419921875 0.615234375 0.4384765640625 0.62109375 0.4521484359375 0.6171875 0.4638671859375 0.625 0.4775390640625 0.623046875 0.5068359359375 0.63671875 0.5166015640625 0.63671875 0.5302734359375 0.626953125 0.5400390640625 0.646484375 0.5419921859375 0.658203125 0.5361328140625 0.65625 0.5263671859375 0.640625 0.5126953140625 0.642578125 0.4892578140625
2 0.734375 0.8134765640625 0.734375 0.8330078140625 0.72265625 0.8544921859375 0.7431640640625 0.85546875 0.7587890640625 0.87109375 0.771484375 0.8740234359375 0.783203125 0.8447265640625 0.7646484359375 0.8125 0.7412109359375 0.80859375 0.734375 0.8134765640625
2 0.921875 0.3427734359375 0.931640625 0.3466796859375 0.9375 0.3310546859375 0.9228515640625 0.314453125 0.916015625 0.3271484359375 0.921875 0.3427734359375
2 0.974609375 0.5185546859375 0.98046875 0.5361328140625 0.9921875 0.5400390640625 1 0.5302734359375 0.9970703140625 0.484375 0.982421875 0.4892578140625 0.974609375 0.5185546859375
2 0.951171875 0.4521484359375 0.955078125 0.4658203140625 0.9609375 0.4658203140625 0.986328125 0.4306640640625 0.9716796859375 0.390625 0.953125 0.4169921859375 0.951171875 0.4521484359375
2 0.9248046859375 0.1796875 0.904296875 0.2138671859375 0.921875 0.2646484359375 0.9375 0.2509765640625 0.939453125 0.2275390640625 0.9375 0.2001953140625 0.9248046859375 0.1796875
2 0.966796875 0.09472656406249999 0.966796875 0.08105468593750001 0.9326171859375 0.068359375 0.9150390640625 0.080078125 0.91796875 0.038085935937499996 0.8974609359375 0.029296875 0.87890625 0.0537109359375 0.876953125 0.06933593593750001 0.8935546859375 0.09375 0.9091796859375 0.080078125 0.9140625 0.08300781406249999 0.91015625 0.10449218593750001 0.8935546859375 0.109375 0.890625 0.12207031406249999 0.904296875 0.1337890640625 0.91015625 0.1552734359375 0.923828125 0.1630859359375 0.9384765640625 0.140625 0.955078125 0.1396484359375 0.955078125 0.11230468593750001 0.966796875 0.09472656406249999