2 0.1544214015625 0.7970321609375 0.1595166328125 0.8073791671875 0.20333710312500003 0.8216583468750001 0.21210641875 0.818174596875 0.1945938984375 0.7934441671875 0.1544214015625 0.7970321609375
2 0.1294226953125 0.8217218828125 0.1279754390625 0.8292420453125 0.177726675 0.86004745 0.1850748421875 0.8323859296875 0.1412543734375 0.8181067515624999 0.1294226953125 0.8217218828125
2 0.33596602343750004 0.8321274843750001 0.3491069421875 0.8427508234375001 0.3686784453125 0.8462617124999999 0.3739676375 0.8398197359375 0.3508041109375 0.8234113234375 0.33596602343750004 0.8321274843750001
2 0.4180081828125 0.805611996875 0.4285045078125 0.8194563265625 0.47040401249999997 0.833196415625 0.47377223281249997 0.82621534375 0.46633827187500004 0.8122396359374999 0.4180081828125 0.805611996875
2 0.616088059375 0.8126516625000001 0.6048121546874999 0.7975977656250001 0.5833756343750001 0.7985174328125 0.58192838125 0.806037596875 0.5912273640625 0.8155827499999999 0.6069569296874999 0.818015453125 0.616088059375 0.8126516625000001
2 0.209834815625 0.5143555671875 0.1747836625 0.49659263749999993 0.15412671875 0.49872187031250004 0.1408477875 0.5098571625 0.154350521875 0.518600465625 0.2022628453125 0.5221384921875 0.209834815625 0.5143555671875
2 0.107023815625 0.5330609890625 0.10465523750000001 0.49276470781250004 0.06423283125 0.5081720375 0.094774375 0.5335865125 0.107023815625 0.5330609890625
2 0.2554755375 0.214074565625 0.23434488125000003 0.20814454375000002 0.2190890265625 0.2137710953125 0.2025239375 0.205159178125 0.1980143203125 0.21281072031249998 0.2208719890625 0.2360688234375 0.2429761859375 0.226419428125 0.2854874140625 0.22646013593749997 0.3067560859375 0.21063152500000001 0.2755468640625 0.19394677968750001 0.2554755375 0.214074565625
2 0.440302590625 0.2005515921875 0.4296682578125 0.20846589999999998 0.47738662187500003 0.22879291249999997 0.5006881578125 0.223442690625 0.5086219484375001 0.21377972656250002 0.46468957499999997 0.1895612484375 0.460541771875 0.19533275 0.46563700468749997 0.20567976250000003 0.440302590625 0.2005515921875
2 0.5787242609375001 0.24930558593750002 0.5594586203125 0.23894500624999998 0.5676423203125001 0.217462703125 0.5591788640625001 0.2140967640625 0.533818346875 0.240666528125 0.5165296265625 0.2358146921875 0.5001323859375 0.24211171718750002 0.5375222734375 0.26350335 0.5465153921875 0.2798981921875 0.555646521875 0.27453440156250003 0.5698728843749999 0.2795176203125 0.56196520625 0.25748265625 0.5787242609375001 0.24930558593750002
2 0.7360758796875 0.78885878125 0.7121887265625 0.77621045 0.7078730703125 0.76707300625 0.690640303125 0.7671908171874999 0.7009986140625 0.8027937812499999 0.722852903125 0.804963725 0.7360758796875 0.78885878125
2 0.6963472578125 0.76383845 0.6895548625 0.7728309421875 0.7009986140625 0.8027937812499999 0.7163663671875 0.8071065265625 0.7369114109375 0.795037996875 0.770653321875 0.7985624546875 0.7873564296875 0.7854157390625 0.7727123046875 0.777342915625 0.7367995078125 0.7850986984375 0.6963472578125 0.76383845
2 0.93639376875 0.4844278703125 0.9075792359375001 0.476341475 0.8854750375 0.485990871875 0.835417940625 0.4620351546875 0.8247836062499999 0.46994946249999997 0.8288493484374999 0.4909062421875 0.8155144671875 0.4970718859375 0.8255370765625001 0.5028569609375 0.8446348625000001 0.49830859375000003 0.8884553374999999 0.512587775 0.8947740187500001 0.49553602343750003 0.9303809484375 0.494629928125 0.93639376875 0.4844278703125
2 0.9530558328125001 0.2295170390625 0.9369905656249999 0.19726644531249998 0.9216787640625 0.19792334843749998 0.9185902953125 0.2297526625 0.934681675 0.2303053265625 0.9470430140625 0.2397190984375 0.9530558328125001 0.2295170390625
2 0.2565759078125 0.4818964890625 0.2508689515625 0.48524885781249993 0.25103680625 0.5001578062500001 0.280936778125 0.502604078125 0.2871734 0.5122806140625 0.31359325312499997 0.511768659375 0.3150405078125 0.5042484968750001 0.3049619484375 0.49349377499999997 0.28658778281249997 0.49428205937499997 0.2565759078125 0.4818964890625
2 0.04423238125 0.80673151875 0.0330784921875 0.8118043343749999 0.034074115625 0.8362386890625 0.0510546203125 0.83440660625 0.060435665625 0.817223478125 0.057679167187500005 0.8105051703124999 0.04423238125 0.80673151875