2 0.009765625 0.1689453140625 0.009765625 0.11621093593750001 0.0009765640625 0.103515625 0 0.1689453140625 0.009765625 0.1689453140625
2 0.09375 0.2822265640625 0.08496093593750001 0.2734375 0.0576171859375 0.27734375 0.043945314062500004 0.265625 0.024414064062499997 0.265625 0.021484375 0.2802734359375 0.0390625 0.3017578140625 0.03515625 0.3154296859375 0.05859375 0.3564453140625 0.0703125 0.3427734359375 0.068359375 0.3173828140625 0.080078125 0.3115234359375 0.09375 0.2822265640625
2 0.177734375 0.5556640640625 0.1630859359375 0.53515625 0.140625 0.5361328140625 0.15625 0.5185546859375 0.158203125 0.5009765640625 0.142578125 0.4794921859375 0.1376953140625 0.447265625 0.126953125 0.4775390640625 0.134765625 0.5341796859375 0.107421875 0.5361328140625 0.111328125 0.5576171859375 0.125 0.5693359359375 0.119140625 0.5986328140625 0.1328125 0.6025390640625 0.1435546859375 0.5859375 0.1572265640625 0.58984375 0.177734375 0.5673828140625 0.177734375 0.5556640640625
2 0.1650390640625 0.59375 0.158203125 0.6025390640625 0.16015625 0.6279296859375 0.15234375 0.6357421859375 0.15234375 0.6611328140625 0.126953125 0.6884765640625 0.146484375 0.7041015640625 0.1494140640625 0.716796875 0.1552734359375 0.71875 0.1650390640625 0.708984375 0.185546875 0.7197265640625 0.216796875 0.6455078140625 0.20703125 0.6357421859375 0.205078125 0.6201171859375 0.1650390640625 0.59375
2 0.283203125 0.7919921859375 0.2744140640625 0.78515625 0.26953125 0.8076171859375 0.24609375 0.8330078140625 0.2763671859375 0.86328125 0.283203125 0.8623046859375 0.291015625 0.8603515640625 0.29296875 0.8466796859375 0.283203125 0.8310546859375 0.283203125 0.7919921859375
2 0.3466796859375 0.947265625 0.3310546859375 0.94140625 0.3193359359375 0.9453125 0.30859375 0.9716796859375 0.296875 0.9775390640625 0.30078125 0.9912109359375 0.2958984359375 1 0.32421875 0.9990234359375 0.3515625 0.9814453140625 0.361328125 0.9501953140625 0.3583984359375 0.939453125 0.3466796859375 0.947265625
2 0.5791015640625 0.68359375 0.57421875 0.6884765640625 0.576171875 0.7275390640625 0.568359375 0.7470703140625 0.5791015640625 0.748046875 0.5927734359375 0.767578125 0.61328125 0.7705078140625 0.615234375 0.7509765640625 0.591796875 0.7353515640625 0.591796875 0.7177734359375 0.5791015640625 0.68359375
2 0.5380859359375 0.509765625 0.5283203140625 0.5078125 0.521484375 0.5205078140625 0.5263671859375 0.53515625 0.55078125 0.5419921859375 0.55859375 0.5341796859375 0.564453125 0.4951171859375 0.5595703140625 0.48828125 0.5380859359375 0.509765625
2 0.51953125 0.4404296859375 0.50390625 0.4951171859375 0.50390625 0.5068359359375 0.515625 0.5146484359375 0.525390625 0.5068359359375 0.533203125 0.4716796859375 0.5302734359375 0.43359375 0.51953125 0.4404296859375
2 0.53125 0.5732421859375 0.541015625 0.5947265640625 0.541015625 0.6396484359375 0.55078125 0.6416015640625 0.564453125 0.6142578140625 0.5625 0.5791015640625 0.5380859359375 0.568359375 0.53125 0.5732421859375
2 0.474609375 0.3486328140625 0.482421875 0.3505859359375 0.4765625 0.2783203140625 0.4658203140625 0.267578125 0.462890625 0.3251953140625 0.474609375 0.3486328140625
2 0.43359375 0.1650390640625 0.4267578140625 0.162109375 0.4150390640625 0.171875 0.4013671859375 0.1640625 0.396484375 0.1708984359375 0.400390625 0.1845703140625 0.4130859359375 0.1953125 0.4248046859375 0.1953125 0.4384765640625 0.220703125 0.44921875 0.2197265640625 0.455078125 0.2138671859375 0.455078125 0.1962890640625 0.4375 0.1787109359375 0.43359375 0.1650390640625
2 0.41015625 0.0556640640625 0.3984375 0.0537109359375 0.40625 0.0009765640625 0.3583984359375 0 0.357421875 0.0126953140625 0.345703125 0.0283203140625 0.345703125 0.041992185937499996 0.359375 0.0576171859375 0.357421875 0.07910156406249999 0.3662109359375 0.0859375 0.3798828140625 0.083984375 0.3828125 0.10058593593750001 0.3955078140625 0.099609375 0.40625 0.11816406406249999 0.423828125 0.1279296859375 0.43359375 0.11621093593750001 0.431640625 0.09863281406249999 0.4140625 0.07714843593750001 0.41015625 0.0556640640625
2 0.6455078140625 0.84765625 0.654296875 0.8466796859375 0.66015625 0.8193359359375 0.6416015640625 0.798828125 0.634765625 0.8369140640625 0.6455078140625 0.84765625
2 0.728515625 0.9990234359375 0.7158203140625 0.984375 0.703125 0.9873046859375 0.7021484359375 1 0.728515625 0.9990234359375
2 0.9873046859375 0.640625 0.97265625 0.6435546859375 0.9609375 0.6748046859375 0.955078125 0.7158203140625 0.96484375 0.7236328140625 0.978515625 0.7119140640625 0.994140625 0.6826171859375 0.994140625 0.6513671859375 0.9873046859375 0.640625
2 0.9365234359375 0.521484375 0.9248046859375 0.517578125 0.916015625 0.5302734359375 0.916015625 0.5458984359375 0.9296875 0.5576171859375 0.94140625 0.5927734359375 0.94921875 0.5966796859375 0.966796875 0.5654296859375 0.9609375 0.5224609359375 0.9541015640625 0.515625 0.9365234359375 0.521484375
2 0.8955078140625 0.36328125 0.90234375 0.3662109359375 0.9013671859375 0.357421875 0.8896484359375 0.357421875 0.8818359359375 0.373046875 0.85546875 0.3701171859375 0.85546875 0.3896484359375 0.880859375 0.4013671859375 0.904296875 0.3876953140625 0.904296875 0.3759765640625 0.892578125 0.3681640640625 0.8955078140625 0.36328125
2 0.8583984359375 0.28125 0.84765625 0.2763671859375 0.841796875 0.3134765640625 0.853515625 0.3193359359375 0.888671875 0.2900390640625 0.8798828140625 0.2734375 0.8662109359375 0.2734375 0.8583984359375 0.28125
2 0.798828125 0.1884765640625 0.7998046859375 0.15234375 0.7890625 0.1611328140625 0.7890625 0.1806640640625 0.798828125 0.1884765640625
2 0.8125 0.1962890640625 0.82421875 0.2021484359375 0.83203125 0.1923828140625 0.830078125 0.1669921859375 0.8134765640625 0.166015625 0.8125 0.1962890640625
2 0.2763671859375 0.783203125 0.2666015640625 0.7890625 0.263671875 0.7666015640625 0.2451171859375 0.759765625 0.244140625 0.7978515640625 0.2529296859375 0.802734375 0.267578125 0.7939453140625 0.265625 0.8076171859375 0.24609375 0.8349609359375 0.2705078140625 0.859375 0.287109375 0.8623046859375 0.29296875 0.8447265640625 0.28515625 0.8310546859375 0.283203125 0.7919921859375 0.2763671859375 0.783203125