2 0.330078125 0.8095703140625 0.337890625 0.8115234359375 0.34765625 0.7744140640625 0.3408203140625 0.76171875 0.326171875 0.7783203140625 0.330078125 0.8095703140625
2 0.126953125 0.3564453140625 0.126953125 0.3681640640625 0.154296875 0.3720703140625 0.162109375 0.3623046859375 0.16015625 0.3486328140625 0.1396484359375 0.34375 0.126953125 0.3564453140625
2 0.08203125 0.2119140640625 0.099609375 0.2236328140625 0.11328125 0.1962890640625 0.10839843593750001 0.1875 0.08691406406249999 0.1875 0.08203125 0.2119140640625
2 0.6640625 0.7822265640625 0.6640625 0.7900390640625 0.67578125 0.7939453140625 0.697265625 0.7841796859375 0.6953125 0.7705078140625 0.6767578140625 0.755859375 0.6640625 0.7822265640625
2 0.62890625 0.6103515640625 0.640625 0.6337890640625 0.65234375 0.6357421859375 0.66015625 0.6123046859375 0.6552734359375 0.568359375 0.6328125 0.5908203140625 0.62890625 0.6103515640625
2 0.111328125 0.2490234359375 0.11621093593750001 0.263671875 0.1328125 0.2646484359375 0.158203125 0.2451171859375 0.15625 0.2216796859375 0.1435546859375 0.2109375 0.111328125 0.2490234359375
2 0.5341796859375 0.287109375 0.521484375 0.3095703140625 0.521484375 0.3271484359375 0.533203125 0.3330078140625 0.56640625 0.2978515640625 0.568359375 0.2822265640625 0.5615234359375 0.2734375 0.5341796859375 0.287109375
2 0.33203125 0.8349609359375 0.32421875 0.8505859359375 0.322265625 0.8974609359375 0.330078125 0.8974609359375 0.357421875 0.8681640640625 0.357421875 0.8564453140625 0.3427734359375 0.830078125 0.33203125 0.8349609359375
2 0.5126953140625 0.205078125 0.5078125 0.2197265640625 0.49609375 0.2275390640625 0.49609375 0.2470703140625 0.5048828140625 0.2578125 0.515625 0.2587890640625 0.546875 0.2314453140625 0.5419921859375 0.2109375 0.5166015640625 0.2109375 0.5126953140625 0.205078125
2 0.4931640640625 0.140625 0.4775390640625 0.140625 0.47265625 0.1455078140625 0.474609375 0.1689453140625 0.5009765640625 0.201171875 0.51171875 0.2001953140625 0.5234375 0.1884765640625 0.51953125 0.1708984359375 0.5 0.1572265640625 0.4931640640625 0.140625
2 0.87890625 0.11425781406249999 0.8818359359375 0.138671875 0.908203125 0.1396484359375 0.935546875 0.11035156406249999 0.9345703140625 0.087890625 0.8955078140625 0.09765625 0.87890625 0.11425781406249999
2 0.64453125 0.6669921859375 0.640625 0.6923828140625 0.6513671859375 0.69921875 0.6796875 0.7001953140625 0.693359375 0.6845703140625 0.69140625 0.6728515640625 0.6611328140625 0.642578125 0.64453125 0.6669921859375
2 0.5849609359375 0.404296875 0.5771484359375 0.388671875 0.5654296859375 0.404296875 0.54296875 0.4091796859375 0.5517578140625 0.4296875 0.603515625 0.4423828140625 0.611328125 0.4365234359375 0.611328125 0.4189453140625 0.5986328140625 0.40625 0.5849609359375 0.404296875
2 0.8935546859375 0.01171875 0.8798828140625 0.015625 0.869140625 0.038085935937499996 0.841796875 0.0615234359375 0.8486328140625 0.078125 0.873046875 0.08496093593750001 0.890625 0.07714843593750001 0.88671875 0.0517578140625 0.900390625 0.018554685937500003 0.8935546859375 0.01171875
2 0.361328125 0.9501953140625 0.37109375 0.9775390640625 0.36328125 0.9892578140625 0.3798828140625 1 0.41015625 0.9990234359375 0.40625 0.9619140640625 0.3837890640625 0.935546875 0.3662109359375 0.92578125 0.361328125 0.9501953140625
2 0.6259765640625 0.462890625 0.6123046859375 0.466796875 0.60546875 0.4873046859375 0.59375 0.4951171859375 0.60546875 0.5595703140625 0.62109375 0.5634765640625 0.62890625 0.5478515640625 0.625 0.4951171859375 0.630859375 0.4697265640625 0.6259765640625 0.462890625
2 0.208984375 0.4072265640625 0.1884765640625 0.37890625 0.1708984359375 0.375 0.162109375 0.4091796859375 0.171875 0.4248046859375 0.173828125 0.4599609359375 0.18359375 0.4697265640625 0.19140625 0.4638671859375 0.197265625 0.4326171859375 0.208984375 0.4228515640625 0.208984375 0.4072265640625
2 0.3076171859375 0.673828125 0.2822265640625 0.66796875 0.2724609359375 0.642578125 0.26171875 0.7021484359375 0.275390625 0.7197265640625 0.27734375 0.7373046859375 0.2890625 0.7392578140625 0.296875 0.7158203140625 0.322265625 0.6962890640625 0.32421875 0.6865234359375 0.3076171859375 0.673828125
2 0.2119140640625 0.513671875 0.1923828140625 0.509765625 0.1796875 0.5185546859375 0.181640625 0.5380859359375 0.2041015640625 0.564453125 0.24609375 0.5751953140625 0.25 0.5126953140625 0.2431640640625 0.501953125 0.2255859359375 0.49609375 0.2119140640625 0.513671875