2 0.013671875 0.043945314062500004 0.015625 0.0048828140625 0.0009765640625 0 0 0.041992185937499996 0.013671875 0.043945314062500004
2 0.31640625 0.8720703140625 0.318359375 0.8896484359375 0.33203125 0.8955078140625 0.345703125 0.8798828140625 0.3408203140625 0.84375 0.328125 0.8466796859375 0.31640625 0.8720703140625
2 0.1552734359375 0.396484375 0.146484375 0.4052734359375 0.150390625 0.4169921859375 0.173828125 0.4365234359375 0.189453125 0.4189453140625 0.193359375 0.3955078140625 0.1884765640625 0.388671875 0.1552734359375 0.396484375
2 0.349609375 0.9521484359375 0.365234375 0.9736328140625 0.369140625 0.9990234359375 0.3828125 0.9990234359375 0.388671875 0.9833984359375 0.388671875 0.9404296859375 0.3720703140625 0.927734375 0.349609375 0.9521484359375
2 0.2001953140625 0.5 0.1767578140625 0.49609375 0.162109375 0.5068359359375 0.1708984359375 0.541015625 0.1748046859375 0.533203125 0.21875 0.5341796859375 0.21875 0.5439453140625 0.2041015640625 0.546875 0.1982421859375 0.5546875 0.1845703140625 0.541015625 0.173828125 0.5478515640625 0.189453125 0.5615234359375 0.189453125 0.5712890640625 0.197265625 0.5732421859375 0.216796875 0.5634765640625 0.23046875 0.5322265640625 0.20703125 0.5263671859375 0.2001953140625 0.5
2 0.251953125 0.5908203140625 0.251953125 0.6083984359375 0.220703125 0.6240234359375 0.228515625 0.6591796859375 0.2421875 0.6806640640625 0.265625 0.6494140640625 0.267578125 0.6044921859375 0.2587890640625 0.58203125 0.251953125 0.5908203140625
2 0.1279296859375 0.2734375 0.11425781406249999 0.287109375 0.107421875 0.2822265640625 0.103515625 0.2529296859375 0.072265625 0.2099609359375 0.076171875 0.1748046859375 0.064453125 0.1552734359375 0.064453125 0.10449218593750001 0.0556640640625 0.099609375 0.045898435937499996 0.111328125 0.0263671859375 0.10546875 0.021484375 0.11035156406249999 0.025390625 0.1884765640625 0.037109375 0.1962890640625 0.048828125 0.2314453140625 0.080078125 0.2529296859375 0.09375 0.2958984359375 0.111328125 0.3173828140625 0.11328125 0.3349609359375 0.134765625 0.3388671859375 0.140625 0.3271484359375 0.1328125 0.3076171859375 0.138671875 0.2802734359375 0.1279296859375 0.2734375
2 0.994140625 0.5087890640625 0.99609375 0.4814453140625 0.9814453140625 0.470703125 0.978515625 0.4892578140625 0.994140625 0.5087890640625
2 0.87109375 0.1494140640625 0.876953125 0.11035156406249999 0.8623046859375 0.10546875 0.85546875 0.1357421859375 0.87109375 0.1494140640625
2 0.875 0.2158203140625 0.892578125 0.2177734359375 0.89453125 0.1923828140625 0.8779296859375 0.177734375 0.87109375 0.1923828140625 0.875 0.2158203140625
2 0.888671875 0.3212890640625 0.919921875 0.3525390640625 0.939453125 0.3056640640625 0.9365234359375 0.28515625 0.9111328140625 0.294921875 0.888671875 0.3212890640625
2 0.5830078140625 0.3984375 0.576171875 0.4189453140625 0.576171875 0.4658203140625 0.5810546859375 0.47265625 0.595703125 0.4716796859375 0.60546875 0.4658203140625 0.6171875 0.4248046859375 0.6005859359375 0.41796875 0.5830078140625 0.3984375
2 0.85546875 0.0009765640625 0.8056640640625 0 0.8125 0.0263671859375 0.8271484359375 0.033203125 0.833984375 0.047851564062500004 0.830078125 0.07714843593750001 0.849609375 0.08886718593750001 0.85546875 0.07910156406249999 0.85546875 0.0576171859375 0.84765625 0.047851564062500004 0.85546875 0.0009765640625
2 0.9521484359375 0.361328125 0.9248046859375 0.36328125 0.912109375 0.3740234359375 0.9140625 0.3896484359375 0.9287109359375 0.396484375 0.9404296859375 0.416015625 0.9501953140625 0.419921875 0.9599609359375 0.408203125 0.9716796859375 0.42578125 0.984375 0.4306640640625 0.98828125 0.4091796859375 0.9833984359375 0.40234375 0.966796875 0.4013671859375 0.9521484359375 0.361328125
2 0.50390625 0.2646484359375 0.515625 0.2919921859375 0.525390625 0.2998046859375 0.53125 0.3251953140625 0.548828125 0.3291015640625 0.560546875 0.3076171859375 0.546875 0.2626953140625 0.5087890640625 0.25 0.50390625 0.2646484359375
2 0.6923828140625 0.6015625 0.6728515640625 0.615234375 0.6494140640625 0.61328125 0.642578125 0.6220703140625 0.654296875 0.6787109359375 0.66796875 0.6845703140625 0.701171875 0.6748046859375 0.69140625 0.6552734359375 0.69921875 0.6181640640625 0.6923828140625 0.6015625
2 0.748046875 0.7822265640625 0.7314453140625 0.767578125 0.6923828140625 0.765625 0.67578125 0.7958984359375 0.6962890640625 0.8125 0.7099609359375 0.814453125 0.7236328140625 0.83984375 0.74609375 0.8466796859375 0.767578125 0.8232421859375 0.767578125 0.8154296859375 0.751953125 0.8076171859375 0.748046875 0.7822265640625
2 0.4169921859375 0 0.4140625 0.018554685937500003 0.4326171859375 0.025390625 0.443359375 0.022460935937500003 0.4765625 0.11425781406249999 0.4853515640625 0.125 0.49609375 0.12402343593750001 0.5 0.06738281406249999 0.484375 0.0517578140625 0.48046875 0.020507814062499997 0.462890625 0.018554685937500003 0.4658203140625 0 0.4169921859375 0