2 0.6107202453125 0.6807610125 0.615045859375 0.6702685625 0.6049571765625 0.6558741453125 0.6106264546875 0.641239121875 0.5987409546875 0.5826205671875 0.5874024 0.6118906203125001 0.5692517390625 0.6223516859375 0.556181103125 0.614307134375 0.5504470875 0.62203263125 0.5606652453125001 0.6502461078125 0.5856280093749999 0.6585940265625 0.5983036015625001 0.6834965796875 0.6107202453125 0.6807610125
2 0.535680053125 0.55097064375 0.5540606015625 0.5355353421875 0.5784341109375 0.5400126703125 0.58567694375 0.5162608265624999 0.568905628125 0.49687648749999996 0.5646156953125 0.48166610624999995 0.54990676875 0.47582883750000005 0.5342492234375 0.45727614843750003 0.5285152109375 0.46500164374999997 0.530412446875 0.49043248593750005 0.510587815625 0.5288036640625 0.516810665625 0.5437420578125 0.535680053125 0.55097064375
2 0.6715337234375001 0.8856931843750001 0.686537275 0.8934657453125 0.7110112046875 0.879149778125 0.7176647796875 0.8515273437499999 0.697192784375 0.8208032109375001 0.6972284671875 0.7951003859375 0.6836333109375 0.7900947703125001 0.659389278125 0.7994365046875 0.6537199984375001 0.81407153125 0.6383213999999999 0.82315696875 0.6461825390625 0.8358880750000001 0.6703261609375 0.8453396390625001 0.6790064453125 0.8569671078125 0.6715337234375001 0.8856931843750001
2 0.384485896875 0.290558259375 0.38232308593750003 0.2958044796875 0.40541104375000003 0.36964910781250004 0.4516940015625 0.440229871875 0.4627669859375 0.4416368828125 0.476721503125 0.4554873234375 0.4971644421875 0.45359909531250003 0.49732959687499995 0.44171532812500003 0.51951124375 0.4188265203125 0.5223637234375 0.39865759375 0.502121621875 0.3629592296875 0.4817434140625 0.3717569890625 0.46398780312500004 0.36536005625 0.44564955937499995 0.29677734375 0.4287130890625 0.28927676562500004 0.41803515156250004 0.2710117546875 0.4086004609375 0.2673974625 0.3983109375 0.2905896375 0.384485896875 0.290558259375
2 0.33443752031249996 0.201728171875 0.35301227968750004 0.207021465625 0.3651633515625 0.234962953125 0.377644734375 0.239136915625 0.38125162343749996 0.210954815625 0.367922040625 0.1752721359375 0.3728369109375 0.1686502859375 0.36206518125 0.1108633859375 0.364033778125 0.08488856875 0.3540098296875 0.077403684375 0.3330423765625 0.0823308484375 0.32541112499999997 0.06462550624999999 0.3167955765625 0.0599075671875 0.31159270625 0.0062789390625 0.2439406203125 0.0157985234375 0.252585221875 0.053128817187499996 0.285703753125 0.0761431421875 0.2767578953125 0.09519274062500001 0.2841592546875 0.11787231875 0.3367007453125 0.17768865312499998 0.33443752031249996 0.201728171875
2 0.1809653515625 0.6720470671875 0.190795090625 0.6588033624999999 0.189781734375 0.6391784109375 0.16370520156249999 0.6299988390625 0.159609475 0.6355170484375 0.1690732234375 0.671743703125 0.1809653515625 0.6720470671875
2 0.3494196625 0.9745076875 0.3555130390625 0.975627015625 0.37746479375 0.95771244375 0.385886134375 0.9417017890625001 0.379828440625 0.914879628125 0.3634812234375 0.9112496421875 0.3577181546875 0.8863627828125 0.349627121875 0.87860590625 0.33769931249999996 0.9040053671875 0.32610181250000003 0.905637296875 0.322300715625 0.9130908015625 0.326885278125 0.9302364828125 0.34500025624999997 0.9454782406250001 0.3494196625 0.9745076875
2 0.06148795312500001 0.3735668734375 0.0456005171875 0.3599884203125 0.0355408890625 0.3782063625 0.025345159375 0.440920425 0.0638383421875 0.44736442812500005 0.08333266406249999 0.43276078125 0.08726985937500001 0.38081114843749997 0.07695128749999999 0.37139096718750003 0.06148795312500001 0.3735668734375
2 0.1315709671875 0.59399710625 0.1386776984375 0.6147413859374999 0.168001759375 0.5868940328125001 0.16735439531250001 0.5177987265625 0.140458715625 0.5097227953125001 0.14662345625 0.45943646875 0.1156320484375 0.45687875 0.084446434375 0.4335924359375 0.09010908749999999 0.47727259687499995 0.1169690859375 0.5110513531249999 0.1196207296875 0.528469021875 0.10101028906250001 0.5488785546875 0.1027780515625 0.5604903328125 0.1315709671875 0.59399710625
2 0.2233891046875 0.6848566265625 0.20005800156250003 0.7326166078125 0.2052318171875 0.7536328812499999 0.22750725625 0.7702659625 0.24882745 0.83249880625 0.268350828125 0.85050751875 0.277196265625 0.850251221875 0.2814571453125 0.8328492453124999 0.302719228125 0.8298573734374999 0.3103861609375 0.8218598921875 0.31756425625 0.791198515625 0.2869322125 0.7974856265625 0.2826422796875 0.7822752453125 0.2689823890625 0.770360096875 0.27367399375 0.710397290625 0.26810513281250004 0.7062390234375 0.24743230624999998 0.7131014859375 0.2325291703125 0.6865356265625 0.2233891046875 0.6848566265625
2 0.9268122921874999 0.5394215171875001 0.9127930390625 0.518661546875 0.9070590234375 0.5263870421875 0.90463064375 0.5623103265625 0.8829087796874999 0.5752506687500001 0.891359171875 0.5918523671875 0.92166090625 0.6093327953125 0.9445969625 0.5784308140625 0.9328699890625 0.566243678125 0.9268122921874999 0.5394215171875001
2 1 0.65582155 0.9808559703125 0.64152669375 0.9732537812500001 0.65643370625 0.9594934703125 0.663311859375 0.9497932046875001 0.690374625 0.9543777656250001 0.70752030625 0.972952525 0.7128135984374999 1 0.7016046796875 1 0.65582155
2 0.7694600203124999 0.27098027187499996 0.789019078125 0.2632861546875 0.791347040625 0.24615616562499998 0.7710045171875 0.2292510953125 0.767634146875 0.194143775 0.749813796875 0.1808373109375 0.7444100921875 0.164795275 0.7407027859374999 0.2117706734375 0.752429759375 0.2239578046875 0.7632014890625001 0.281744703125 0.7713572546874999 0.29641110937500004 0.7694600203124999 0.27098027187499996