1 0.23399409375000002 0.305775296875 0.27517996718750004 0.35897155937499997 0.3046561375 0.34360300625 0.3238358390625 0.3149353875 0.3152049734375 0.31269437187500004 0.30241009375 0.3206618375 0.294006359375 0.3164875015625 0.3018549015625 0.2665043421875 0.2981199125 0.23941334374999998 0.2764922703125 0.28050595624999997 0.26135040468750004 0.283215334375 0.24810126875 0.29504944375000003 0.2212749296875 0.2626268421875 0.23399409375000002 0.305775296875
1 1 0.307455434375 0.9729172140625 0.324972034375 0.9749108859375 0.3921209015625 0.978746825 0.4015288234375 0.9957814218750001 0.4079441734375 0.99853219375 0.4181771578125 1 0.4184621921875 1 0.307455434375
2 0.2323284703125 0.44613167656249997 0.2184989015625 0.4460826703125 0.2077481765625 0.43665024687500004 0.20050531249999998 0.45624214218750003 0.211155090625 0.48335764687499994 0.20991849999999998 0.5107073328125 0.22261243125000002 0.520422946875 0.2347259265625 0.5182554421875001 0.241665953125 0.4760055671875 0.2323284703125 0.44613167656249997
2 0.2299562140625 0.71026961875 0.23649245 0.7387520624999999 0.260164234375 0.755966775 0.290195609375 0.719048503125 0.291558378125 0.7074485765625 0.2648582234375 0.6907757359375 0.23800663906250002 0.700627515625 0.2299562140625 0.71026961875
2 0.5216138828125 0.15399858125000002 0.5360743625 0.1570891671875 0.5405159796875 0.136105821875 0.534206871875 0.105690059375 0.5412478484375 0.045757103125 0.52873056875 0.042949709375 0.51262971875 0.0622339125 0.4932986 0.041718934375 0.4948632578125 0.07046006406250001 0.48734279531249997 0.100826821875 0.49506514687500003 0.11080112187499999 0.51124170625 0.116108215625 0.51091363125 0.1357246171875 0.5216138828125 0.15399858125000002
2 0.787277853125 0.8957102562499999 0.7659278171875 0.9260280109375 0.786857746875 0.9787994875000001 0.8089406046875001 0.978156940625 0.8023692468749999 0.9018424171874999 0.810571096875 0.8656756984375 0.7872778640625 0.8200030421875001 0.787277853125 0.8957102562499999
2 0.5126296890625001 0.289355559375 0.5270396984375 0.3012876875 0.5462951046875 0.2972113640625 0.556970125 0.2820524921875 0.557954353125 0.22320329062500002 0.5556073625 0.2179452 0.5206296499999999 0.2128477828125 0.507304809375 0.2000905953125 0.49385378593749996 0.1715836453125 0.4870651828125 0.1873088984375 0.495771753125 0.2141412140625 0.49625124375 0.24370740781250003 0.5095256109374999 0.2653061375 0.5126296890625001 0.289355559375
2 0.10140182812500001 0.13897059375 0.12439222812499999 0.1619852734375 0.11742696875 0.1708023125 0.117326021875 0.1884853890625 0.1304237328125 0.20317590000000002 0.13928172656249999 0.20348359375 0.1464741140625 0.1927332359375 0.1532879625 0.1347336046875 0.16663804531249998 0.10521641562499999 0.1608589015625 0.09552530625 0.1429157859375 0.09684324062500001 0.1304489859375 0.08519430781250001 0.11674559375 0.10089505781250001 0.1035216984375 0.0704547890625 0.0934018859375 0.0640639421875 0.08593189531249999 0.08558915781250001 0.10092234062500001 0.1094044015625 0.10140182812500001 0.13897059375
2 0.6450704875 0.8612209640625 0.6369695859375 0.8797046046875 0.6403007953125 0.9018207031250001 0.6661429125 0.9173852874999999 0.6900165921875 0.8992338468750001 0.6970828015625 0.87273373125 0.6589000609375 0.86126996875 0.6618527265624999 0.8361367984375001 0.648578359375 0.8145380687499999 0.6510767703125 0.7932715328125 0.6664962390625 0.7797872921875 0.6704836000000001 0.7626705953124999 0.6489316781250001 0.7526472875 0.632427040625 0.7669565921875 0.6180674953125 0.821890146875 0.6450704875 0.8612209640625
2 0.5659542828124999 0.44952437500000003 0.5845283046875 0.45124801875 0.5949257203125 0.44686400156249995 0.5987868984375 0.41399754843750003 0.5867743546875 0.3984819671875 0.57816873125 0.353966575 0.5597966015625 0.3168767734375 0.5310775249999999 0.3510366609375 0.5288062421874999 0.37036987187500003 0.54152540625 0.4135183265625 0.5345601453125 0.422335359375 0.5490206296875 0.42542594375 0.5506862328125 0.43648399375 0.5659542828124999 0.44952437500000003
2 0.157300546875 0.22675695937499998 0.14879586250000001 0.2402657015625 0.1461965046875 0.2792153140625 0.1378684734375 0.2996322796875 0.1470797765625 0.313756409375 0.16474528593749999 0.32321333750000003 0.16194403125 0.397529109375 0.1518999234375 0.41572956093749996 0.15591251718750002 0.4320456984375 0.1634582140625 0.4351117765625 0.191899690625 0.41172674843749996 0.18829088125 0.40038550937500006 0.1745117828125 0.3914949640625 0.17393134375 0.379611846875 0.176656884375 0.35641199375 0.197451715625 0.347643965625 0.1994958703125 0.3302440734375 0.1886189640625 0.305061890625 0.19179876093749998 0.2779953953125 0.1728209546875 0.27129685625 0.169944003125 0.2453141140625 0.157300546875 0.22675695937499998
2 0.615569103125 0.6917422453125 0.6071401265625 0.7298422875 0.61291926875 0.739533396875 0.6217772625 0.7398410921874999 0.64895691875 0.7103729078125001 0.6526919171875 0.66175669375 0.6462818625 0.6490240078125 0.65334806875 0.6225238921875 0.64178978125 0.6031416703125 0.64017465 0.5832420796875 0.6298277109375 0.5787845546875 0.6074429796875 0.60108583125 0.592124459375 0.5968869921875 0.5879604421875 0.6070954703125 0.605701659375 0.6411436968750001 0.615569103125 0.6917422453125
2 0.2233695140625 0.614921496875 0.21436009843749998 0.6411384234375 0.2275839953125 0.6715786921875 0.2651358234375 0.680000875 0.27573513437499997 0.6402506984375 0.24222113906249998 0.6058702796875 0.25774155625 0.57470295625 0.2692493828125 0.527219503125 0.25718636250000004 0.5205454640625 0.2446186125 0.5265796093749999 0.21741372499999997 0.5226149515625 0.20971660625 0.5460734921875 0.2115588625 0.5640397593750001 0.222082459375 0.57540550625 0.21673232968749997 0.6041221296875 0.2233695140625 0.614921496875
2 1 0.672170175 0.9968917953125 0.6676735953125 0.9802105031250001 0.6750746828125 0.9756931812499999 0.6714667249999999 0.9773840265624999 0.6402503953124999 0.9649677000000001 0.619759925 0.95520119375 0.627185515625 0.9426586765625 0.6666524968750001 0.9231256640625001 0.6815036812499999 0.9213086390624999 0.69697025 0.9432643437499999 0.711968453125 0.941674446875 0.7255016984375 0.9312770312499999 0.729885715625 0.9303685187499999 0.737619 0.9548478671874999 0.7647835109375001 0.9547469203125001 0.7824665875 0.96012228125 0.7871828 0.9517942515625 0.8075997656249999 0.9685512515625 0.8247899750000001 0.9793524484375 0.8253808578124999 0.9955794828125001 0.821846415625 1 0.784218865625 1 0.672170175
2 0.243407228125 0.8144837828125 0.2699559625 0.8576812421875 0.265060090625 0.8825312234375 0.2988012140625 0.9149783250000001 0.303217590625 0.9362693640625 0.32328056250000003 0.9421428374999999 0.3425864453125 0.9292249765625 0.34826465 0.880891953125 0.3414003375 0.872025909375 0.339659028125 0.8363765593749999 0.32502189062500003 0.82637775625 0.3197474765625 0.8039784624999999 0.3077349296875 0.7884628874999999 0.3115961109375 0.7555964265624999 0.3036466296875 0.74755545 0.27348907499999997 0.7687239671875 0.24736935624999998 0.7639342453125 0.243407228125 0.8144837828125