2 0.15234375 0.6494140640625 0.1435546859375 0.640625 0.1337890640625 0.640625 0.12109375 0.6552734359375 0.1328125 0.6748046859375 0.142578125 0.7333984359375 0.150390625 0.7392578140625 0.16015625 0.7197265640625 0.162109375 0.6943359359375 0.1484375 0.6923828140625 0.15234375 0.6494140640625
2 0.08984375 0.4990234359375 0.080078125 0.5166015640625 0.0859375 0.5244140640625 0.09863281406249999 0.5234375 0.107421875 0.5146484359375 0.09863281406249999 0.49609375 0.08984375 0.4990234359375
2 0.4189453140625 0.453125 0.4140625 0.4873046859375 0.423828125 0.4912109359375 0.4375 0.4794921859375 0.427734375 0.4697265640625 0.42578125 0.4541015640625 0.4189453140625 0.453125
2 0.2626953140625 0.013671875 0.27734375 0.036132814062500004 0.28515625 0.0009765640625 0.2490234359375 0 0.25 0.008789064062500001 0.2626953140625 0.013671875
2 0.294921875 0.1533203140625 0.302734375 0.1552734359375 0.302734375 0.1279296859375 0.3095703140625 0.11328125 0.28515625 0.1298828140625 0.294921875 0.1533203140625
2 0.7890625 0.5771484359375 0.7802734359375 0.57421875 0.7578125 0.5927734359375 0.7578125 0.6162109359375 0.763671875 0.6201171859375 0.763671875 0.6474609359375 0.78125 0.6748046859375 0.78515625 0.7080078140625 0.7919921859375 0.720703125 0.802734375 0.7216796859375 0.806640625 0.7138671859375 0.798828125 0.7021484359375 0.787109375 0.6376953140625 0.7890625 0.5771484359375
2 0.72265625 0.4833984359375 0.71875 0.5087890640625 0.71875 0.5224609359375 0.7265625 0.5263671859375 0.73828125 0.5068359359375 0.73828125 0.4873046859375 0.7294921859375 0.4765625 0.72265625 0.4833984359375
2 0.693359375 0.4384765640625 0.693359375 0.4501953140625 0.70703125 0.4541015640625 0.712890625 0.4482421859375 0.7099609359375 0.3984375 0.701171875 0.4052734359375 0.693359375 0.4384765640625
2 0.6826171859375 0.216796875 0.666015625 0.2431640640625 0.681640625 0.2705078140625 0.6826171859375 0.216796875
2 0.841796875 0.8876953140625 0.849609375 0.8955078140625 0.85546875 0.8876953140625 0.8544921859375 0.841796875 0.8359375 0.8486328140625 0.841796875 0.8876953140625
2 0.8310546859375 0.759765625 0.8193359359375 0.7578125 0.8203125 0.7880859359375 0.830078125 0.7919921859375 0.8447265640625 0.814453125 0.85546875 0.8154296859375 0.859375 0.8017578140625 0.8515625 0.7822265640625 0.8359375 0.7744140640625 0.8310546859375 0.759765625
2 0.9853515640625 0.287109375 0.9677734359375 0.29296875 0.9482421859375 0.28515625 0.947265625 0.2978515640625 0.962890625 0.3115234359375 0.9609375 0.3251953140625 0.974609375 0.3310546859375 0.9765625 0.3154296859375 0.9951171859375 0.3125 1 0.2978515640625 0.9853515640625 0.287109375
2 0.224609375 0.9033203140625 0.23046875 0.9052734359375 0.23828125 0.8896484359375 0.2333984359375 0.880859375 0.224609375 0.8935546859375 0.224609375 0.9033203140625
2 0.54296875 0.9189453140625 0.55078125 0.8935546859375 0.5380859359375 0.8828125 0.533203125 0.9052734359375 0.54296875 0.9189453140625
2 0.513671875 0.8212890640625 0.515625 0.8330078140625 0.5234375 0.8349609359375 0.533203125 0.8076171859375 0.5302734359375 0.798828125 0.5234375 0.7998046859375 0.513671875 0.8212890640625
2 0.484375 0.7509765640625 0.490234375 0.7607421859375 0.498046875 0.7568359359375 0.4931640640625 0.736328125 0.486328125 0.7392578140625 0.484375 0.7509765640625