2 0.0009765640625 0.568359375 0 0.5986328140625 0.02734375 0.6103515640625 0.025390625 0.5830078140625 0.033203125 0.5673828140625 0.024414064062499997 0.5625 0.0009765640625 0.568359375
2 0.083984375 0.7822265640625 0.083984375 0.8212890640625 0.08886718593750001 0.828125 0.099609375 0.8271484359375 0.12109375 0.7998046859375 0.123046875 0.7783203140625 0.11816406406249999 0.7734375 0.083984375 0.7822265640625
2 0.05859375 0.6455078140625 0.060546875 0.6884765640625 0.044921875 0.7138671859375 0.049804685937499996 0.72265625 0.05859375 0.7236328140625 0.087890625 0.7119140640625 0.083984375 0.6728515640625 0.06933593593750001 0.640625 0.05859375 0.6455078140625
2 0.146484375 0.8798828140625 0.15625 0.8447265640625 0.1435546859375 0.837890625 0.130859375 0.8447265640625 0.12109375 0.8740234359375 0.107421875 0.8916015640625 0.12890625 0.9052734359375 0.11328125 0.9306640640625 0.125 0.9404296859375 0.12109375 0.9677734359375 0.13671875 0.9716796859375 0.150390625 0.9560546859375 0.150390625 0.9326171859375 0.158203125 0.9189453140625 0.146484375 0.8798828140625
2 0.224609375 0.018554685937500003 0.2255859359375 0 0.201171875 0.0009765640625 0.2177734359375 0.01953125 0.224609375 0.018554685937500003
2 0.478515625 0.8603515640625 0.478515625 0.8701171859375 0.48828125 0.8720703140625 0.515625 0.8505859359375 0.5146484359375 0.828125 0.48828125 0.8291015640625 0.478515625 0.8603515640625
2 0.5361328140625 0.927734375 0.5234375 0.9423828140625 0.533203125 0.9638671859375 0.52734375 0.9833984359375 0.533203125 0.9853515640625 0.552734375 0.9755859359375 0.560546875 0.9521484359375 0.560546875 0.9443359359375 0.5361328140625 0.927734375
2 0.3564453140625 0.416015625 0.3330078140625 0.404296875 0.3203125 0.4091796859375 0.3203125 0.4306640640625 0.302734375 0.4541015640625 0.302734375 0.4638671859375 0.318359375 0.4697265640625 0.3427734359375 0.462890625 0.34765625 0.4462890640625 0.36328125 0.4326171859375 0.3564453140625 0.416015625
2 0.4423828140625 0.609375 0.43359375 0.6650390640625 0.4130859359375 0.66796875 0.408203125 0.6748046859375 0.4248046859375 0.712890625 0.453125 0.7177734359375 0.4609375 0.7099609359375 0.453125 0.6923828140625 0.453125 0.6142578140625 0.4423828140625 0.609375
2 0.3125 0.2216796859375 0.2978515640625 0.21484375 0.2822265640625 0.22265625 0.2734375 0.2373046859375 0.275390625 0.2490234359375 0.294921875 0.2666015640625 0.2861328140625 0.28125 0.275390625 0.2841796859375 0.2734375 0.2939453140625 0.2958984359375 0.318359375 0.3046875 0.3193359359375 0.318359375 0.3134765640625 0.3203125 0.2880859359375 0.30859375 0.2685546859375 0.3125 0.2216796859375
2 0.59765625 0.06542968593750001 0.607421875 0.06738281406249999 0.625 0.043945314062500004 0.6162109359375 0.033203125 0.5986328140625 0.03125 0.59765625 0.06542968593750001
2 0.7431640640625 0.3359375 0.73046875 0.3486328140625 0.728515625 0.3603515640625 0.7431640640625 0.380859375 0.751953125 0.3818359359375 0.76171875 0.3740234359375 0.76171875 0.3623046859375 0.748046875 0.3505859359375 0.7431640640625 0.3359375
2 0.6865234359375 0.1875 0.6640625 0.2080078140625 0.6728515640625 0.22265625 0.6875 0.2236328140625 0.705078125 0.2138671859375 0.705078125 0.2001953140625 0.6962890640625 0.1875 0.6865234359375 0.1875
2 0.79296875 0.5400390640625 0.81640625 0.5576171859375 0.84375 0.5439453140625 0.845703125 0.5244140640625 0.7939453140625 0.515625 0.79296875 0.5400390640625
2 0.8583984359375 0.68359375 0.8427734359375 0.673828125 0.8359375 0.6806640640625 0.8359375 0.7216796859375 0.8642578140625 0.751953125 0.875 0.7529296859375 0.896484375 0.7177734359375 0.890625 0.6884765640625 0.8740234359375 0.6796875 0.8583984359375 0.68359375