2 0.1390499796875 0.304316771875 0.14444896875 0.296170171875 0.1390589765625 0.28568629843750004 0.128672371875 0.29327974375 0.1390499796875 0.304316771875
2 0.1076288671875 0.2358119359375 0.091756171875 0.221123596875 0.08892152812500001 0.18886955 0.08067889843750001 0.1833925796875 0.071613521875 0.195315134375 0.060893646875 0.2606672046875 0.0725924796875 0.2760333421875 0.09284921874999999 0.27637877187500004 0.09927215 0.255798003125 0.142226890625 0.2601817203125 0.1021247828125 0.2507911 0.1076288671875 0.2358119359375
2 0.1326961578125 0.3925868828125 0.143398040625 0.364495759375 0.1302728875 0.35163307499999996 0.0993232625 0.36074829531249997 0.0902488875 0.3913013203125 0.1021489109375 0.41163281874999996 0.127891740625 0.43426003281250003 0.1397046609375 0.4241631375 0.1427674828125 0.4054911171875 0.1326961578125 0.3925868828125
2 0.172585215625 0.6323757609375 0.17216484375000002 0.659705996875 0.1773536484375 0.6652245125 0.19812685624999998 0.6500376234374999 0.20281718437500001 0.6338275046875 0.19783856718749998 0.614643875 0.18532598125 0.5980467843749999 0.172585215625 0.6323757609375
2 0.25024920625 0.852399365625 0.210549478125 0.8529394625 0.20707528125 0.880311246875 0.2413670234375 0.9065482296875 0.257966371875 0.8920391328124999 0.25024920625 0.852399365625
2 0.223326228125 0.7440885859375 0.237072940625 0.7345863875 0.2332233546875 0.696136034375 0.20849546874999997 0.6797051265625 0.1881336328125 0.6861922593750001 0.2016521671875 0.7276161296875 0.199814475 0.7388193421875 0.18606776249999998 0.7483215375000001 0.21160940468749997 0.7659833953125 0.2218909140625 0.765222509375 0.223326228125 0.7440885859375
2 0.44492483906249997 0.123788153125 0.44370870937499995 0.11262648906249999 0.4087864109375 0.127384859375 0.40706280625 0.1131250375 0.3917936796875 0.11333276875000001 0.3895626046875 0.0959747921875 0.37052199531249996 0.10679103125 0.372341696875 0.132848765625 0.3995108453125 0.1529725296875 0.4369794953125 0.135074459375 0.44492483906249997 0.123788153125
2 0.435000725 0.22763213124999998 0.42441293281250003 0.2302602203125 0.41139287500000005 0.2105649765625 0.4001655265625 0.27281889531250003 0.4099305703125 0.28759032812499996 0.41561784843750005 0.3148374703125 0.42141921718750003 0.3166215796875 0.44627019062500006 0.28895897812500004 0.44293707187500003 0.23497630468750003 0.435000725 0.22763213124999998
2 0.47852631875 0.736269628125 0.5012333171875001 0.7216774375 0.49411972187500003 0.696933746875 0.4827181734375 0.698330884375 0.47161391249999995 0.7164912906249999 0.47272495000000003 0.73448551875 0.47852631875 0.736269628125
2 0.45307464218750004 0.53230301875 0.463163959375 0.5079463 0.47568554374999994 0.5059129125 0.4857748625 0.4815561921875 0.46532592812500007 0.457614934375 0.4760278109375 0.42952381093750003 0.45750367187499996 0.42480772812499995 0.445192271875 0.4131759953125 0.43580261875000004 0.46422670312500003 0.44179617968749996 0.4896066453125 0.45054628125 0.49818176562499994 0.44401825937500006 0.525595096875 0.45307464218750004 0.53230301875
2 0.5234119875000001 0.9579811890625001 0.53350130625 0.9336244718750001 0.5236311687499999 0.9256855953124999 0.5088605187499999 0.9476219531250001 0.5234119875000001 0.9579811890625001
2 0.5497432546875001 0.8160322828125001 0.52653778125 0.8088958406250001 0.510043528125 0.81657238125 0.5088184 0.8240411890624999 0.5188897265625 0.8369454171875 0.5110404796875 0.8600296406249999 0.5162292828124999 0.86554815625 0.5358824546875 0.8509975109375001 0.5614330937500001 0.85002889375 0.5497432546875001 0.8160322828125001
2 0.8419646375 0.873536915625 0.8486848531250001 0.8697194234375001 0.8419736359375 0.85490644375 0.8290496718749999 0.8470091125 0.8192756328125 0.8508681546875 0.82568056875 0.8675483375 0.8419646375 0.873536915625
2 0.8428475000000001 0.9424572124999999 0.8268697109375 0.9346014281249999 0.8206659640625 0.922886603125 0.8149516984374999 0.9515308828125001 0.8200264125000001 0.9825124359374999 0.8329593687499999 0.9717792875000001 0.8464958984375001 0.9759422125 0.85077485 0.968431859375 0.8428475000000001 0.9424572124999999
2 0.788752103125 0.39918685468750004 0.7700177796875 0.40813588906250003 0.7614598703125 0.4231566 0.7835363125 0.449559765625 0.7934334359374999 0.401607215625 0.788752103125 0.39918685468750004
2 0.7809359796875001 0.5644823140625 0.7896860796875 0.573057440625 0.8019103796874999 0.55426078125 0.81045029375 0.5765010234375 0.82002314375 0.567676625 0.8333584796875 0.56687419375 0.8422226687500001 0.5499862828125 0.837646428125 0.5407333640624999 0.841216721875 0.525159496875 0.8178010656250001 0.5316881734375001 0.8071171749999999 0.5225183453125 0.8020424578125 0.491536796875 0.788094559375 0.4960736328125 0.7809359796875001 0.5644823140625