2 0.5623925078124999 0.25366076406250004 0.5800959828125001 0.25746571406249996 0.58243049375 0.23693564375 0.5657895296875 0.23605544531249997 0.5623925078124999 0.25366076406250004
2 0.455600065625 0.3119233828125 0.44609435 0.28755427031249997 0.43543036874999996 0.2905472140625 0.43303899062499995 0.3091236609375 0.4410841234375 0.31689268125000003 0.455600065625 0.3119233828125
2 0.67242935 0.206126009375 0.6847245171874999 0.225594025 0.718614009375 0.214650209375 0.713415196875 0.20393370625 0.683814634375 0.19433609062499999 0.6721450109375 0.19635790625 0.67242935 0.206126009375
2 0.47450069843750003 0.2561258484375 0.4580303359375 0.2611065078125 0.45954778906250004 0.279660225 0.46569536874999995 0.2893942328125 0.4912733703125 0.2951073390625 0.5018236171875 0.288207153125 0.4914828640625 0.26872777187499997 0.47450069843750003 0.2561258484375
2 0.7819903328125 0.20939676562499998 0.8245325250000001 0.19351775 0.834969034375 0.182710325 0.7426745609375 0.2018095984375 0.7706050484375 0.22118668593750002 0.7819903328125 0.20939676562499998
2 0.1384311734375 0.4290510171875 0.1283178921875 0.4173861203125 0.143498271875 0.40166622656250006 0.11093765156249999 0.391108846875 0.11647766562499999 0.413547075 0.0923033828125 0.4224804390625 0.0926445890625 0.434202165625 0.10655296249999999 0.44193708750000005 0.127937796875 0.437904821875 0.1384311734375 0.4290510171875
2 0.8078438578125 0.5267635546875 0.7969524046875 0.5219420125 0.7776357218750001 0.52987015625 0.77401123125 0.5396609921875 0.79361225 0.5415009546875 0.8078438578125 0.5267635546875
2 0.63247628125 0.579563115625 0.67363273125 0.5832316750000001 0.6821148296875 0.5724356125 0.6378845828124999 0.5639000515625 0.63247628125 0.579563115625
2 0.7530244765624999 0.557368603125 0.757597740625 0.5465952765625001 0.705606703125 0.5400587953125 0.6942782875 0.5538023375 0.741411721875 0.561344040625 0.7530244765624999 0.557368603125
2 0.32802154375 0.663399628125 0.2970921078125 0.6753032078125 0.29358135 0.6890012859375 0.30933040625 0.6928176015624999 0.3404304453125 0.6867748859375 0.34506058125 0.6779551781250001 0.33583920312500004 0.6633541671875001 0.32802154375 0.663399628125
2 0.5098779125 0.6320557984375 0.5124967640625 0.6212938359375 0.5476193687500001 0.6191356296875 0.558055878125 0.6083282015625 0.5373354796875 0.601609871875 0.5003153328125001 0.6057330640624999 0.4929526125 0.6214074953125001 0.46392072031250003 0.6313460859375 0.454546721875 0.6450782625 0.4935781578125 0.6428973250000001 0.5098779125 0.6320557984375
2 0.9016946734375001 0.493977565625 0.87617354375 0.490218078125 0.8605950921875 0.4922626265625 0.85886814375 0.5000884765625 0.9068366171875001 0.5027404468750001 0.9016946734375001 0.493977565625
2 0.93792784375 0.7985833062500001 0.9558587875000001 0.8102027375 0.9802605421875 0.809083853125 0.9770730140625 0.8003096093750001 0.9552901109375 0.7906665296875001 0.9416092031250001 0.7907460890625 0.93792784375 0.7985833062500001
2 0.804438025 0.84625445 0.8495033062499999 0.849900278125 0.8541903078124999 0.8430341921875 0.8176639859374999 0.830545921875 0.804438025 0.84625445
2 0.6274003687499999 0.90883348125 0.6086343875 0.9021037843749999 0.5848013109375 0.922758878125 0.5859775515625001 0.9295908671875001 0.609714871875 0.9392225828124999 0.6274003687499999 0.90883348125
2 0.0436796390625 0.76665869375 0.0867905078125 0.7703158875 0.110623584375 0.749660796875 0.0551217921875 0.7568223953125 0.0436796390625 0.76665869375
2 0.1835034734375 0 0.1703211359375 0.013650840624999999 0.148879434375 0.015729485937500003 0.1413461125 0.0255430546875 0.19272958281250002 0.0447837515625 0.19517783125 0.028160923437500002 0.20846066406250002 0.0144060203125 0.199362434375 0 0.1835034734375 0