2 0.392578125 0.5849609359375 0.404296875 0.5888671859375 0.41015625 0.5751953140625 0.3955078140625 0.55859375 0.400390625 0.5751953140625 0.392578125 0.5849609359375
2 0.3408203140625 0.453125 0.337890625 0.4638671859375 0.357421875 0.4853515640625 0.359375 0.4697265640625 0.3447265640625 0.466796875 0.3515625 0.4560546859375 0.3408203140625 0.453125
2 0.390625 0.5712890640625 0.390625 0.5322265640625 0.3759765640625 0.52734375 0.37109375 0.5380859359375 0.390625 0.5712890640625
2 0.2451171859375 0.126953125 0.24609375 0.1787109359375 0.2509765640625 0.185546875 0.26171875 0.1845703140625 0.265625 0.1728515640625 0.2578125 0.1416015640625 0.251953125 0.1279296859375 0.2451171859375 0.126953125
2 0.4384765640625 0.640625 0.4248046859375 0.638671875 0.419921875 0.6513671859375 0.4296875 0.6748046859375 0.42578125 0.7021484359375 0.435546875 0.7041015640625 0.44140625 0.6982421859375 0.435546875 0.6748046859375 0.443359375 0.6513671859375 0.4384765640625 0.640625
2 0.498046875 0.8623046859375 0.4921875 0.8330078140625 0.4794921859375 0.81640625 0.470703125 0.8330078140625 0.484375 0.8623046859375 0.48046875 0.8798828140625 0.501953125 0.9384765640625 0.5107421859375 0.94921875 0.521484375 0.9482421859375 0.521484375 0.9033203140625 0.5078125 0.8876953140625 0.5078125 0.8701171859375 0.498046875 0.8623046859375
2 0.3271484359375 0.341796875 0.31640625 0.3623046859375 0.328125 0.3935546859375 0.345703125 0.4111328140625 0.34765625 0.3779296859375 0.337890625 0.3662109359375 0.3359375 0.3466796859375 0.3271484359375 0.341796875
2 0.047851564062500004 0.736328125 0.0703125 0.7392578140625 0.07128906406249999 0.712890625 0.049804685937499996 0.701171875 0.033203125 0.7099609359375 0.047851564062500004 0.736328125
2 0.1572265640625 0.98828125 0.1689453140625 0.990234375 0.1748046859375 1 0.1875 0.9990234359375 0.19140625 0.9677734359375 0.1826171859375 0.955078125 0.1484375 0.9697265640625 0.1572265640625 0.98828125
2 0.08691406406249999 0.755859375 0.083984375 0.7744140640625 0.09375 0.8056640640625 0.10449218593750001 0.8203125 0.111328125 0.8193359359375 0.11328125 0.7919921859375 0.1015625 0.7802734359375 0.1015625 0.7626953140625 0.08691406406249999 0.755859375
2 0.0009765640625 0.5234375 0 0.6005859359375 0.04296875 0.6083984359375 0.048828125 0.5947265640625 0.0234375 0.5615234359375 0.0234375 0.5419921859375 0.0009765640625 0.5234375
2 0.6298828140625 0.283203125 0.638671875 0.2822265640625 0.64453125 0.2529296859375 0.6376953140625 0.240234375 0.623046875 0.2744140640625 0.6298828140625 0.283203125
2 0.67578125 0.4599609359375 0.68359375 0.4619140640625 0.69140625 0.4482421859375 0.6728515640625 0.416015625 0.666015625 0.4326171859375 0.67578125 0.4599609359375
2 0.701171875 0.5419921859375 0.71484375 0.5458984359375 0.720703125 0.5361328140625 0.7197265640625 0.484375 0.697265625 0.5068359359375 0.701171875 0.5419921859375
2 0.6591796859375 0.33203125 0.6484375 0.3486328140625 0.654296875 0.3955078140625 0.6591796859375 0.404296875 0.66796875 0.4033203140625 0.669921875 0.3701171859375 0.6796875 0.3466796859375 0.6728515640625 0.326171875 0.6591796859375 0.33203125
2 0.77734375 0.7197265640625 0.779296875 0.6748046859375 0.7685546859375 0.671875 0.759765625 0.6904296859375 0.7578125 0.7373046859375 0.765625 0.7685546859375 0.7763671859375 0.779296875 0.78515625 0.7783203140625 0.8017578140625 0.76953125 0.806640625 0.7587890640625 0.783203125 0.7353515640625 0.77734375 0.7197265640625
2 0.94140625 0.1787109359375 0.9189453140625 0.1484375 0.90625 0.1630859359375 0.900390625 0.1884765640625 0.908203125 0.2216796859375 0.90234375 0.2607421859375 0.90625 0.2822265640625 0.92578125 0.2841796859375 0.935546875 0.2685546859375 0.935546875 0.2431640640625 0.9453125 0.2138671859375 0.94140625 0.1787109359375
2 0.96484375 0.3173828140625 0.9541015640625 0.3046875 0.943359375 0.3466796859375 0.953125 0.3583984359375 0.955078125 0.3935546859375 0.96484375 0.3974609359375 0.982421875 0.3857421859375 0.984375 0.3681640640625 0.966796875 0.3369140640625 0.96484375 0.3173828140625