2 0.195183765625 0.4526985609375 0.18202415156250001 0.4373364796875 0.1762797828125 0.47496114531250005 0.18451391718750002 0.48906438124999996 0.1940798984375 0.481832796875 0.195183765625 0.4526985609375
2 0.5695980796875 0.48413894218750003 0.568665196875 0.5191227406250001 0.5862943296875 0.520144834375 0.595803315625 0.5109634 0.5875121859375 0.4949103078125 0.5888440328125 0.473575478125 0.5818457703125001 0.468303365625 0.5695980796875 0.48413894218750003
2 0.6789966453125 0.781490709375 0.65590811875 0.8278425453124999 0.661061578125 0.8369008046875 0.675724021875 0.8367776203125 0.6969287671875 0.826327725 0.6789966453125 0.781490709375
2 0.11911776249999999 0.3256558375 0.142395290625 0.319219215625 0.12961662499999999 0.2834404546875 0.1291036703125 0.265891775 0.1423022609375 0.2491380515625 0.13709180625 0.2381299421875 0.1195196734375 0.239057703125 0.1032404046875 0.2507664375 0.11215847968749999 0.28826792343749996 0.0986749125 0.29527237500000003 0.09705809062500001 0.30685793125 0.1083159046875 0.3240562984375 0.11911776249999999 0.3256558375
2 0.29121569687500004 0.6607073765625 0.27531737968750003 0.6519994328125 0.269707959375 0.627342346875 0.25420860625 0.6322833796875 0.23249090625000002 0.6251845921875 0.22824936875000001 0.6473239921875 0.2326799078125 0.6650998109375 0.253617696875 0.6789663 0.2648755109375 0.69616466875 0.29150067343749997 0.6704566421875 0.29121569687500004 0.6607073765625
2 0.8946075859375 0.4309598890625 0.906930290625 0.4511398203125 0.9095730218750001 0.47465163125 0.933135525 0.477964275 0.9464481062500001 0.4651102640625 0.94213155625 0.451234153125 0.9134155921874999 0.4388632515625 0.9102779249999999 0.43186841718749996 0.9133405828125 0.4028477421875 0.9265391749999999 0.3860940234375 0.9259692234375001 0.36659548750000004 0.907275203125 0.362591828125 0.8891901140625 0.34597090625 0.8849485749999999 0.368110309375 0.8973282734374999 0.3902400921875 0.8946075859375 0.4309598890625
2 0.7430638968750001 0.8659869656250001 0.7301322625 0.8584242984375001 0.7139669859375 0.8740327406249999 0.7087175546875 0.8951404359374999 0.7235690031249999 0.9349324703124999 0.724423928125 0.964180271875 0.7383064593750001 0.9708247984374999 0.759283225 0.9525754875000001 0.7607290609375 0.93514036875 0.7430638968750001 0.8659869656250001
2 0.22522863124999998 0.543981753125 0.2403290203125 0.5253917453125 0.2398160640625 0.5078430593750001 0.228843225 0.5003939609375 0.1798734125 0.49755480937499996 0.163594146875 0.5092635484375 0.1507375265625 0.5377163875 0.2074465328125 0.5711757515625 0.21623260000000002 0.5707118734375001 0.22585557656250002 0.565430140625 0.22522863124999998 0.543981753125
2 0.6326544953125001 0.6678506 0.6610284875 0.6685223796875001 0.6761288734375 0.6499323718750001 0.6654229921875 0.618166884375 0.6646250609375 0.5908689328125 0.6409485687500001 0.5836565828125 0.6361190624999999 0.5522317921875 0.62111465 0.54065585 0.61641715 0.547196425 0.6194018531250001 0.58240735625 0.63200953125 0.6123365546875 0.6074001578125 0.640108003125 0.60785611875 0.6557068328125 0.6326544953125001 0.6678506
2 0.4781316390625 0.23162419375 0.51736448125 0.235845365625 0.5306770625 0.22299135625000002 0.5358125031250001 0.197983953125 0.53065904375 0.1889256984375 0.514094803125 0.19088517031250002 0.516188546875 0.1287169859375 0.5072314953125 0.1233313046875 0.486026746875 0.1337812 0.47853354687499994 0.14502605625 0.464822003125 0.14423109375 0.458336696875 0.1565076625 0.471001371875 0.1883867171875 0.4781316390625 0.23162419375
2 0.3177000203125 0.897775321875 0.334720225 0.911414684375 0.360184521875 0.9128910421875001 0.37132835000000003 0.9261897046875 0.3742560578125 0.9594507796875 0.361285446875 0.9840039171875 0.368340703125 0.9912258843749999 0.41826141093749997 0.9931468890625 0.41348890000000005 0.9636719578124999 0.39882645625 0.9637951375 0.389641421875 0.9506100421875001 0.3960517140625 0.9023179640625001 0.391735165625 0.8884418578125001 0.362791221875 0.8682715390625001 0.3338653 0.8821668796875001 0.33205947343750003 0.8538372187500001 0.3250042203125 0.8466152484375 0.2937205359375 0.846748046875 0.29305461093749996 0.85741545625 0.3177000203125 0.897775321875