2 0.11621093593750001 0 0.126953125 0.043945314062500004 0.15625 0.06738281406249999 0.1484375 0.08496093593750001 0.16796875 0.11230468593750001 0.1875 0.09667968593750001 0.185546875 0.06933593593750001 0.19140625 0.0576171859375 0.1796875 0.045898435937499996 0.181640625 0.018554685937500003 0.1728515640625 0.009765625 0.1591796859375 0.01171875 0.1533203140625 0 0.11621093593750001 0
2 0.58203125 0.049804685937499996 0.607421875 0.0009765640625 0.5498046859375 0 0.55078125 0.0126953140625 0.58203125 0.049804685937499996
2 0.623046875 0.10839843593750001 0.60546875 0.10058593593750001 0.5869140640625 0.0625 0.58203125 0.11035156406249999 0.603515625 0.1318359359375 0.615234375 0.1708984359375 0.609375 0.1982421859375 0.619140625 0.2021484359375 0.630859375 0.1923828140625 0.638671875 0.1630859359375 0.62890625 0.1455078140625 0.623046875 0.10839843593750001
2 0.248046875 0.3466796859375 0.2607421859375 0.357421875 0.2734375 0.3583984359375 0.28125 0.3388671859375 0.2607421859375 0.326171875 0.248046875 0.3369140640625 0.248046875 0.3466796859375
2 0.4365234359375 0.716796875 0.41015625 0.7529296859375 0.427734375 0.7724609359375 0.4296875 0.8193359359375 0.4375 0.8232421859375 0.451171875 0.7880859359375 0.443359375 0.7744140640625 0.447265625 0.7607421859375 0.4365234359375 0.716796875
2 0.5146484359375 0.94140625 0.5048828140625 0.94921875 0.49609375 0.9287109359375 0.4833984359375 0.92578125 0.484375 0.9697265640625 0.509765625 0.9892578140625 0.5107421859375 1 0.529296875 0.9990234359375 0.537109375 0.9892578140625 0.53515625 0.9658203140625 0.5234375 0.9638671859375 0.5146484359375 0.94140625
2 0.33203125 0.6181640640625 0.33203125 0.6259765640625 0.33984375 0.6259765640625 0.3515625 0.6083984359375 0.3466796859375 0.591796875 0.337890625 0.5947265640625 0.33203125 0.6181640640625
2 0.322265625 0.4931640640625 0.330078125 0.5322265640625 0.34375 0.5185546859375 0.34375 0.5009765640625 0.3251953140625 0.478515625 0.322265625 0.4931640640625
2 0.765625 0.5107421859375 0.765625 0.4970703140625 0.7587890640625 0.4921875 0.7412109359375 0.49609375 0.7275390640625 0.486328125 0.7080078140625 0.484375 0.701171875 0.4990234359375 0.689453125 0.5048828140625 0.69140625 0.5341796859375 0.70703125 0.5478515640625 0.716796875 0.5419921859375 0.7236328140625 0.5234375 0.7431640640625 0.537109375 0.765625 0.5107421859375
2 0.6796875 0.4072265640625 0.681640625 0.4365234359375 0.6875 0.4384765640625 0.697265625 0.4228515640625 0.6962890640625 0.39453125 0.6884765640625 0.39453125 0.6796875 0.4072265640625
2 0.806640625 0.7138671859375 0.8125 0.7353515640625 0.8359375 0.7392578140625 0.845703125 0.7333984359375 0.84375 0.7255859359375 0.8115234359375 0.70703125 0.806640625 0.7138671859375
2 0.7578125 0.6357421859375 0.76171875 0.6474609359375 0.771484375 0.6494140640625 0.775390625 0.6318359359375 0.771484375 0.6083984359375 0.7646484359375 0.60546875 0.7578125 0.6357421859375
1 0.70703125 0.7880859359375 0.70703125 0.7744140640625 0.72265625 0.7490234359375 0.7099609359375 0.740234375 0.6787109359375 0.74609375 0.6630859359375 0.736328125 0.6494140640625 0.7421875 0.638671875 0.7607421859375 0.65625 0.7900390640625 0.6484375 0.8291015640625 0.662109375 0.8408203140625 0.671875 0.8642578140625 0.685546875 0.8720703140625 0.693359375 0.8349609359375 0.70703125 0.8291015640625 0.697265625 0.7939453140625 0.70703125 0.7880859359375
1 0.7890625 0.024414064062499997 0.802734375 0.0068359359375 0.7978515640625 0 0.74609375 0.0009765640625 0.74609375 0.07324218593750001 0.734375 0.09082031406249999 0.740234375 0.09472656406249999 0.7646484359375 0.091796875 0.78125 0.08105468593750001 0.794921875 0.043945314062500004 0.7890625 0.024414064062499997
1 0.734375 0.2158203140625 0.734375 0.2021484359375 0.7099609359375 0.1875 0.708984375 0.2001953140625 0.734375 0.2158203140625
1 0.810546875 0.1904296859375 0.794921875 0.1826171859375 0.802734375 0.1767578140625 0.794921875 0.1669921859375 0.796875 0.1533203140625 0.7919921859375 0.158203125 0.7841796859375 0.1484375 0.7734375 0.1806640640625 0.7548828140625 0.19140625 0.75390625 0.1728515640625 0.7431640640625 0.169921875 0.73828125 0.1943359359375 0.7490234359375 0.205078125 0.7578125 0.2021484359375 0.7578125 0.2138671859375 0.74609375 0.2197265640625 0.75 0.2431640640625 0.7880859359375 0.24609375 0.796875 0.2666015640625 0.810546875 0.2724609359375 0.828125 0.2529296859375 0.830078125 0.2392578140625 0.814453125 0.2197265640625 0.810546875 0.1904296859375
2 1 0.0009765640625 0.9814453140625 0 0.9765625 0.0126953140625 0.97265625 0.2001953140625 1 0.2392578140625 1 0.0009765640625