2 0.3037109359375 0.927734375 0.279296875 0.9287109359375 0.28125 0.9091796859375 0.265625 0.8876953140625 0.2646484359375 0.857421875 0.24609375 0.8740234359375 0.25 0.9072265640625 0.240234375 0.9384765640625 0.2529296859375 0.96484375 0.2666015640625 0.95703125 0.279296875 0.9677734359375 0.2880859359375 0.94921875 0.306640625 0.9501953140625 0.306640625 0.9326171859375 0.3037109359375 0.927734375
2 0.1826171859375 0.728515625 0.193359375 0.7275390640625 0.193359375 0.6904296859375 0.1689453140625 0.689453125 0.166015625 0.7060546859375 0.1826171859375 0.728515625
2 0.078125 0.5478515640625 0.08203125 0.5654296859375 0.072265625 0.5908203140625 0.07714843593750001 0.595703125 0.09082031406249999 0.591796875 0.1015625 0.6005859359375 0.109375 0.5927734359375 0.115234375 0.5634765640625 0.08886718593750001 0.541015625 0.078125 0.5478515640625
2 0.0537109359375 0.49609375 0.0859375 0.5107421859375 0.08886718593750001 0.47265625 0.0595703140625 0.474609375 0.05078125 0.4814453140625 0.0537109359375 0.49609375
2 0.029296875 0.3818359359375 0.0546875 0.3720703140625 0.045898435937499996 0.353515625 0.0302734359375 0.35546875 0.025390625 0.3486328140625 0.037109375 0.3115234359375 0.022460935937500003 0.29296875 0 0.3173828140625 0.00390625 0.4384765640625 0.0263671859375 0.408203125 0.0390625 0.4072265640625 0.029296875 0.3935546859375 0.029296875 0.3818359359375
2 0.154296875 0.6611328140625 0.162109375 0.6611328140625 0.169921875 0.6533203140625 0.1689453140625 0.642578125 0.154296875 0.6513671859375 0.154296875 0.6611328140625
2 0.271484375 0.1611328140625 0.2568359359375 0.1640625 0.25 0.1748046859375 0.2626953140625 0.185546875 0.2890625 0.1865234359375 0.29296875 0.1318359359375 0.2724609359375 0.11328125 0.267578125 0.12402343593750001 0.271484375 0.1611328140625
2 0.2255859359375 0 0.224609375 0.045898435937499996 0.21875 0.0576171859375 0.23046875 0.08300781406249999 0.2421875 0.08886718593750001 0.248046875 0.06933593593750001 0.2578125 0.06542968593750001 0.271484375 0.040039064062500004 0.255859375 0.0283203140625 0.2431640640625 0 0.2255859359375 0
2 0.3642578140625 0.291015625 0.38671875 0.2998046859375 0.388671875 0.2587890640625 0.373046875 0.2509765640625 0.3662109359375 0.232421875 0.353515625 0.2333984359375 0.3388671859375 0.1875 0.3212890640625 0.208984375 0.31640625 0.2041015640625 0.318359375 0.1748046859375 0.3076171859375 0.171875 0.28125 0.2158203140625 0.283203125 0.2373046859375 0.2861328140625 0.2421875 0.3017578140625 0.240234375 0.306640625 0.2470703140625 0.30859375 0.2607421859375 0.3203125 0.2705078140625 0.310546875 0.3076171859375 0.3173828140625 0.318359375 0.337890625 0.3291015640625 0.3408203140625 0.322265625 0.357421875 0.3232421859375 0.35546875 0.3017578140625 0.3642578140625 0.291015625
2 0.5146484359375 0.810546875 0.509765625 0.8154296859375 0.509765625 0.8603515640625 0.51171875 0.8701171859375 0.51953125 0.8720703140625 0.53125 0.8486328140625 0.5234375 0.8388671859375 0.5234375 0.8154296859375 0.5146484359375 0.810546875
2 0.5126953140625 0.734375 0.4892578140625 0.74609375 0.49609375 0.7724609359375 0.5107421859375 0.771484375 0.541015625 0.7998046859375 0.546875 0.7763671859375 0.5390625 0.7724609359375 0.537109375 0.7431640640625 0.5126953140625 0.734375
2 0.4912109359375 0.650390625 0.4697265640625 0.650390625 0.466796875 0.6748046859375 0.458984375 0.6826171859375 0.46484375 0.6923828140625 0.458984375 0.7275390640625 0.484375 0.7353515640625 0.48828125 0.7197265640625 0.505859375 0.7119140640625 0.5078125 0.6748046859375 0.4912109359375 0.650390625
2 0.451171875 0.5458984359375 0.4462890640625 0.521484375 0.4208984359375 0.501953125 0.41015625 0.5029296859375 0.42578125 0.4697265640625 0.423828125 0.4599609359375 0.3955078140625 0.439453125 0.3759765640625 0.43359375 0.375 0.4697265640625 0.408203125 0.4873046859375 0.40625 0.5087890640625 0.4140625 0.5087890640625 0.423828125 0.5478515640625 0.41015625 0.5673828140625 0.41015625 0.5810546859375 0.4189453140625 0.59765625 0.427734375 0.5966796859375 0.4423828140625 0.58984375 0.4599609359375 0.591796875 0.470703125 0.5595703140625 0.451171875 0.5458984359375
2 0.587890625 0.020507814062499997 0.5966796859375 0 0.578125 0.0048828140625 0.580078125 0.018554685937500003 0.587890625 0.020507814062499997
2 0.65625 0.1416015640625 0.671875 0.1279296859375 0.6640625 0.11621093593750001 0.66796875 0.10058593593750001 0.6533203140625 0.091796875 0.6484375 0.11621093593750001 0.63671875 0.1279296859375 0.640625 0.1591796859375 0.642578125 0.1689453140625 0.654296875 0.1728515640625 0.662109375 0.2001953140625 0.67578125 0.2041015640625 0.6796875 0.1806640640625 0.6640625 0.1533203140625 0.65625 0.1513671859375 0.65625 0.1416015640625
2 0.7470703140625 0.380859375 0.7392578140625 0.373046875 0.720703125 0.3896484359375 0.71484375 0.4111328140625 0.728515625 0.4169921859375 0.7353515640625 0.408203125 0.748046875 0.4072265640625 0.7568359359375 0.37890625 0.7470703140625 0.380859375
2 0.7568359359375 0.48046875 0.732421875 0.5166015640625 0.732421875 0.5244140640625 0.74609375 0.5322265640625 0.755859375 0.5087890640625 0.7705078140625 0.5078125 0.775390625 0.5009765640625 0.7568359359375 0.48046875
2 0.7783203140625 0.537109375 0.755859375 0.5517578140625 0.74609375 0.5654296859375 0.74609375 0.5771484359375 0.7705078140625 0.572265625 0.791015625 0.5869140640625 0.794921875 0.5771484359375 0.787109375 0.5634765640625 0.7890625 0.5400390640625 0.7783203140625 0.537109375
2 0.880859375 0.8564453140625 0.87890625 0.8330078140625 0.8623046859375 0.826171875 0.8671875 0.8427734359375 0.880859375 0.8564453140625
2 0.86328125 0.8837890640625 0.875 0.8876953140625 0.880859375 0.8740234359375 0.8564453140625 0.84375 0.8515625 0.8642578140625 0.86328125 0.8837890640625
2 0.978515625 0.07128906406249999 0.982421875 0.09082031406249999 1 0.06738281406249999 0.9990234359375 0.033203125 0.984375 0.041992185937499996 0.978515625 0.07128906406249999
1 0.109375 0.6337890640625 0.10449218593750001 0.669921875 0.1015625 0.6376953140625 0.09375 0.6357421859375 0.1015625 0.6318359359375 0.1015625 0.6201171859375 0.08496093593750001 0.607421875 0.0615234359375 0.607421875 0.052734375 0.6220703140625 0.052734375 0.7373046859375 0.044921875 0.7529296859375 0.044921875 0.7822265640625 0.06640625 0.7880859359375 0.103515625 0.7392578140625 0.11328125 0.6923828140625 0.1171875 0.6357421859375 0.109375 0.6337890640625
1 0.1474609359375 0.728515625 0.1396484359375 0.7109375 0.083984375 0.7939453140625 0.0859375 0.8173828140625 0.111328125 0.8212890640625 0.1357421859375 0.81640625 0.154296875 0.8017578140625 0.1640625 0.7353515640625 0.1474609359375 0.728515625