2 0.0625 0.3056640640625 0.06640625 0.2900390640625 0.0556640640625 0.275390625 0.0390625 0.2724609359375 0.032226564062500004 0.248046875 0.015625 0.2431640640625 0.013671875 0.2158203140625 0.0009765640625 0.20703125 0 0.2919921859375 0.013671875 0.3212890640625 0.01171875 0.3525390640625 0.0234375 0.3564453140625 0.036132814062500004 0.34765625 0.0703125 0.3486328140625 0.0703125 0.3173828140625 0.0625 0.3056640640625
2 0.197265625 0.6220703140625 0.1875 0.6123046859375 0.1875 0.6025390640625 0.1591796859375 0.578125 0.150390625 0.6064453140625 0.154296875 0.6201171859375 0.142578125 0.6337890640625 0.154296875 0.6435546859375 0.15625 0.6572265640625 0.169921875 0.6611328140625 0.181640625 0.6533203140625 0.173828125 0.6337890640625 0.1865234359375 0.63671875 0.197265625 0.6220703140625
2 0.2138671859375 0.72265625 0.212890625 0.7431640640625 0.2060546859375 0.740234375 0.1982421859375 0.755859375 0.18359375 0.7548828140625 0.185546875 0.7724609359375 0.2119140640625 0.7890625 0.2314453140625 0.771484375 0.23828125 0.7900390640625 0.25 0.7939453140625 0.255859375 0.7607421859375 0.2431640640625 0.755859375 0.236328125 0.7392578140625 0.2138671859375 0.72265625
2 0.5771484359375 0.8125 0.5703125 0.7978515640625 0.572265625 0.7822265640625 0.5595703140625 0.7734375 0.54296875 0.8115234359375 0.56640625 0.8251953140625 0.556640625 0.8447265640625 0.576171875 0.8564453140625 0.603515625 0.8310546859375 0.60546875 0.8193359359375 0.5927734359375 0.80859375 0.5771484359375 0.8125
2 0.3896484359375 0.328125 0.3837890640625 0.337890625 0.3779296859375 0.33203125 0.3564453140625 0.3359375 0.359375 0.3701171859375 0.353515625 0.3857421859375 0.3779296859375 0.39453125 0.3916015640625 0.3828125 0.396484375 0.3955078140625 0.404296875 0.3974609359375 0.408203125 0.3505859359375 0.396484375 0.3427734359375 0.396484375 0.3349609359375 0.3896484359375 0.328125
2 0.33984375 0.2099609359375 0.33984375 0.2177734359375 0.3515625 0.2216796859375 0.361328125 0.2099609359375 0.3583984359375 0.201171875 0.3486328140625 0.201171875 0.33984375 0.2099609359375
2 0.3671875 0.1611328140625 0.357421875 0.1357421859375 0.365234375 0.11816406406249999 0.365234375 0.09667968593750001 0.3466796859375 0.099609375 0.3330078140625 0.080078125 0.3203125 0.1357421859375 0.306640625 0.1513671859375 0.326171875 0.1728515640625 0.33203125 0.1923828140625 0.34375 0.1982421859375 0.34375 0.1669921859375 0.3486328140625 0.162109375 0.3623046859375 0.16796875 0.3671875 0.1611328140625
2 0.283203125 0.040039064062500004 0.2724609359375 0.009765625 0.265625 0.032226564062500004 0.25390625 0.043945314062500004 0.27734375 0.06738281406249999 0.2734375 0.09082031406249999 0.28125 0.10449218593750001 0.3046875 0.07324218593750001 0.294921875 0.0615234359375 0.296875 0.043945314062500004 0.283203125 0.040039064062500004
2 0.6474609359375 0.015625 0.63671875 0.0615234359375 0.6474609359375 0.072265625 0.658203125 0.07128906406249999 0.67578125 0.0263671859375 0.6708984359375 0.021484375 0.6572265640625 0.033203125 0.6474609359375 0.015625
2 0.70703125 0.2939453140625 0.732421875 0.2978515640625 0.736328125 0.2626953140625 0.728515625 0.2470703140625 0.7138671859375 0.23828125 0.70703125 0.2939453140625
2 0.80078125 0.4228515640625 0.80859375 0.4091796859375 0.80859375 0.3818359359375 0.8037109359375 0.376953125 0.79296875 0.3955078140625 0.783203125 0.3994140640625 0.787109375 0.4345703140625 0.7685546859375 0.431640625 0.763671875 0.4384765640625 0.765625 0.4580078140625 0.779296875 0.4697265640625 0.7822265640625 0.455078125 0.7978515640625 0.4609375 0.8046875 0.4521484359375 0.80078125 0.4228515640625
2 0.841796875 0.5751953140625 0.841796875 0.5615234359375 0.830078125 0.5517578140625 0.837890625 0.5244140640625 0.82421875 0.5126953140625 0.8212890640625 0.5 0.810546875 0.5322265640625 0.79296875 0.5419921859375 0.791015625 0.5751953140625 0.806640625 0.5947265640625 0.802734375 0.6083984359375 0.81640625 0.6416015640625 0.830078125 0.6416015640625 0.8359375 0.6337890640625 0.822265625 0.6123046859375 0.822265625 0.5986328140625 0.841796875 0.5751953140625
2 0.8916015640625 0.83984375 0.912109375 0.8466796859375 0.9111328140625 0.8203125 0.8955078140625 0.814453125 0.884765625 0.8212890640625 0.8916015640625 0.83984375
2 0.83203125 0.6806640640625 0.8251953140625 0.677734375 0.814453125 0.6845703140625 0.81640625 0.7080078140625 0.833984375 0.7314453140625 0.833984375 0.7138671859375 0.841796875 0.7041015640625 0.828125 0.6962890640625 0.83203125 0.6806640640625
2 0.857421875 0.7763671859375 0.861328125 0.7919921859375 0.8681640640625 0.80078125 0.888671875 0.8076171859375 0.89453125 0.7998046859375 0.88671875 0.7705078140625 0.8623046859375 0.767578125 0.857421875 0.7763671859375