2 0.9627092625 0.115876746875 0.9849658578125 0.10745882968750001 0.9865037453125 0.09969072343749999 0.9830536828125 0.092354765625 0.9711594968749999 0.0930035203125 0.9419966703125 0.10163804375 0.935853265625 0.1128591125 0.9373830062499999 0.1249423609375 0.9527292890625001 0.126666725 0.9627092625 0.115876746875
2 0.8406855296875 0.1527890171875 0.83531718125 0.145237515625 0.785441759375 0.1396333359375 0.782370059375 0.1452438703125 0.7977081953125 0.1668195890625 0.8406855296875 0.1527890171875
2 0.8077003890625001 0.126252578125 0.8560420015625001 0.12969918593750002 0.8667888796875 0.1199879921875 0.8153857578125001 0.097337725 0.8077003890625001 0.126252578125
2 0.7814788859374999 0.4468982671875 0.8160039453125 0.4607037625 0.83480640625 0.454875565625 0.8505432718750001 0.4397693828125 0.8229203703125 0.4356729625 0.78685334375 0.43956125156250003 0.7814788859374999 0.4468982671875
2 0.8843177265625 0.41279338125000004 0.8900664718750001 0.42832853281250005 0.886219715625 0.4527116390625 0.9272828390625 0.42853984218749996 0.8931442828125 0.407829484375 0.8854711421875001 0.4069673015625 0.8843177265625 0.41279338125000004
2 0.7115131359375 0.7804957421875 0.728020984375 0.7565426703125 0.7529586921875 0.7593447609374999 0.7683090531250001 0.7511434453125 0.784804675 0.7569674078124999 0.788643284375 0.7524356609375 0.78596216875 0.74121565 0.7687016734375 0.7293500625 0.725337828125 0.7502855 0.7038522140625 0.7498565265625 0.6800556953125 0.771005390625 0.7115131359375 0.7804957421875
2 0.5054794953124999 0.78116779375 0.47746601093749996 0.7939019171874999 0.4759281234375 0.8016700234374999 0.5219628968750001 0.8167687906250001 0.5162141546875 0.8012336390625 0.5423032453125 0.8031724859375 0.5557373531249999 0.7897927890625 0.5054794953124999 0.78116779375
0 0.402656953125 0.77556996875 0.4252898671875 0.7850613765625 0.41683963281249997 0.8079346062500001 0.421443109375 0.8094444828125 0.4509985578125 0.7790165765625 0.470565884375 0.7792300046875 0.4832310515625 0.769734359375 0.44602079687499996 0.75463453125 0.440270015625 0.744062215625 0.4187844 0.74363324375 0.41456132031250004 0.7501070203125 0.42337972968750004 0.7649944750000001 0.402656953125 0.77556996875
2 0.057042209375 0.5898286515625 0.049364996875 0.5988921484375 0.0696971890625 0.6051472015625 0.09732620625 0.5943551046875 0.12993705625000002 0.5980193765624999 0.1475820234375 0.6079429359375 0.16331889375 0.5928367546875 0.1602553390625 0.5785959359375 0.17790845625 0.5686681390625 0.16448249375 0.56219648125 0.139156234375 0.5712620953124999 0.0973384265625 0.5645780703125001 0.0877388546875 0.5833516984375 0.057042209375 0.5898286515625
2 0.7033379203125001 0.13338569375 0.7010412765625 0.12022365937499999 0.6841611750000001 0.116341725 0.6810894765625 0.12195225937500001 0.69182616875 0.1370552625 0.7033379203125001 0.13338569375
2 0.520305375 0.1813098453125 0.5433207234374999 0.1938220671875 0.5740153296875 0.19230795625 0.5713342124999999 0.1810879453125 0.53757401875 0.173324075 0.5222277359375 0.1715997125 0.520305375 0.1813098453125
2 0.6572909203124999 0.1480639625 0.6319707718750001 0.1422410609375 0.6200765875 0.1428898140625 0.618923171875 0.14871589375 0.6438568078125 0.1614436625 0.6572909203124999 0.1480639625
2 0.37564465 0.218656384375 0.387150284375 0.2298753328125 0.404799328125 0.22987321718749998 0.41094069375000003 0.2236149859375 0.40097090625 0.2095907703125 0.3833218625 0.2095928875 0.37564465 0.218656384375
2 0.2559175609375 0.268730690625 0.2889088109375 0.28037861406250003 0.298502271875 0.276493503125 0.300424634375 0.26678336874999997 0.29045891875 0.2428334734375 0.2774153953125 0.2393826296875 0.25285400468749997 0.25448986875 0.22139249374999997 0.2549251953125 0.199898734375 0.2743475796875 0.22023092812499998 0.28060263124999996 0.2559175609375 0.268730690625
2 0.057302414062499994 0.8906198062499999 0.0634560015625 0.8545845453125 0.0308451515625 0.8509202734375 0.027388975 0.8584728328125 0.043107510937499996 0.8880322046875 0.057302414062499994 0.8906198062499999
2 0.7074183953125 0.47431065625 0.6982155156250001 0.4613652234375 0.6740386015625 0.4745304375 0.6820921390625 0.4833762703125 0.7342703203125 0.48725397031249995 0.740415759375 0.47107006093750003 0.73427846875 0.4674026140625 0.7074183953125 0.47431065625