2 0.908203125 0.3154296859375 0.919921875 0.3193359359375 0.9296875 0.2978515640625 0.9248046859375 0.28515625 0.908203125 0.2998046859375 0.908203125 0.3154296859375
2 0.849609375 0.09082031406249999 0.8525390640625 0.099609375 0.86328125 0.10058593593750001 0.8828125 0.08496093593750001 0.8798828140625 0.072265625 0.8662109359375 0.072265625 0.849609375 0.09082031406249999
2 1 0.4873046859375 0.9716796859375 0.4921875 0.970703125 0.5048828140625 0.982421875 0.5224609359375 1 0.5302734359375 1 0.4873046859375
2 0.91796875 0.1982421859375 0.91796875 0.2099609359375 0.9267578140625 0.21875 0.970703125 0.2314453140625 0.96484375 0.2021484359375 0.970703125 0.1845703140625 0.9677734359375 0.169921875 0.91796875 0.1982421859375
2 0.927734375 0.07519531406249999 0.9267578140625 0.0625 0.8974609359375 0.056640625 0.884765625 0.11816406406249999 0.8984375 0.1279296859375 0.904296875 0.1455078140625 0.916015625 0.1552734359375 0.91796875 0.1259765640625 0.939453125 0.09472656406249999 0.94140625 0.08105468593750001 0.927734375 0.07519531406249999
2 0.537109375 0.2998046859375 0.556640625 0.3115234359375 0.5625 0.2822265640625 0.5537109359375 0.271484375 0.541015625 0.2841796859375 0.537109375 0.2998046859375
2 0.623046875 0.4697265640625 0.6142578140625 0.462890625 0.603515625 0.4912109359375 0.6171875 0.5205078140625 0.625 0.5244140640625 0.630859375 0.5185546859375 0.630859375 0.5009765640625 0.62109375 0.4833984359375 0.623046875 0.4697265640625
2 0.6689453140625 0.6328125 0.671875 0.6435546859375 0.6875 0.6533203140625 0.6875 0.5986328140625 0.6748046859375 0.59375 0.66015625 0.6318359359375 0.6689453140625 0.6328125
2 0.6982421859375 0.708984375 0.689453125 0.7119140640625 0.673828125 0.7373046859375 0.671875 0.7548828140625 0.6826171859375 0.771484375 0.703125 0.7783203140625 0.712890625 0.7509765640625 0.701171875 0.7314453140625 0.703125 0.7099609359375 0.6982421859375 0.708984375
2 0.55859375 0.10839843593750001 0.5478515640625 0.107421875 0.5361328140625 0.095703125 0.5244140640625 0.1171875 0.5107421859375 0.08984375 0.498046875 0.1455078140625 0.498046875 0.1787109359375 0.5166015640625 0.171875 0.53515625 0.2001953140625 0.546875 0.1982421859375 0.546875 0.1591796859375 0.560546875 0.1513671859375 0.55859375 0.10839843593750001
2 0.74609375 0.8017578140625 0.74609375 0.7880859359375 0.7197265640625 0.765625 0.732421875 0.7978515640625 0.74609375 0.8017578140625
2 0.724609375 0.8564453140625 0.734375 0.8759765640625 0.748046875 0.8857421859375 0.75390625 0.8681640640625 0.7294921859375 0.828125 0.72265625 0.8388671859375 0.724609375 0.8564453140625
2 0.7685546859375 0.919921875 0.7587890640625 0.90625 0.7451171859375 0.904296875 0.73828125 0.9345703140625 0.755859375 0.9599609359375 0.7578125 0.9755859359375 0.7734375 0.9814453140625 0.7763671859375 1 0.798828125 0.9990234359375 0.796875 0.9716796859375 0.78125 0.9521484359375 0.78125 0.9248046859375 0.7685546859375 0.919921875
2 0.0595703140625 0 0.0615234359375 0.005859375 0.080078125 0.010742185937499999 0.0859375 0.043945314062500004 0.09375 0.047851564062500004 0.11328125 0.020507814062499997 0.109375 0.0068359359375 0.10058593593750001 0 0.0595703140625 0
2 0.2265625 0.2431640640625 0.2119140640625 0.240234375 0.205078125 0.2431640640625 0.189453125 0.2802734359375 0.20703125 0.2861328140625 0.216796875 0.3173828140625 0.224609375 0.3193359359375 0.236328125 0.3115234359375 0.240234375 0.2998046859375 0.22265625 0.2802734359375 0.2265625 0.2431640640625
2 0.244140625 0.4560546859375 0.2490234359375 0.46484375 0.255859375 0.4638671859375 0.267578125 0.4560546859375 0.267578125 0.4482421859375 0.2490234359375 0.4375 0.244140625 0.4560546859375
2 0.21875 0.3818359359375 0.21875 0.3896484359375 0.2431640640625 0.388671875 0.24609375 0.4052734359375 0.2578125 0.3720703140625 0.2509765640625 0.36328125 0.2392578140625 0.361328125 0.21875 0.3818359359375
2 0.349609375 0.5751953140625 0.3251953140625 0.546875 0.30859375 0.6123046859375 0.3193359359375 0.611328125 0.328125 0.6201171859375 0.3330078140625 0.611328125 0.345703125 0.6123046859375 0.33984375 0.5908203140625 0.349609375 0.5751953140625
2 0.4345703140625 0.78515625 0.42578125 0.8349609359375 0.439453125 0.8466796859375 0.451171875 0.8408203140625 0.453125 0.8271484359375 0.4453125 0.7939453140625 0.4345703140625 0.78515625
2 0.4111328140625 0.759765625 0.3974609359375 0.76171875 0.376953125 0.7822265640625 0.380859375 0.7978515640625 0.39453125 0.8056640640625 0.408203125 0.7998046859375 0.419921875 0.7763671859375 0.419921875 0.7666015640625 0.4111328140625 0.759765625
2 0.4775390640625 0.927734375 0.447265625 0.9443359359375 0.4482421859375 0.962890625 0.4677734359375 0.958984375 0.4833984359375 0.9765625 0.490234375 0.9755859359375 0.501953125 0.9580078140625 0.4921875 0.9501953140625 0.4892578140625 0.9296875 0.4775390640625 0.927734375
2 0.08203125 0.6279296859375 0.09375 0.6201171859375 0.091796875 0.6005859359375 0.109375 0.5947265640625 0.109375 0.5810546859375 0.09667968593750001 0.568359375 0.08300781406249999 0.572265625 0.05859375 0.5673828140625 0.0625 0.6044921859375 0.056640625 0.6357421859375 0.044921875 0.6435546859375 0.05078125 0.6513671859375 0.046875 0.6806640640625 0.052734375 0.6826171859375 0.060546875 0.6748046859375 0.0625 0.6533203140625 0.076171875 0.6455078140625 0.08203125 0.6279296859375
2 0.06542968593750001 0.708984375 0.08984375 0.7119140640625 0.08496093593750001 0.6875 0.064453125 0.6943359359375 0.060546875 0.7041015640625 0.06542968593750001 0.708984375