2 0.044921875 0.3310546859375 0.0234375 0.3212890640625 0.008789064062500001 0.287109375 0.001953125 0.2978515640625 0 0.3642578140625 0.015625 0.3779296859375 0.020507814062499997 0.37109375 0.03515625 0.3720703140625 0.03125 0.3486328140625 0.044921875 0.3310546859375
2 0.08105468593750001 0.439453125 0.06933593593750001 0.453125 0.0546875 0.4560546859375 0.0625 0.4736328140625 0.052734375 0.4951171859375 0.06933593593750001 0.513671875 0.07910156406249999 0.51171875 0.091796875 0.5224609359375 0.1015625 0.5087890640625 0.0859375 0.4716796859375 0.095703125 0.4482421859375 0.08105468593750001 0.439453125
2 0.1728515640625 0.666015625 0.173828125 0.6904296859375 0.1640625 0.7021484359375 0.169921875 0.7138671859375 0.16796875 0.7314453140625 0.17578125 0.7373046859375 0.193359375 0.7197265640625 0.1953125 0.6982421859375 0.19140625 0.6826171859375 0.1728515640625 0.666015625
2 0.236328125 0.7529296859375 0.2138671859375 0.73828125 0.1875 0.7548828140625 0.2109375 0.7880859359375 0.2109375 0.7978515640625 0.197265625 0.8115234359375 0.232421875 0.8193359359375 0.236328125 0.8095703140625 0.23046875 0.7978515640625 0.244140625 0.7939453140625 0.236328125 0.7529296859375
2 0.236328125 0.9365234359375 0.2529296859375 0.943359375 0.2568359359375 0.953125 0.2666015640625 0.94921875 0.275390625 0.9560546859375 0.2890625 0.9306640640625 0.2705078140625 0.8984375 0.236328125 0.9150390640625 0.236328125 0.9365234359375
2 0.5810546859375 0.958984375 0.5693359359375 0.953125 0.560546875 0.9580078140625 0.5625 0.9736328140625 0.5888671859375 0.990234375 0.5927734359375 1 0.6171875 0.9990234359375 0.619140625 0.9814453140625 0.60546875 0.9677734359375 0.6025390640625 0.947265625 0.5810546859375 0.958984375
2 0.5595703140625 0.7734375 0.5341796859375 0.771484375 0.51953125 0.7880859359375 0.533203125 0.7998046859375 0.529296875 0.8291015640625 0.53515625 0.8291015640625 0.5498046859375 0.80859375 0.5595703140625 0.810546875 0.572265625 0.7998046859375 0.5595703140625 0.7734375
2 0.46875 0.6943359359375 0.46875 0.7099609359375 0.478515625 0.7138671859375 0.494140625 0.6923828140625 0.4873046859375 0.66796875 0.478515625 0.6689453140625 0.46875 0.6943359359375
2 0.458984375 0.5986328140625 0.470703125 0.6044921859375 0.474609375 0.5908203140625 0.4677734359375 0.5859375 0.458984375 0.5908203140625 0.458984375 0.5986328140625
2 0.43359375 0.4755859359375 0.443359375 0.4599609359375 0.41796875 0.4423828140625 0.42578125 0.4091796859375 0.4072265640625 0.41015625 0.3955078140625 0.400390625 0.390625 0.4404296859375 0.39453125 0.4599609359375 0.4140625 0.4873046859375 0.41015625 0.5166015640625 0.416015625 0.5185546859375 0.423828125 0.5068359359375 0.423828125 0.4892578140625 0.435546875 0.4833984359375 0.43359375 0.4755859359375
2 0.3564453140625 0.220703125 0.3447265640625 0.232421875 0.3291015640625 0.212890625 0.328125 0.2744140640625 0.33984375 0.2861328140625 0.34765625 0.3115234359375 0.35546875 0.3154296859375 0.375 0.2841796859375 0.36328125 0.2431640640625 0.365234375 0.2275390640625 0.3564453140625 0.220703125
2 0.2880859359375 0.103515625 0.2734375 0.1318359359375 0.2841796859375 0.150390625 0.298828125 0.1494140640625 0.314453125 0.12011718593750001 0.3056640640625 0.115234375 0.2958984359375 0.125 0.2880859359375 0.103515625
2 0.69921875 0.3134765640625 0.7197265640625 0.3359375 0.7265625 0.3349609359375 0.728515625 0.2861328140625 0.7216796859375 0.283203125 0.70703125 0.2958984359375 0.69921875 0.3134765640625
2 0.796875 0.4189453140625 0.791015625 0.4130859359375 0.7939453140625 0.392578125 0.7666015640625 0.412109375 0.755859375 0.3974609359375 0.75390625 0.3740234359375 0.7470703140625 0.37109375 0.740234375 0.3974609359375 0.7421875 0.4501953140625 0.75 0.4521484359375 0.7587890640625 0.427734375 0.7705078140625 0.451171875 0.79296875 0.4365234359375 0.796875 0.4189453140625
2 0.822265625 0.7197265640625 0.8310546859375 0.73828125 0.845703125 0.7412109359375 0.85546875 0.7353515640625 0.8447265640625 0.71875 0.8310546859375 0.71484375 0.822265625 0.7197265640625
2 0.8427734359375 0.8046875 0.8369140640625 0.791015625 0.8359375 0.8291015640625 0.83984375 0.8505859359375 0.84765625 0.8525390640625 0.8564453140625 0.83984375 0.875 0.8369140640625 0.86328125 0.8076171859375 0.8427734359375 0.8046875
2 0.841796875 0.8857421859375 0.845703125 0.9052734359375 0.8701171859375 0.9296875 0.8828125 0.9326171859375 0.884765625 0.9208984359375 0.875 0.9052734359375 0.8466796859375 0.880859375 0.841796875 0.8857421859375
2 0.560546875 0.9052734359375 0.5625 0.9033203140625 0.5625 0.8955078140625 0.5576171859375 0.890625 0.5498046859375 0.890625 0.546875 0.8994140640625 0.54296875 0.9033203140625 0.54296875 0.9052734359375 0.5390625 0.9111328140625 0.5390625 0.9169921859375 0.5439453140625 0.921875 0.5537109359375 0.921875 0.5546875 0.9208984359375 0.55859375 0.9169921859375 0.55859375 0.9111328140625 0.560546875 0.9091796859375 0.560546875 0.9052734359375