2 0.080305465625 0.2508418 0.030762357812500002 0.260144196875 0.0245308015625 0.269016096875 0.0413321484375 0.27448747500000004 0.0557407578125 0.28826399999999996 0.0731272484375 0.2757572390625 0.086007784375 0.2549698546875 0.080305465625 0.2508418
2 0.247603365625 0.1645152046875 0.21461190000000002 0.1673980140625 0.199729959375 0.161643259375 0.178616465625 0.16476040625 0.173107946875 0.177501503125 0.188712925 0.187125453125 0.2285471765625 0.18919630781250002 0.26087151406250003 0.17746611875 0.247603365625 0.1645152046875
2 0.1890185390625 0.19403823281250002 0.17563858593749998 0.1910436890625 0.15441327968750002 0.20411720312499998 0.09299219843749999 0.2131852640625 0.092518865625 0.22120703437499997 0.1322413109375 0.2332342546875 0.146512021875 0.2251634453125 0.1763877109375 0.22671658749999998 0.1890185390625 0.19403823281250002
2 0.475193059375 0.3744409828125 0.46840618125000005 0.36450913749999997 0.4457347953125 0.36984425781249997 0.4429805359375 0.37621480625000003 0.45210425 0.382819690625 0.475193059375 0.3744409828125
2 0.4206147640625 0.3884627109375 0.4126315171875 0.38268343437499996 0.397276246875 0.38495045 0.39477169375 0.4032119640625 0.4104884828125 0.40287954687500005 0.4206147640625 0.3884627109375
2 0.758713959375 0.24511186875000002 0.7519270812500001 0.23518002187499998 0.738129696875 0.23522906250000003 0.7305638765625 0.2264062015625 0.7236092796875 0.2314089046875 0.732788896875 0.2330356046875 0.7329827 0.2499047578125 0.7452221906250001 0.25207369062499996 0.758713959375 0.24511186875000002
2 0.6571791 0.27699999375 0.6640218828125 0.281953659375 0.6812965640625 0.279403265625 0.6987389578125 0.2619183203125 0.6930366375 0.25779026875 0.6646070234375 0.2639755203125 0.6571791 0.27699999375
2 0.5276581421875 0.3438334875 0.5323877140625 0.33220137968749996 0.47833865624999994 0.3332231484375 0.47666895625 0.3453974921875 0.5041519046875 0.3552557796875 0.5276581421875 0.3438334875
2 0.602738703125 0.312869053125 0.633449240625 0.3083350234375 0.6326442109375 0.27764031093749997 0.60930569375 0.2741280484375 0.602738703125 0.312869053125
2 0.2544014203125 0.4805931 0.24953394687500002 0.47037787499999995 0.21629276874999998 0.4613697171875 0.195179275 0.4644868625 0.1893092390625 0.47529336093749996 0.2145112609375 0.483500428125 0.229642909375 0.5011461484375 0.2446366609375 0.496944534375 0.2544014203125 0.4805931
2 0.1122235453125 0.5483012421875 0.144853490625 0.543483834375 0.159180109375 0.5304348421875 0.14482740624999998 0.5116801328125 0.10463163281250001 0.5076746796875 0.08963788125 0.51187629375 0.0910839609375 0.5196146859375 0.1120297390625 0.531432090625 0.1057981828125 0.540303990625 0.1122235453125 0.5483012421875
2 0.3648401 0.40663700625 0.34798284375 0.40614381406250005 0.3243648 0.42752247343749994 0.3001355265625 0.43507557031250005 0.294265490625 0.44588206875 0.31526717656250003 0.4527212890625 0.362167834375 0.43983307343750006 0.3710977453125 0.4295688078125 0.3648401 0.40663700625
2 0.07486402187499999 0.56475075625 0.069802746875 0.5376663828125 0.0491066734375 0.5377399453125 0.040120859375 0.5529823921875 0.00701758125 0.5658215703125 0.0015649703125 0.573584484375 0.0074051921875 0.5995598703125 0.08465486875 0.5802030234375 0.0839877359375 0.571355640625 0.07486402187499999 0.56475075625
2 0.7062973078125 0.9198151593749999 0.7511667453124999 0.9171666875 0.7600966578125 0.906902425 0.714560084375 0.900703515625 0.7062973078125 0.9198151593749999
2 0.6689079687499999 0.9730465593750001 0.73032905 0.9639785 0.7338622499999999 0.9564989625000001 0.7100243109375 0.9292047734375 0.6850720015625 0.9328886734375 0.6833463953125001 0.9500412015625 0.6689079687499999 0.9730465593750001
2 0.853842071875 0.886104171875 0.8784328640625001 0.8804856734375001 0.8844706171875 0.8547446234375 0.8518965749999999 0.8545838484375 0.853842071875 0.886104171875
2 0.9498162375 0.8033497421875 0.9520412593750001 0.8099791453125 0.9955108671874999 0.8181921750000001 0.9957103125 0.7839104453125 0.991014575 0.7863334703125 0.9855060578125 0.7990745671874999 0.9583846296875 0.7911508781250001 0.9498162375 0.8033497421875
2 0.6519314640625 0.607778103125 0.574432075 0.6152439828125 0.5743202609375 0.62520035 0.5903426671875 0.6317807140625 0.600133515625 0.6472329796875 0.6120114875 0.6474673156249999 0.6206357828125 0.6302902703125 0.6368258984375 0.6219360828125 0.6575778796875 0.6168843390625 0.6651437 0.6257072 0.6801374515624999 0.6215055875 0.69613376875 0.5962822484375 0.677830434375 0.5880506640625 0.6719603984375 0.5988571625 0.6519314640625 0.607778103125
2 0.759865596875 0.5520835265625 0.794414953125 0.5469827406250001 0.7945826671875 0.5320481921875 0.7846800078125 0.52655229375 0.773525075 0.5301871515625 0.7591984593750001 0.54323614375 0.759865596875 0.5520835265625
2 0.8279915593749999 0.5261217953124999 0.8452662406250001 0.523571403125 0.8569504078125 0.5069365921875 0.8444053015625 0.497854871875 0.8328888515624999 0.499555134375 0.8250434984374999 0.5156231953125 0.8279915593749999 0.5261217953124999
2 0.4101381375 0.7070909953125 0.37631181874999997 0.716060975 0.37355756093750003 0.7224315234375001 0.3919167953125 0.7256849265625 0.42922041093749996 0.7142135953125 0.4347848359375 0.6964943156250001 0.42524369687499997 0.6929330140625 0.4101381375 0.7070909953125
2 0.3593129359375 0.762306034375 0.40070508125000004 0.7621589140625 0.41731262343750003 0.7507611437499999 0.3790921625 0.741494128125 0.3593129359375 0.762306034375
2 0.2929684796875 0.7661370546875 0.3131353171875 0.7790634484375001 0.327350121875 0.7759708234375 0.3222329390625 0.7538646328125 0.2929684796875 0.7661370546875
2 0.2567755140625 0.8152158828125 0.27213078125 0.8129488671875 0.29185410312500004 0.797115146875 0.2611994703125 0.7966709921875 0.2567755140625 0.8152158828125
2 0.1292596828125 0.84000593125 0.1168524765625 0.8527715453125 0.11632324218750001 0.8657714999999999 0.18709165781249998 0.8433955890625 0.1973297453125 0.819022384375 0.17290666875 0.8097063296875 0.170290309375 0.8379242109374999 0.1292596828125 0.84000593125