2 0.3321629765625 0.6473190984375 0.332662521875 0.6710627078125 0.3387838203125 0.6717906234375 0.35214108125 0.6422155828125 0.3658301265625 0.6513226484375 0.37428885 0.648588909375 0.374874140625 0.6305837249999999 0.362076078125 0.6103637749999999 0.356927775 0.625333275 0.3477458234375 0.6242414000000001 0.339872384375 0.6089699453125 0.33280418749999996 0.6243344093750001 0.3224814796875 0.6224836093749999 0.3185857703125 0.62825303125 0.3321629765625 0.6473190984375
2 0.41977360781249995 0.7942331921875 0.4304020046875 0.8029762984375 0.43886072968749995 0.8002425640625 0.44130999375 0.786821909375 0.45936820312500004 0.78211335625 0.4487957265625 0.7683907515625 0.463431671875 0.7614054359375 0.4668837578125 0.7269129046875 0.46279419375 0.7158310265625001 0.4452653578125 0.7075138859375001 0.435472021875 0.6926373953125 0.42581662343750004 0.699591709375 0.407728590625 0.7410695578125 0.4199972859375 0.7743151953125 0.41977360781249995 0.7942331921875
2 0.0804031015625 0.2440430203125 0.09011442187499999 0.23210921093749998 0.0892532640625 0.206452790625 0.0994380359375 0.186472790625 0.0973802046875 0.16503694687499998 0.08007504531250001 0.1368018125 0.052752876562499995 0.113608184375 0.03961929375 0.12326523281249999 0.048074290625 0.18909059687500002 0.07317087343749999 0.20578687968749998 0.0675491203125 0.228802575 0.07236190625 0.24371006875 0.0804031015625 0.2440430203125
2 0.17602883593750002 0.3595002703125 0.1852406109375 0.3238228515625 0.1992651703125 0.3030529203125 0.185799803125 0.2740278578125 0.1402255734375 0.23869147812499997 0.12595124062500002 0.247589603125 0.105305834375 0.243888003125 0.11621009375 0.2962927140625 0.1267825703125 0.31001531875 0.126920503125 0.3318461234375 0.151961165625 0.3535219078125 0.1589175265625 0.3481164421875 0.17602883593750002 0.3595002703125
2 0.23926983750000003 0.424984596875 0.2361495375 0.4981592359375 0.25679494375 0.5018608359375001 0.268702028125 0.5331936703125 0.278607196875 0.538111159375 0.29360475625000004 0.5330386500000001 0.30676443125 0.555171403125 0.30665259375 0.5651304046875001 0.2969971921875 0.572084715625 0.2841991296875 0.551864765625 0.27693707343749996 0.550377928125 0.27178876875 0.565347428125 0.26021347499999997 0.572696703125 0.2627447546875 0.5860863546874999 0.274875515625 0.5975011859375 0.276210121875 0.615111415625 0.2846129296875 0.617357178125 0.30072514687499996 0.5812537875 0.3368676578125 0.6036264859375 0.33400458906249997 0.5515547328125 0.321512215625 0.538227090625 0.3192046140625 0.5049194421875 0.3046805078125 0.501945765625 0.294887175 0.4870692734375 0.2844526328125 0.49517747187500005 0.274909071875 0.49217278750000004 0.2843706171875 0.46836716718750004 0.2705436390625 0.43742930312499995 0.23926983750000003 0.424984596875
2 0.540056028125 0.82910451875 0.5147916875 0.8273467296874999 0.50663865 0.8369727749999999 0.501046721875 0.8232191671875 0.49378467031250006 0.8217323249999999 0.5249205375 0.812346225 0.51615611875 0.8081876593749999 0.507559459375 0.7890905906250001 0.5009647109375 0.7964088625 0.4753946765625 0.7877587687500001 0.46784929374999995 0.879728521875 0.477225096875 0.8976717031250001 0.49091414218749996 0.9067787703124999 0.4971733734375 0.9293374906249999 0.5055202609375 0.9365627546875 0.52207610625 0.9291824734375 0.5349860078125 0.9394434234375 0.531533921875 0.9739359546875 0.5440822140625 0.9822841 0.5629195640625 0.9764216640625 0.5742152625 0.9939698828125 0.6229918046875 0.9829419250000001 0.6156477390624999 0.9546447859375 0.6330386406249999 0.9411311171875001 0.6165685453124999 0.9067626015625001 0.6105031609375 0.9010551828125 0.5617266187500001 0.9120831375 0.541666503125 0.8903763546875 0.54152856875 0.868545546875 0.5270044625 0.8655718703125 0.5179902703125 0.8495414921875 0.5165997453125 0.836910765625 0.5349636421875 0.839094521875 0.540056028125 0.82910451875
2 0.17508564843750002 0.8187370625 0.189583659375 0.7899209390624999 0.1838798921875 0.78612633125 0.176506 0.794598490625 0.1706642953125 0.768973075 0.16751790312499998 0.8103579125 0.17508564843750002 0.8187370625
2 0.2706777 1 0.2736303671875 0.9812865703125 0.262696278125 0.9656511562500001 0.2594417765625 0.948435896875 0.2645900796875 0.9334663937500001 0.25226546562499996 0.90520025625 0.22683336562499998 0.9183809640625 0.22132345 0.9314376578125 0.21063913906249998 0.92767405 0.192107478125 0.9404287921875 0.2423006453125 0.9738213625000001 0.26166597343750003 1 0.2706777 1
2 0.11223235312499999 0.786955346875 0.1543023078125 0.793204659375 0.15355298906249998 0.75758924375 0.1406990078125 0.742348796875 0.10756122812499999 0.72531955625 0.11354459374999999 0.7042166703125 0.104056953125 0.6962324843750001 0.102360734375 0.6767094515625 0.093178784375 0.675617575 0.0686637625 0.709475203125 0.08527179375 0.7656745265625 0.06980078437500001 0.778793225 0.09795801875 0.7958534703125 0.11223235312499999 0.786955346875
2 0.1834288046875 0.894521421875 0.1993732640625 0.8733565343749999 0.1883012421875 0.83589031875 0.17299799375 0.834070521875 0.15699761406249998 0.8602149125 0.16770802499999998 0.8957683218750001 0.1834288046875 0.894521421875
2 0.65482481875 0.43388813437499996 0.6635631421875 0.4062569 0.6896625484375 0.40188130468749994 0.6951165421875001 0.39380411249999997 0.6871610921875 0.3517223578125 0.6818189328125001 0.34984055468749997 0.6721076125 0.361774365625 0.6452290671875 0.367303846875 0.63776943125 0.41752480312499995 0.6134221656250001 0.4364439296875 0.6579674828125001 0.46106239687499995 0.65482481875 0.43388813437499996
2 0.7994917734375 0.787656334375 0.8056130734375 0.7883842546875 0.8275148015625 0.714326675 0.8070930734375 0.6907070796875 0.79237884375 0.60232299375 0.775017765625 0.579067359375 0.756624040625 0.613652903125 0.7496937734375 0.65084816875 0.7747903578125 0.6675444578125 0.7845277703125 0.68740044375 0.7762628984375 0.7069854875 0.7767624421875 0.730729096875 0.794652890625 0.7409590406250001 0.7994917734375 0.787656334375
2 0.8982899953124999 0.8935185484374999 0.9109762187499999 0.9236974921875 0.918655803125 0.922117640625 0.9090041328125 0.8605128531249999 0.9179922296875 0.8447534296875 0.9161841734375 0.8351893921875 0.888556309375 0.80510345625 0.8843288125000001 0.7721907765625 0.87603784375 0.7599860140625 0.8476569328125001 0.7628437671875 0.8321300062500001 0.7809419640625 0.849435165625 0.8091771015625 0.863899621875 0.88568938125 0.881010928125 0.897073215625 0.8982899953124999 0.8935185484374999
2 0.6925778031250001 0.517532665625 0.693077346875 0.5412762765625 0.723821778125 0.566746671875 0.7241572953125 0.5368696734375 0.7327278625 0.5241769390625 0.7467785203124999 0.5351968125 0.7594386484375 0.5335859562499999 0.7560462109375 0.4945398890625 0.7527917093750001 0.477324628125 0.739464275 0.47013036875 0.740523015625 0.444078990625 0.6995118015624999 0.411778296875 0.691053071875 0.41451203437500006 0.6729650390625 0.45598988125 0.6925778031250001 0.517532665625
2 0.5677547484375001 0.06827104218749999 0.5486676265625 0.0622616765625 0.5385126828125 0.045472378125000004 0.527772446875 0.0466882703125 0.518452565625 0.023765589062500002 0.50381661875 0.030750906249999998 0.4931323015625 0.0269873 0.496107209375 0.069100059375 0.4880100953125 0.0737466 0.47468266249999996 0.0665523421875 0.4699518859375 0.078455153125 0.47356800000000004 0.0975832234375 0.48533715 0.1070852515625 0.49173431718750005 0.1514747734375 0.50289208125 0.1471921921875 0.5016693140624999 0.11962296875 0.5087934359374999 0.099279003125 0.5387587234375 0.12590328125 0.5390084953125001 0.1377750875 0.5270715859374999 0.1432115578125 0.5227024265625 0.15702717187499998 0.5448203734375 0.20016980156250003 0.541591965625 0.21474434062499997 0.5515791515624999 0.24647213125 0.53610814375 0.2595908359375 0.5379162015625 0.26915486875 0.5819321453125 0.30679902187499997 0.5991552921875 0.308223853125 0.6045794640625 0.3369159609375 0.6175452859375 0.3421974125 0.6226376703125001 0.3322074078125 0.6522152546875 0.32512907968750004 0.6632089921875 0.267225890625 0.6629592203125 0.2553540859375 0.6417024296875 0.23786787812500002 0.63360904375 0.17395531718749999 0.611043740625 0.17064868125 0.599610109375 0.1312696609375 0.5833897828125 0.10877294374999999 0.5638292125000001 0.11080977031250001 0.5710092515625 0.0854863078125 0.5677547484375001 0.06827104218749999
2 0.7932437484375 0.047716804687499996 0.8107464906249999 0.02424414375 0.8074360687500001 0.0120083765625 0.7870404328125 0.020178584375 0.77763480625 0.039004703125 0.779025334375 0.05163542812500001 0.7932437484375 0.047716804687499996
2 0.954723775 0.26885833125 0.9423730656249999 0.2088023890625 0.9261490125 0.254864778125 0.954723775 0.26885833125
2 0.8690069453125 0.08975946875 0.8555937671875 0.12431400937499999 0.862382371875 0.133847040625 0.8862002671875 0.1279536046875 0.882136796875 0.14866152500000002 0.9065101562500001 0.16153219375 0.9109613328125 0.1745268828125 0.920922425 0.1744648734375 0.9275730953125001 0.1621671015625 0.934835146875 0.1636539421875 0.9041498671875001 0.005260190624999999 0.8649568359375 0.005032171875 0.8685931453125001 0.0242670609375 0.85529180625 0.048862601562500003 0.8614392000000001 0.081380325 0.8690069453125 0.08975946875