2 0.134765625 0.5458984359375 0.134765625 0.5634765640625 0.1484375 0.5693359359375 0.150390625 0.5888671859375 0.162109375 0.5966796859375 0.171875 0.5615234359375 0.16015625 0.5419921859375 0.1474609359375 0.53515625 0.134765625 0.5458984359375
2 0.2958984359375 0.869140625 0.2841796859375 0.880859375 0.275390625 0.8740234359375 0.279296875 0.8583984359375 0.2744140640625 0.8515625 0.2548828140625 0.859375 0.24609375 0.8505859359375 0.25 0.7822265640625 0.2080078140625 0.78125 0.1865234359375 0.771484375 0.18359375 0.7841796859375 0.193359375 0.8115234359375 0.2138671859375 0.818359375 0.22265625 0.8310546859375 0.228515625 0.9033203140625 0.2392578140625 0.90625 0.2646484359375 0.89453125 0.2744140640625 0.908203125 0.310546875 0.9189453140625 0.31640625 0.9111328140625 0.298828125 0.8935546859375 0.3046875 0.8701171859375 0.2958984359375 0.869140625
2 0.1865234359375 0.662109375 0.1689453140625 0.66796875 0.16015625 0.6611328140625 0.16015625 0.6416015640625 0.1533203140625 0.6328125 0.146484375 0.6533203140625 0.125 0.6650390640625 0.126953125 0.7080078140625 0.1484375 0.7275390640625 0.126953125 0.7373046859375 0.12109375 0.7626953140625 0.1376953140625 0.763671875 0.1591796859375 0.748046875 0.1708984359375 0.75390625 0.1962890640625 0.748046875 0.216796875 0.7705078140625 0.21875 0.7021484359375 0.2119140640625 0.693359375 0.201171875 0.6923828140625 0.1865234359375 0.662109375
2 0.064453125 0.4189453140625 0.068359375 0.3994140640625 0.06347656406249999 0.390625 0.022460935937500003 0.384765625 0.01171875 0.4169921859375 0.0390625 0.4365234359375 0.033203125 0.4541015640625 0.048828125 0.4853515640625 0.0615234359375 0.486328125 0.083984375 0.5068359359375 0.087890625 0.5166015640625 0.078125 0.5341796859375 0.08984375 0.5400390640625 0.125 0.5126953140625 0.107421875 0.4404296859375 0.09667968593750001 0.421875 0.064453125 0.4189453140625
2 0.4833984359375 0.64453125 0.46484375 0.6845703140625 0.46484375 0.6982421859375 0.4765625 0.7021484359375 0.4833984359375 0.693359375 0.4970703140625 0.697265625 0.50390625 0.6904296859375 0.4833984359375 0.64453125
2 0.486328125 0.6259765640625 0.4931640640625 0.6328125 0.50390625 0.6181640640625 0.5078125 0.6025390640625 0.5009765640625 0.59375 0.466796875 0.5966796859375 0.470703125 0.6201171859375 0.4609375 0.6396484359375 0.46875 0.6435546859375 0.4736328140625 0.6328125 0.4755859359375 0.640625 0.4853515640625 0.640625 0.486328125 0.6259765640625
2 0.2490234359375 0 0.251953125 0.0126953140625 0.240234375 0.041992185937499996 0.255859375 0.0537109359375 0.24609375 0.06738281406249999 0.2666015640625 0.080078125 0.275390625 0.07910156406249999 0.287109375 0.06933593593750001 0.2734375 0.038085935937499996 0.27734375 0.0009765640625 0.2490234359375 0
2 0.2978515640625 0.138671875 0.294921875 0.1611328140625 0.27734375 0.1689453140625 0.279296875 0.1982421859375 0.2880859359375 0.205078125 0.3037109359375 0.1953125 0.31640625 0.2060546859375 0.33984375 0.1826171859375 0.33984375 0.1650390640625 0.3154296859375 0.14453125 0.2978515640625 0.138671875
2 0.537109375 0.7568359359375 0.537109375 0.7490234359375 0.548828125 0.7392578140625 0.546875 0.7138671859375 0.5400390640625 0.70703125 0.5048828140625 0.708984375 0.49609375 0.7216796859375 0.5 0.7509765640625 0.5224609359375 0.744140625 0.529296875 0.7529296859375 0.525390625 0.7705078140625 0.51171875 0.7802734359375 0.5078125 0.7919921859375 0.5146484359375 0.80078125 0.533203125 0.7998046859375 0.55859375 0.8466796859375 0.568359375 0.8291015640625 0.556640625 0.8154296859375 0.55078125 0.7744140640625 0.537109375 0.7568359359375
2 0.4423828140625 0.48828125 0.4228515640625 0.48828125 0.41796875 0.4912109359375 0.419921875 0.5283203140625 0.40234375 0.5439453140625 0.404296875 0.5634765640625 0.4189453140625 0.572265625 0.4345703140625 0.55859375 0.4482421859375 0.578125 0.458984375 0.5771484359375 0.4609375 0.5458984359375 0.470703125 0.5341796859375 0.46875 0.5068359359375 0.4423828140625 0.48828125
2 0.416015625 0.3759765640625 0.4091796859375 0.35546875 0.3955078140625 0.36328125 0.390625 0.3583984359375 0.390625 0.2998046859375 0.3642578140625 0.26171875 0.359375 0.2744140640625 0.345703125 0.2841796859375 0.341796875 0.3017578140625 0.3203125 0.3056640640625 0.322265625 0.3212890640625 0.337890625 0.3427734359375 0.3408203140625 0.369140625 0.3583984359375 0.33984375 0.369140625 0.3466796859375 0.3828125 0.3759765640625 0.3828125 0.4013671859375 0.390625 0.4169921859375 0.41015625 0.4248046859375 0.4140625 0.4677734359375 0.4248046859375 0.482421875 0.43359375 0.4833984359375 0.44140625 0.4580078140625 0.42578125 0.4287109359375 0.4296875 0.3818359359375 0.416015625 0.3759765640625
2 0.771484375 0.4384765640625 0.775390625 0.4306640640625 0.7607421859375 0.423828125 0.7578125 0.4326171859375 0.771484375 0.4384765640625
2 0.7734375 0.4638671859375 0.78125 0.4716796859375 0.791015625 0.4677734359375 0.791015625 0.4560546859375 0.7763671859375 0.451171875 0.7734375 0.4638671859375
2 0.732421875 0.3759765640625 0.736328125 0.3505859359375 0.7197265640625 0.345703125 0.716796875 0.3701171859375 0.732421875 0.3759765640625
2 0.79296875 0.5224609359375 0.8037109359375 0.53125 0.814453125 0.5302734359375 0.8125 0.4931640640625 0.7939453140625 0.490234375 0.7890625 0.5009765640625 0.79296875 0.5224609359375
2 0.6513671859375 0 0.6435546859375 0.013671875 0.6328125 0.0146484359375 0.6337890640625 0.033203125 0.65625 0.036132814062500004 0.6669921859375 0.033203125 0.677734375 0.016601564062499997 0.677734375 0.0068359359375 0.6689453140625 0 0.6513671859375 0
2 0.732421875 0.2216796859375 0.7275390640625 0.203125 0.7158203140625 0.216796875 0.7080078140625 0.21484375 0.693359375 0.2373046859375 0.6953125 0.2822265640625 0.703125 0.2861328140625 0.7197265640625 0.26171875 0.734375 0.2587890640625 0.7265625 0.2392578140625 0.732421875 0.2216796859375
2 0.6845703140625 0.0703125 0.677734375 0.08691406406249999 0.6640625 0.09082031406249999 0.654296875 0.11425781406249999 0.65625 0.1396484359375 0.6650390640625 0.140625 0.6728515640625 0.15625 0.6796875 0.1552734359375 0.681640625 0.1279296859375 0.70703125 0.12402343593750001 0.7021484359375 0.06640625 0.6845703140625 0.0703125