2 0.1902205078125 0.4066643015625 0.18296200625 0.4078959125 0.17604584375000001 0.4240536796875 0.1794504 0.43872311562500005 0.1931709640625 0.4182562140625 0.1902205078125 0.4066643015625
2 0.5843570890625001 0.501985540625 0.578458528125 0.49562572187500004 0.5705200593749999 0.5006530484375 0.56587203125 0.5153744312499999 0.57188470625 0.5267096375 0.5647403171875001 0.532916634375 0.5794855453125 0.540404175 0.58662993125 0.534197178125 0.5767609593749999 0.5219390171875 0.5843570890625001 0.501985540625
2 0.5062627328125 0 0.5033089093750001 0.0115312125 0.5206622546874999 0.0156845171875 0.5368791796875 0.0037320015625 0.537857696875 0 0.5062627328125 0
2 0.6196790640625001 0.8548252328125001 0.61377579375 0.81481739375 0.581684284375 0.8536485765625 0.595749540625 0.8649318328125 0.6133287578125 0.86221189375 0.6196790640625001 0.8548252328125001
2 0.22212615625 0.6607145125 0.24775560468750002 0.64111861875 0.23210218125 0.6274760296874999 0.23153162031250002 0.602599109375 0.2174687140625 0.6081398625000001 0.2176969421875 0.6180906265624999 0.20975846874999998 0.62311795625 0.1956932125 0.611834696875 0.1905910890625 0.6234785546875 0.19864602343749999 0.6402506203125 0.21248305781250001 0.6415831109375 0.21475354531250002 0.6569707390625 0.22212615625 0.6607145125
2 0.983861684375 0.8647978234375 0.958681628125 0.8538232234375001 0.9446234296875 0.8930119937500001 0.9572169890625 0.92373530625 0.9550653203125 0.946971078125 0.966522459375 0.961588571875 0.983861684375 0.8647978234375
2 0.1680861921875 0.277664928125 0.1656968828125 0.2236539015625 0.1855418828125 0.20267357343749998 0.17612700781249999 0.1934929421875 0.15616554375 0.192673875 0.143690803125 0.200573959375 0.1477800359375 0.2450957015625 0.13065491406250002 0.250893165625 0.1260068859375 0.26561455 0.1328136453125 0.27812941874999997 0.145176621875 0.2820779578125 0.1680861921875 0.277664928125
2 0.6584749875 0.90765358125 0.6464519921874999 0.9018071843750001 0.6369253593749999 0.9044751765625 0.623093034375 0.9367907015625001 0.62752225 0.9794145890625 0.6229684468750001 0.9967824984375 0.6505695796875 0.9966219187500001 0.6576926734375 0.9905939578125 0.6623407015625 0.9758725734375 0.6564397875 0.9526887437499999 0.6584749875 0.90765358125
2 0.22731885937500002 0.48580594843749997 0.22777060312500003 0.47205946875000004 0.17140016875 0.45559907187500004 0.1588113171875 0.4585237734375 0.137832253125 0.4802222875 0.135452359375 0.493507296875 0.1718613296875 0.5091486234375 0.18139031875 0.5233046390625 0.1998777296875 0.5267397515625001 0.20327757812499997 0.507761175 0.22731885937500002 0.48580594843749997
2 0.5994681890625 0.6926393187500001 0.6227200984375 0.703152440625 0.6383688140625 0.683147015625 0.6417686625 0.6641684390625 0.6338278374999999 0.6523717609374999 0.6343913421875 0.6267766499999999 0.6122734999999999 0.615545340625 0.614085184375 0.5942074234375 0.6037621125 0.578871740625 0.594580171875 0.6132898906250001 0.5962848015625 0.6374486187499999 0.5823360109375 0.6479647578125001 0.5792761484375 0.6650454734375 0.5994681890625 0.6926393187500001
2 0.2861327359375 0.9432295734375 0.30290845625 0.8720339328125 0.2973498796875 0.8637762578125001 0.26559128906249996 0.8502375546875 0.2435899171875 0.8608056328125 0.2407488671875 0.8205410875 0.21137488124999998 0.8273653953125001 0.20729270781250003 0.8333156781250001 0.22351433906249998 0.8550111843750001 0.231457515625 0.8836318703125 0.27240275468749997 0.896400440625 0.2707075375 0.939537746875 0.2861327359375 0.9432295734375
2 0.5243185718750001 0.20854480625 0.5230751 0.237935634375 0.5305618234375 0.24665478593749998 0.5580100171875 0.25619300625 0.578083240625 0.2451634484375 0.5899874140625 0.2123864421875 0.5860170015625 0.2064881046875 0.5671896046875 0.2049508484375 0.577277390625 0.159863740625 0.57806911875 0.1442194 0.5721705578125 0.13785958125 0.5557254078125 0.13986132812500002 0.5460870124999999 0.1543779421875 0.5205693250000001 0.16212521093750001 0.51682949375 0.18300164375 0.5243185718750001 0.20854480625