2 0.18359375 0.6884765640625 0.205078125 0.6904296859375 0.21484375 0.6669921859375 0.2060546859375 0.650390625 0.18359375 0.6611328140625 0.18359375 0.6884765640625
2 0.060546875 0.3740234359375 0.076171875 0.3857421859375 0.10546875 0.3564453140625 0.06347656406249999 0.333984375 0.052734375 0.3583984359375 0.060546875 0.3740234359375
2 0.11035156406249999 0.47265625 0.095703125 0.4873046859375 0.095703125 0.4951171859375 0.1259765640625 0.515625 0.12890625 0.5302734359375 0.138671875 0.5341796859375 0.142578125 0.5146484359375 0.1328125 0.4775390640625 0.12402343593750001 0.470703125 0.11035156406249999 0.47265625
2 0.0556640640625 0.25 0.04296875 0.2626953140625 0.03515625 0.2958984359375 0.0625 0.3076171859375 0.080078125 0.2939453140625 0.080078125 0.2802734359375 0.078125 0.2646484359375 0.0556640640625 0.25
2 0.024414064062499997 0.923828125 0.03125 0.9228515640625 0.037109375 0.8994140640625 0.0263671859375 0.888671875 0.015625 0.9091796859375 0.024414064062499997 0.923828125
2 0.03125 0.9638671859375 0.03125 0.9736328140625 0.04296875 0.9775390640625 0.06640625 0.9736328140625 0.06640625 0.9443359359375 0.0595703140625 0.9375 0.03125 0.9638671859375
2 0.435546875 0.6513671859375 0.43359375 0.5341796859375 0.4287109359375 0.533203125 0.427734375 0.6240234359375 0.435546875 0.6513671859375
2 0.5703125 0.8466796859375 0.591796875 0.8759765640625 0.6015625 0.8466796859375 0.5849609359375 0.828125 0.5732421859375 0.826171875 0.5703125 0.8466796859375
2 0.5439453140625 0.783203125 0.53515625 0.7900390640625 0.541015625 0.8134765640625 0.53515625 0.8369140640625 0.55078125 0.8427734359375 0.55859375 0.8369140640625 0.55859375 0.8076171859375 0.552734375 0.7861328140625 0.5439453140625 0.783203125
2 0.4609375 0.5068359359375 0.453125 0.5380859359375 0.482421875 0.5478515640625 0.490234375 0.5380859359375 0.482421875 0.4990234359375 0.4697265640625 0.49609375 0.4609375 0.5068359359375
2 0.6005859359375 0.9140625 0.58984375 0.9384765640625 0.603515625 0.9599609359375 0.609375 0.9990234359375 0.62109375 0.9990234359375 0.625 0.9755859359375 0.609375 0.9443359359375 0.6171875 0.9267578140625 0.6005859359375 0.9140625
2 0.5146484359375 0.7109375 0.4912109359375 0.70703125 0.494140625 0.7431640640625 0.5029296859375 0.75 0.5146484359375 0.748046875 0.52734375 0.7646484359375 0.5390625 0.7490234359375 0.53125 0.7041015640625 0.5224609359375 0.703125 0.5146484359375 0.7109375
2 0.513671875 0.6181640640625 0.4970703140625 0.595703125 0.4853515640625 0.59765625 0.478515625 0.6083984359375 0.478515625 0.6318359359375 0.49609375 0.6474609359375 0.486328125 0.6806640640625 0.49609375 0.6904296859375 0.509765625 0.6826171859375 0.501953125 0.6591796859375 0.513671875 0.6455078140625 0.513671875 0.6181640640625
2 0.3359375 0.1708984359375 0.353515625 0.1611328140625 0.3515625 0.12011718593750001 0.33203125 0.1259765640625 0.32421875 0.11230468593750001 0.32421875 0.0576171859375 0.2880859359375 0.04296875 0.28125 0.0517578140625 0.28125 0.07714843593750001 0.2890625 0.08691406406249999 0.28515625 0.10839843593750001 0.3017578140625 0.109375 0.30078125 0.12011718593750001 0.314453125 0.1376953140625 0.3203125 0.1962890640625 0.326171875 0.1904296859375 0.322265625 0.1767578140625 0.3291015640625 0.185546875 0.3359375 0.1708984359375
2 0.4296875 0.3759765640625 0.451171875 0.3642578140625 0.451171875 0.3486328140625 0.4365234359375 0.326171875 0.4248046859375 0.3359375 0.404296875 0.3310546859375 0.41015625 0.3662109359375 0.396484375 0.4091796859375 0.384765625 0.4208984359375 0.4052734359375 0.451171875 0.4150390640625 0.4375 0.4296875 0.4619140640625 0.447265625 0.4345703140625 0.443359375 0.4111328140625 0.4296875 0.3935546859375 0.4296875 0.3759765640625
2 0.6806640640625 0.0703125 0.671875 0.08691406406249999 0.6796875 0.11035156406249999 0.701171875 0.08691406406249999 0.701171875 0.07519531406249999 0.6923828140625 0.06640625 0.6806640640625 0.0703125
2 0.71875 0.1611328140625 0.708984375 0.2041015640625 0.708984375 0.2177734359375 0.716796875 0.2197265640625 0.732421875 0.2138671859375 0.740234375 0.1884765640625 0.7294921859375 0.15234375 0.71875 0.1611328140625
2 0.78125 0.2431640640625 0.7744140640625 0.23046875 0.7451171859375 0.23046875 0.736328125 0.2412109359375 0.7421875 0.2724609359375 0.73046875 0.2958984359375 0.7392578140625 0.3125 0.7529296859375 0.310546875 0.767578125 0.3310546859375 0.76953125 0.3056640640625 0.7578125 0.2802734359375 0.779296875 0.2587890640625 0.78125 0.2431640640625
2 0.828125 0.5556640640625 0.83984375 0.5595703140625 0.83984375 0.5322265640625 0.8251953140625 0.5078125 0.810546875 0.5205078140625 0.828125 0.5556640640625
2 0.791015625 0.4873046859375 0.802734375 0.5009765640625 0.8203125 0.4697265640625 0.7978515640625 0.443359375 0.787109375 0.4599609359375 0.791015625 0.4873046859375
2 0.89453125 0.9638671859375 0.904296875 0.9814453140625 0.916015625 0.9853515640625 0.9423828140625 0.9765625 0.943359375 0.9677734359375 0.9033203140625 0.939453125 0.89453125 0.9638671859375
2 0.861328125 0.7080078140625 0.873046875 0.7138671859375 0.8828125 0.6962890640625 0.8779296859375 0.681640625 0.861328125 0.6884765640625 0.861328125 0.7080078140625