2 0.10644531406249999 0.6875 0.09277343593750001 0.673828125 0.08496093593750001 0.673828125 0.072265625 0.6826171859375 0.072265625 0.6962890640625 0.087890625 0.7138671859375 0.087890625 0.7314453140625 0.09765625 0.7470703140625 0.11328125 0.7548828140625 0.1171875 0.7294921859375 0.138671875 0.6923828140625 0.1357421859375 0.6875 0.10644531406249999 0.6875
2 0.0556640640625 0.548828125 0.033203125 0.5400390640625 0.0234375 0.5166015640625 0.02734375 0.4912109359375 0.0009765640625 0.466796875 0 0.5048828140625 0.013671875 0.5205078140625 0.00390625 0.5712890640625 0.0126953140625 0.587890625 0.029296875 0.5888671859375 0.041992185937499996 0.57421875 0.0576171859375 0.58203125 0.0625 0.5595703140625 0.0556640640625 0.548828125
2 0.19140625 0.9091796859375 0.201171875 0.8759765640625 0.1767578140625 0.828125 0.1640625 0.8447265640625 0.169921875 0.8544921859375 0.171875 0.9150390640625 0.15234375 0.9248046859375 0.154296875 0.9521484359375 0.162109375 0.9619140640625 0.16015625 0.9853515640625 0.1728515640625 0.990234375 0.1845703140625 0.984375 0.1943359359375 1 0.240234375 0.9990234359375 0.234375 0.9716796859375 0.21875 0.9638671859375 0.216796875 0.9326171859375 0.19140625 0.9091796859375
2 0.1884765640625 0.0234375 0.203125 0.022460935937500003 0.2109375 0.0146484359375 0.2119140640625 0 0.177734375 0.0009765640625 0.1884765640625 0.0234375
2 0.44921875 0.5888671859375 0.4326171859375 0.59375 0.4296875 0.6025390640625 0.4404296859375 0.611328125 0.4541015640625 0.609375 0.4638671859375 0.625 0.47265625 0.6259765640625 0.478515625 0.6181640640625 0.474609375 0.6025390640625 0.4521484359375 0.578125 0.44921875 0.5888671859375
2 0.431640625 0.4462890640625 0.4169921859375 0.447265625 0.41015625 0.4248046859375 0.3955078140625 0.41015625 0.392578125 0.4560546859375 0.37890625 0.4638671859375 0.376953125 0.4833984359375 0.3916015640625 0.513671875 0.4267578140625 0.5234375 0.4404296859375 0.544921875 0.44921875 0.5439453140625 0.45703125 0.5341796859375 0.45703125 0.5205078140625 0.427734375 0.4794921859375 0.431640625 0.4462890640625
2 0.3310546859375 0.255859375 0.326171875 0.2509765640625 0.328125 0.2060546859375 0.3173828140625 0.201171875 0.310546875 0.2255859359375 0.287109375 0.2490234359375 0.287109375 0.2646484359375 0.2958984359375 0.26953125 0.318359375 0.2666015640625 0.326171875 0.2958984359375 0.318359375 0.3251953140625 0.33203125 0.3623046859375 0.33984375 0.3642578140625 0.3671875 0.2802734359375 0.3515625 0.2705078140625 0.3408203140625 0.25 0.3310546859375 0.255859375
2 0.490234375 0.7353515640625 0.501953125 0.7412109359375 0.5 0.6826171859375 0.4912109359375 0.673828125 0.484375 0.7138671859375 0.490234375 0.7353515640625
2 0.564453125 0.9990234359375 0.580078125 0.9990234359375 0.580078125 0.9541015640625 0.5654296859375 0.947265625 0.55859375 0.9599609359375 0.564453125 0.9990234359375
2 0.552734375 0.8818359359375 0.556640625 0.8310546859375 0.5458984359375 0.826171875 0.53515625 0.8388671859375 0.537109375 0.8623046859375 0.525390625 0.8935546859375 0.5703125 0.9287109359375 0.583984375 0.9072265640625 0.5859375 0.8837890640625 0.5751953140625 0.876953125 0.552734375 0.8818359359375
2 0.650390625 0.1279296859375 0.654296875 0.1533203140625 0.6748046859375 0.169921875 0.681640625 0.1689453140625 0.6796875 0.1337890640625 0.6650390640625 0.12109375 0.6552734359375 0.12109375 0.650390625 0.1279296859375
2 0.6337890640625 0 0.63671875 0.047851564062500004 0.658203125 0.08105468593750001 0.666015625 0.08300781406249999 0.6875 0.06347656406249999 0.693359375 0.043945314062500004 0.671875 0.038085935937499996 0.6748046859375 0 0.6337890640625 0
2 0.80078125 0.3525390640625 0.7900390640625 0.34375 0.775390625 0.3837890640625 0.7939453140625 0.40234375 0.810546875 0.4052734359375 0.822265625 0.4013671859375 0.82421875 0.3896484359375 0.8046875 0.3720703140625 0.80078125 0.3525390640625
2 0.755859375 0.2978515640625 0.755859375 0.2685546859375 0.7490234359375 0.26171875 0.7314453140625 0.267578125 0.720703125 0.2880859359375 0.734375 0.3212890640625 0.71875 0.3408203140625 0.71875 0.3662109359375 0.728515625 0.3701171859375 0.7421875 0.3603515640625 0.74609375 0.3427734359375 0.736328125 0.3251953140625 0.755859375 0.2978515640625
2 0.802734375 0.5888671859375 0.8017578140625 0.5625 0.794921875 0.5673828140625 0.794921875 0.5849609359375 0.802734375 0.5888671859375
2 0.81640625 0.6005859359375 0.828125 0.6083984359375 0.8359375 0.5986328140625 0.833984375 0.5810546859375 0.8193359359375 0.5703125 0.81640625 0.6005859359375
2 0.8720703140625 0.76171875 0.8564453140625 0.74609375 0.857421875 0.7802734359375 0.880859375 0.7978515640625 0.9013671859375 0.79296875 0.904296875 0.7763671859375 0.8974609359375 0.767578125 0.8720703140625 0.76171875
2 0.8525390640625 0.669921875 0.845703125 0.6748046859375 0.84765625 0.7001953140625 0.841796875 0.7158203140625 0.857421875 0.7353515640625 0.859375 0.7216796859375 0.8818359359375 0.708984375 0.888671875 0.6923828140625 0.8525390640625 0.669921875
2 0.9287109359375 0.904296875 0.919921875 0.9091796859375 0.91796875 0.9287109359375 0.943359375 0.9541015640625 0.94140625 0.9794921859375 0.94921875 0.9814453140625 0.962890625 0.9443359359375 0.95703125 0.9111328140625 0.9521484359375 0.904296875 0.9287109359375 0.904296875