2 0.4228515640625 0.236328125 0.396484375 0.2861328140625 0.396484375 0.3037109359375 0.4150390640625 0.3046875 0.416015625 0.3232421859375 0.4228515640625 0.328125 0.451171875 0.3271484359375 0.453125 0.3017578140625 0.427734375 0.2802734359375 0.4296875 0.2548828140625 0.4228515640625 0.236328125
2 0.3662109359375 0.041015625 0.3603515640625 0.048828125 0.3486328140625 0.046875 0.3310546859375 0.0546875 0.322265625 0.06738281406249999 0.326171875 0.08496093593750001 0.34375 0.09667968593750001 0.3505859359375 0.111328125 0.3623046859375 0.107421875 0.380859375 0.11230468593750001 0.388671875 0.10058593593750001 0.37890625 0.07714843593750001 0.37890625 0.0517578140625 0.3662109359375 0.041015625
2 0.060546875 0.4931640640625 0.0703125 0.4951171859375 0.09765625 0.4716796859375 0.08105468593750001 0.447265625 0.060546875 0.4814453140625 0.060546875 0.4931640640625
2 0 0.3212890640625 0.021484375 0.3544921859375 0.017578125 0.3740234359375 0.032226564062500004 0.388671875 0.046875 0.3876953140625 0.052734375 0.3720703140625 0.033203125 0.3525390640625 0.033203125 0.3349609359375 0.044921875 0.3232421859375 0.048828125 0.2998046859375 0.040039064062500004 0.287109375 0.0302734359375 0.287109375 0.0126953140625 0.30078125 0 0.3017578140625 0 0.3212890640625
2 0.1259765640625 0.57421875 0.119140625 0.6318359359375 0.14453125 0.6396484359375 0.158203125 0.6376953140625 0.16015625 0.6005859359375 0.1455078140625 0.59765625 0.1259765640625 0.57421875
2 0.1767578140625 0.67578125 0.1533203140625 0.677734375 0.150390625 0.6884765640625 0.158203125 0.7021484359375 0.154296875 0.7177734359375 0.1796875 0.7529296859375 0.20703125 0.7451171859375 0.205078125 0.6845703140625 0.1845703140625 0.685546875 0.1767578140625 0.67578125
2 0.22265625 0.8642578140625 0.224609375 0.8935546859375 0.2109375 0.9072265640625 0.2109375 0.9150390640625 0.228515625 0.9228515640625 0.267578125 0.8837890640625 0.2412109359375 0.87890625 0.2275390640625 0.861328125 0.22265625 0.8642578140625
2 0.666015625 0.9189453140625 0.6591796859375 0.908203125 0.6455078140625 0.92578125 0.6298828140625 0.923828125 0.625 0.9306640640625 0.63671875 0.9541015640625 0.6328125 0.9716796859375 0.65234375 0.9912109359375 0.68359375 0.9677734359375 0.6806640640625 0.958984375 0.6640625 0.9560546859375 0.666015625 0.9189453140625
2 0.544921875 0.6845703140625 0.5576171859375 0.712890625 0.5673828140625 0.7109375 0.5771484359375 0.728515625 0.59765625 0.7294921859375 0.59765625 0.7060546859375 0.5771484359375 0.6953125 0.5673828140625 0.67578125 0.544921875 0.6845703140625
2 0.49609375 0.6083984359375 0.50390625 0.6103515640625 0.515625 0.5888671859375 0.5068359359375 0.5390625 0.494140625 0.5830078140625 0.49609375 0.6083984359375
2 0.76171875 0.08300781406249999 0.763671875 0.11035156406249999 0.791015625 0.1298828140625 0.794921875 0.11035156406249999 0.787109375 0.08300781406249999 0.7666015640625 0.078125 0.76171875 0.08300781406249999
2 0.849609375 0.2568359359375 0.84765625 0.2470703140625 0.8359375 0.2392578140625 0.8291015640625 0.185546875 0.81640625 0.1923828140625 0.8125 0.2294921859375 0.794921875 0.2646484359375 0.7958984359375 0.2734375 0.80859375 0.2763671859375 0.8212890640625 0.265625 0.8310546859375 0.267578125 0.8369140640625 0.255859375 0.849609375 0.2568359359375
2 0.908203125 0.6220703140625 0.9150390640625 0.62890625 0.94140625 0.6337890640625 0.95703125 0.6181640640625 0.9443359359375 0.6015625 0.908203125 0.6083984359375 0.908203125 0.6220703140625
2 0.9599609359375 0.720703125 0.9501953140625 0.716796875 0.943359375 0.7216796859375 0.951171875 0.7451171859375 0.9375 0.7646484359375 0.951171875 0.7685546859375 0.9765625 0.7431640640625 0.978515625 0.7099609359375 0.9736328140625 0.703125 0.9599609359375 0.720703125
2 0.95703125 0.8349609359375 0.95703125 0.8505859359375 0.9716796859375 0.869140625 0.978515625 0.8681640640625 0.98828125 0.8505859359375 0.9765625 0.8291015640625 0.9658203140625 0.826171875 0.95703125 0.8349609359375