2 0.0263671859375 0.55859375 0.0029296859375 0.564453125 0 0.5986328140625 0.02734375 0.6044921859375 0.03125 0.5986328140625 0.025390625 0.5830078140625 0.03515625 0.5654296859375 0.0263671859375 0.55859375
2 0.080078125 0.7861328140625 0.083984375 0.8212890640625 0.099609375 0.8251953140625 0.119140625 0.7978515640625 0.12011718593750001 0.7734375 0.10058593593750001 0.7734375 0.080078125 0.7861328140625
2 0.05859375 0.6416015640625 0.056640625 0.6865234359375 0.044921875 0.7060546859375 0.044921875 0.7177734359375 0.05859375 0.7197265640625 0.087890625 0.7099609359375 0.083984375 0.6708984359375 0.06933593593750001 0.63671875 0.05859375 0.6416015640625
2 0.15625 0.8447265640625 0.1435546859375 0.833984375 0.126953125 0.8486328140625 0.109375 0.8896484359375 0.126953125 0.9072265640625 0.115234375 0.9228515640625 0.125 0.9384765640625 0.119140625 0.9638671859375 0.134765625 0.9716796859375 0.1484375 0.9599609359375 0.16015625 0.9130859359375 0.1484375 0.8759765640625 0.15625 0.8447265640625
2 0.5146484359375 0.82421875 0.4912109359375 0.82421875 0.486328125 0.8310546859375 0.48046875 0.8681640640625 0.4921875 0.8701171859375 0.498046875 0.8564453140625 0.515625 0.8466796859375 0.51953125 0.8310546859375 0.5146484359375 0.82421875
2 0.5234375 0.9482421859375 0.53125 0.9599609359375 0.52734375 0.9833984359375 0.537109375 0.9833984359375 0.55078125 0.9775390640625 0.560546875 0.9423828140625 0.5322265640625 0.921875 0.5234375 0.9482421859375
2 0.361328125 0.4287109359375 0.3544921859375 0.412109375 0.3310546859375 0.400390625 0.322265625 0.4052734359375 0.322265625 0.4267578140625 0.302734375 0.4541015640625 0.3076171859375 0.46484375 0.31640625 0.4658203140625 0.3291015640625 0.45703125 0.3427734359375 0.458984375 0.345703125 0.4423828140625 0.361328125 0.4287109359375
2 0.310546875 0.2158203140625 0.2978515640625 0.2109375 0.2841796859375 0.216796875 0.271484375 0.2333984359375 0.2763671859375 0.248046875 0.298828125 0.2568359359375 0.29296875 0.2763671859375 0.2763671859375 0.279296875 0.2734375 0.2900390640625 0.2939453140625 0.3125 0.310546875 0.3134765640625 0.3203125 0.2880859359375 0.30078125 0.2568359359375 0.30859375 0.2490234359375 0.310546875 0.2158203140625
2 0.4462890640625 0.603515625 0.4375 0.6083984359375 0.43359375 0.6591796859375 0.4267578140625 0.666015625 0.4130859359375 0.666015625 0.41015625 0.6748046859375 0.4267578140625 0.712890625 0.453125 0.7158203140625 0.4609375 0.7001953140625 0.453125 0.6884765640625 0.455078125 0.6162109359375 0.4462890640625 0.603515625
2 0.59765625 0.0595703140625 0.60546875 0.06347656406249999 0.62109375 0.045898435937499996 0.62109375 0.034179685937499996 0.5986328140625 0.0234375 0.59765625 0.0595703140625
2 0.6728515640625 0.21875 0.69140625 0.2197265640625 0.70703125 0.2080078140625 0.6923828140625 0.18359375 0.66796875 0.2041015640625 0.6728515640625 0.21875
2 0.751953125 0.3330078140625 0.7431640640625 0.330078125 0.728515625 0.3564453140625 0.736328125 0.3759765640625 0.75 0.3798828140625 0.759765625 0.3740234359375 0.76171875 0.3642578140625 0.75 0.3505859359375 0.751953125 0.3330078140625
2 0.8408203140625 0.53125 0.8076171859375 0.521484375 0.796875 0.5283203140625 0.794921875 0.5439453140625 0.787109375 0.5458984359375 0.818359375 0.5634765640625 0.8193359359375 0.55859375 0.8408203140625 0.5546875 0.84765625 0.5400390640625 0.8408203140625 0.53125
2 0.8583984359375 0.681640625 0.8388671859375 0.671875 0.8359375 0.6982421859375 0.84375 0.7294921859375 0.8642578140625 0.751953125 0.875 0.7509765640625 0.89453125 0.7216796859375 0.890625 0.6865234359375 0.8759765640625 0.67578125 0.8583984359375 0.681640625