0 0.48188692343749995 0.3151676734375 0.47573781249999997 0.30257604531250004 0.4622543515625 0.305425528125 0.432419321875 0.3176839640625 0.4149829828125 0.3382366203125 0.4247992671875 0.34310769375 0.44406134843749995 0.33903700312499996 0.46270962187500003 0.34303381875 0.46143961093749997 0.34727110781250004 0.43062027968749994 0.3537842140625 0.413326796875 0.3693455625 0.3699659203125 0.3725557546875 0.3685530578125 0.381784353125 0.3830632 0.39657792187499996 0.3750726578125 0.40818881874999996 0.38474608906249996 0.4180512 0.376141734375 0.43772959843750003 0.4264083921875 0.4340522203125 0.4415323421875 0.44077828593749996 0.49325425 0.43977003750000004 0.5041976921875 0.4453951296875 0.5305084078125 0.4358659421875 0.5380703812500001 0.4392289734375 0.5412085203125 0.4633713796875 0.5665349375 0.448096865625 0.587109415625 0.4516866125 0.599010453125 0.41047481562500004 0.60972625625 0.397295765625 0.634766965625 0.392003865625 0.6489490109375 0.40488232812499997 0.6589081484375 0.40476209374999994 0.6761592453125 0.377303015625 0.70552331875 0.3681207796875 0.67138060625 0.3435850609375 0.6674434109375 0.3206037453125 0.66180764375 0.31683364531249997 0.629062103125 0.323753821875 0.6172772234374999 0.30739208906250004 0.6566004375000001 0.29808961875 0.6781592140625 0.3074246953125 0.6814135109375 0.27399357343749997 0.6916583609375 0.2638907203125 0.692086925 0.2489167953125 0.6628657078125 0.253107721875 0.6413069296875 0.24377264531249998 0.6088894890625001 0.25260793125 0.6015551484375 0.26804904375 0.5694234203125 0.2669017109375 0.562147153125 0.2535560640625 0.54011741875 0.24729718437499998 0.531513065625 0.2669755859375 0.504731396875 0.2795809703125 0.5169872343749999 0.2928665015625 0.49729658906249996 0.3119111203125 0.48188692343749995 0.3151676734375
0 0.055719301562500004 0.5421573453125 0.0727270796875 0.5365786140625 0.097354903125 0.5055761515625 0.1394033828125 0.494705521875 0.137762884375 0.485129971875 0.108028321875 0.48049937343750004 0.122596540625 0.46650618125000004 0.1463672375 0.4654515703125 0.152103471875 0.4523326359375 0.1710374546875 0.44634683593749996 0.171979365625 0.4401944359375 0.1541301484375 0.4350365328125 0.1545587125 0.42006260624999997 0.1160345515625 0.42820398906249996 0.11232499062500001 0.4240268203125 0.122897940625 0.41583907187499997 0.11886028281250001 0.40974679375 0.0938195734375 0.41503869375 0.0725888953125 0.40761872656250003 0.0649264546875 0.421144728125 0.0331652140625 0.43381023281250003 0.0126012234375 0.4330759515625 0.015089125 0.5185796 0.0207775359375 0.51878271875 0.024201387499999998 0.5329425046875 0.0415372578125 0.5292788828125 0.055719301562500004 0.5421573453125
0 0.20374527968749997 0.2935777390625 0.19768094375 0.30478156093750003 0.2131753859375 0.3253204625 0.21063536875 0.3337950390625 0.23299319999999998 0.3419690265625 0.27856599531250004 0.3283691484375 0.28918133749999997 0.33207913125 0.32127067187499997 0.32132873906250004 0.3376646359375 0.32381751406250003 0.335182696875 0.303505325 0.34124703125 0.29230150625 0.32128636093749996 0.28064425000000004 0.3342564765625 0.2689732359375 0.3618795890625 0.26710448750000004 0.36441960624999997 0.2586299109375 0.35634428281249997 0.24644535156249997 0.3200320390625 0.24419704687500002 0.29277941875 0.25987863125 0.23560698281249998 0.2640231984375 0.19933713125000002 0.2736726203125 0.1953999375 0.2506913046875 0.18576889375 0.2527266515625 0.1672054046875 0.2725252890625 0.1323908015625 0.28484384218750003 0.13835467031249998 0.2905290515625 0.19970761718750002 0.2874854578125 0.20374527968749997 0.2935777390625
0 0.07356217968749999 0.3200973484375 0.048193379687499996 0.3234741375 0.014034975 0.33962290781250004 0.04217143125 0.34657568906249997 0.0504900765625 0.3368799046875 0.0732764734375 0.330079965625 0.07356217968749999 0.3200973484375
0 0.0077185249999999995 0.265268515625 0.008910037499999999 0.3062181390625 0.0188873765625 0.3038696109375 0.0154635296875 0.289709825 0.027121245312499997 0.2703783734375 0.0077185249999999995 0.265268515625
2 0.470122403125 0.12417025625 0.4947345453125 0.13385228437500002 0.5009841234375 0.129554878125 0.49854457031250005 0.12114042031250001 0.49337975468749995 0.1142941203125 0.470122403125 0.12417025625
2 0.5231583734374999 0.491991546875 0.52438599375 0.4758565328125 0.506864875 0.472613734375 0.4991600421875 0.47424201093749996 0.48270800312500006 0.5005399984375 0.4975038578125 0.5053509546875 0.49740339218749996 0.5222399875 0.5105587484375 0.5174753953125 0.5166230828125 0.5062715703125 0.5265822250000001 0.5061513328125 0.5310484484375 0.4972696890625 0.5231583734374999 0.491991546875
2 0.9509397859375 0.22199520781249998 0.943277346875 0.2355212109375 0.9002445703124999 0.2406465109375 0.8965773953125 0.2483670671875 0.9166809203125 0.2550330140625 0.940123515625 0.2520632953125 0.979589590625 0.23776951406250002 0.9858391671875 0.2334721046875 0.9837277140625 0.226972759375 0.9702442609374999 0.22982224218749997 0.9509397859375 0.22199520781249998
2 0.7640255015624999 0.6921212625 0.753082065625 0.68649616875 0.7376724 0.6897527218749999 0.7414243484374999 0.7058276171875 0.740845503125 0.7157810125 0.757019259375 0.709477484375 0.7640255015624999 0.6921212625
2 0.20130738906249998 0.6463323765625 0.17396999062500001 0.6382185078125 0.14911452812499998 0.6504168265625 0.1798333890625 0.6607927546875 0.19016301875 0.6744853546875 0.202191221875 0.668966740625 0.20130738906249998 0.6463323765625
2 0.327835028125 0.9791102046875 0.366121946875 0.976432921875 0.3540933046875 0.96727550625 0.3361012296875 0.967108909375 0.3300368953125 0.978312734375 0.327835028125 0.9791102046875
2 0.2606493515625 0.619900396875 0.23622245625 0.6171247890625 0.2239085421875 0.6326260171875 0.26003554375000004 0.6279679046875 0.2606493515625 0.619900396875
2 0.2051598046875 0.6455182390624999 0.1758961953125 0.6378114390625 0.14911452812499998 0.6504168265625 0.177907184375 0.6611998234375001 0.1920892296875 0.674078284375 0.202191221875 0.668966740625 0.2051598046875 0.6455182390624999
2 0.0799405921875 0.712662221875 0.0932811921875 0.714804046875 0.0992026734375 0.70859153125 0.0967631234375 0.700177071875 0.081025359375 0.7015185125000001 0.0799405921875 0.712662221875