2 0.068359375 0.2998046859375 0.076171875 0.3291015640625 0.060546875 0.3486328140625 0.07128906406249999 0.3671875 0.103515625 0.3720703140625 0.091796875 0.3212890640625 0.111328125 0.2900390640625 0.08886718593750001 0.28125 0.068359375 0.2998046859375
2 0.001953125 0.08496093593750001 0.009765625 0.08105468593750001 0.015625 0.0615234359375 0.0009765640625 0.04296875 0.001953125 0.08496093593750001
2 0.1728515640625 0.55078125 0.1650390640625 0.54296875 0.1572265640625 0.55078125 0.1376953140625 0.54296875 0.107421875 0.5751953140625 0.12011718593750001 0.59375 0.1357421859375 0.59765625 0.1435546859375 0.58984375 0.1591796859375 0.607421875 0.1796875 0.6083984359375 0.177734375 0.5849609359375 0.197265625 0.5576171859375 0.1923828140625 0.54296875 0.1728515640625 0.55078125
2 0.2265625 0.6982421859375 0.2216796859375 0.66796875 0.2060546859375 0.67578125 0.1884765640625 0.666015625 0.18359375 0.6708984359375 0.185546875 0.7021484359375 0.208984375 0.7197265640625 0.2109375 0.7373046859375 0.220703125 0.7373046859375 0.224609375 0.7236328140625 0.2373046859375 0.71875 0.244140625 0.7041015640625 0.2265625 0.6982421859375
2 0.2900390640625 0.923828125 0.2763671859375 0.927734375 0.2705078140625 0.8828125 0.2529296859375 0.900390625 0.2412109359375 0.900390625 0.2421875 0.9111328140625 0.2578125 0.9248046859375 0.2763671859375 0.95703125 0.3037109359375 0.947265625 0.31640625 0.9560546859375 0.3203125 0.9990234359375 0.337890625 0.9990234359375 0.333984375 0.9501953140625 0.33984375 0.9248046859375 0.3017578140625 0.904296875 0.2900390640625 0.923828125
2 0.693359375 0.9248046859375 0.69140625 0.8759765640625 0.6845703140625 0.87109375 0.671875 0.8798828140625 0.662109375 0.9052734359375 0.673828125 0.9501953140625 0.669921875 0.9794921859375 0.68359375 0.9833984359375 0.69140625 0.9658203140625 0.70703125 0.9560546859375 0.705078125 0.9384765640625 0.693359375 0.9248046859375
2 0.6103515640625 0.84765625 0.626953125 0.8466796859375 0.64453125 0.8349609359375 0.6318359359375 0.794921875 0.60546875 0.8388671859375 0.6103515640625 0.84765625
2 0.59375 0.6142578140625 0.5791015640625 0.638671875 0.564453125 0.6416015640625 0.5751953140625 0.666015625 0.6005859359375 0.671875 0.615234375 0.6826171859375 0.626953125 0.6552734359375 0.623046875 0.6103515640625 0.6162109359375 0.59765625 0.59375 0.6142578140625
2 0.6103515640625 0.599609375 0.59765625 0.6103515640625 0.59375 0.5732421859375 0.5771484359375 0.560546875 0.578125 0.6025390640625 0.58984375 0.6201171859375 0.5791015640625 0.63671875 0.564453125 0.6416015640625 0.56640625 0.6552734359375 0.5927734359375 0.67578125 0.6171875 0.6806640640625 0.626953125 0.6552734359375 0.623046875 0.6083984359375 0.6181640640625 0.599609375 0.6103515640625 0.599609375
2 0.5439453140625 0.486328125 0.529296875 0.5048828140625 0.529296875 0.5380859359375 0.53515625 0.5380859359375 0.55859375 0.5283203140625 0.544921875 0.5107421859375 0.548828125 0.4912109359375 0.5439453140625 0.486328125
2 0.478515625 0.1376953140625 0.4619140640625 0.130859375 0.455078125 0.1435546859375 0.455078125 0.1669921859375 0.4306640640625 0.1640625 0.42578125 0.1845703140625 0.4453125 0.2099609359375 0.447265625 0.2314453140625 0.4765625 0.2509765640625 0.49609375 0.2353515640625 0.50390625 0.2021484359375 0.4765625 0.1962890640625 0.478515625 0.1376953140625
2 0.435546875 0.1494140640625 0.439453125 0.1318359359375 0.4287109359375 0.12109375 0.416015625 0.1357421859375 0.435546875 0.1494140640625
2 0.3916015640625 0 0.3828125 0.0126953140625 0.3896484359375 0.025390625 0.404296875 0.024414064062499997 0.4169921859375 0 0.3916015640625 0
2 0.87109375 0.4267578140625 0.87109375 0.4169921859375 0.890625 0.3876953140625 0.892578125 0.3701171859375 0.8876953140625 0.36328125 0.8701171859375 0.3671875 0.8525390640625 0.3359375 0.845703125 0.3623046859375 0.859375 0.3876953140625 0.85546875 0.4306640640625 0.87109375 0.4541015640625 0.87109375 0.4736328140625 0.880859375 0.4775390640625 0.904296875 0.4638671859375 0.90234375 0.4462890640625 0.8759765640625 0.44140625 0.87109375 0.4267578140625
2 0.958984375 0.7880859359375 0.97265625 0.7978515640625 0.982421875 0.8349609359375 0.99609375 0.8388671859375 1 0.7587890640625 0.9736328140625 0.74609375 0.958984375 0.7724609359375 0.958984375 0.7880859359375
2 0.892578125 0.5361328140625 0.8955078140625 0.498046875 0.8828125 0.5126953140625 0.884765625 0.5341796859375 0.892578125 0.5361328140625