2 0.236328125 0.3212890640625 0.2421875 0.3076171859375 0.2314453140625 0.296875 0.220703125 0.3154296859375 0.236328125 0.3212890640625
2 0.166015625 0.1435546859375 0.15625 0.1689453140625 0.15625 0.1865234359375 0.169921875 0.1884765640625 0.177734375 0.1806640640625 0.185546875 0.1513671859375 0.1787109359375 0.130859375 0.166015625 0.1435546859375
2 0.12109375 0.0615234359375 0.126953125 0.0283203140625 0.10644531406249999 0.005859375 0.09765625 0.045898435937499996 0.12109375 0.06933593593750001 0.10546875 0.08105468593750001 0.109375 0.1416015640625 0.12207031406249999 0.15625 0.1328125 0.1552734359375 0.150390625 0.12402343593750001 0.14453125 0.07324218593750001 0.1376953140625 0.05859375 0.12109375 0.0615234359375
2 0.3828125 0.8251953140625 0.384765625 0.8388671859375 0.369140625 0.8544921859375 0.3740234359375 0.86328125 0.38671875 0.8642578140625 0.396484375 0.8583984359375 0.40625 0.8349609359375 0.3935546859375 0.822265625 0.3828125 0.8251953140625
2 0.36328125 0.7529296859375 0.37890625 0.7783203140625 0.388671875 0.7822265640625 0.400390625 0.7412109359375 0.3955078140625 0.734375 0.3720703140625 0.732421875 0.36328125 0.7529296859375
2 0.3037109359375 0.5859375 0.2841796859375 0.576171875 0.28125 0.5908203140625 0.287109375 0.6044921859375 0.3173828140625 0.625 0.330078125 0.6259765640625 0.33984375 0.6162109359375 0.33984375 0.6044921859375 0.3154296859375 0.580078125 0.3037109359375 0.5859375
2 0.45703125 0.9931640640625 0.4619140640625 1 0.48046875 0.9990234359375 0.45703125 0.9462890640625 0.4384765640625 0.93359375 0.435546875 0.9541015640625 0.45703125 0.9931640640625
2 0.091796875 0.9599609359375 0.078125 0.9775390640625 0.08105468593750001 0.986328125 0.09375 0.9853515640625 0.1171875 0.9521484359375 0.10449218593750001 0.923828125 0.09375 0.9306640640625 0.091796875 0.9599609359375
2 0.013671875 0.7802734359375 0.013671875 0.7958984359375 0.015625 0.8076171859375 0.0263671859375 0.818359375 0.03515625 0.8173828140625 0.041015625 0.7861328140625 0.0390625 0.7685546859375 0.0302734359375 0.759765625 0.013671875 0.7802734359375
2 0.548828125 0.1494140640625 0.564453125 0.1533203140625 0.568359375 0.1259765640625 0.5576171859375 0.12109375 0.548828125 0.1318359359375 0.548828125 0.1494140640625
2 0.5302734359375 0 0.5244140640625 0.01171875 0.5126953140625 0 0.494140625 0.0009765640625 0.49609375 0.032226564062500004 0.5078125 0.045898435937499996 0.5 0.07714843593750001 0.509765625 0.07714843593750001 0.5166015640625 0.068359375 0.53125 0.06542968593750001 0.533203125 0.047851564062500004 0.552734375 0.016601564062499997 0.5517578140625 0 0.5302734359375 0
2 0.724609375 0.6181640640625 0.716796875 0.5986328140625 0.7041015640625 0.595703125 0.689453125 0.6103515640625 0.6953125 0.6513671859375 0.7177734359375 0.67578125 0.73046875 0.6767578140625 0.736328125 0.6748046859375 0.736328125 0.6591796859375 0.71484375 0.6455078140625 0.724609375 0.6181640640625
2 0.7734375 0.7646484359375 0.7587890640625 0.763671875 0.7490234359375 0.748046875 0.7421875 0.7568359359375 0.74609375 0.7880859359375 0.7548828140625 0.794921875 0.767578125 0.7939453140625 0.771484375 0.8388671859375 0.78125 0.8447265640625 0.79296875 0.8212890640625 0.794921875 0.7841796859375 0.7841796859375 0.791015625 0.7734375 0.7646484359375
2 0.810546875 0.9189453140625 0.810546875 0.9404296859375 0.796875 0.9541015640625 0.8017578140625 0.962890625 0.814453125 0.9658203140625 0.814453125 0.9990234359375 0.82421875 0.9990234359375 0.837890625 0.9833984359375 0.845703125 0.9521484359375 0.8173828140625 0.91015625 0.810546875 0.9189453140625
2 1 0.2802734359375 0.9873046859375 0.279296875 0.97265625 0.3056640640625 1 0.3310546859375 1 0.2802734359375
2 0.94921875 0.2451171859375 0.958984375 0.2470703140625 0.970703125 0.2353515640625 0.9619140640625 0.21875 0.947265625 0.2255859359375 0.94921875 0.2451171859375
2 0.611328125 0.2314453140625 0.625 0.2392578140625 0.62890625 0.2158203140625 0.62109375 0.1923828140625 0.6142578140625 0.19140625 0.611328125 0.2314453140625