2 0.6371962828125 0.6537986859375 0.629945528125 0.65490255 0.6208897265625 0.7109132515625001 0.6371962828125 0.6537986859375
2 0.5094137578125 0.7594029828125 0.5008021640625 0.75125848125 0.4860750203125 0.7603295625000001 0.503523840625 0.769755215625 0.5094137578125 0.7594029828125
2 0.9949887859375 0.6923073875 0.9676862203125 0.7040809343750001 0.9774306718749999 0.7115276609375 0.994763153125 0.6991707453125 0.9949887859375 0.6923073875
2 0.9420347437500001 0.3702131015625 0.9269656265625 0.3643649703125 0.920282478125 0.3735246953125 0.935465584375 0.3843458984375 0.9420347437500001 0.3702131015625
2 0.3259907828125 0.7765587328125 0.3315434265625 0.7849062796874999 0.346952165625 0.788864128125 0.35929960625 0.7762155234375 0.333013559375 0.7655087218750001 0.3259907828125 0.7765587328125
2 0.46461065156250003 0.3919419171875 0.456338675 0.38190712968749996 0.44285603125 0.3784440140625 0.424276703125 0.3865256359375 0.4317554421875 0.3953679140625 0.46257291875 0.40328361093750004 0.46461065156250003 0.3919419171875
2 0.5801092171875 0.7528426734375 0.6006193421875 0.77887478125 0.6083237109375 0.7808537046875 0.6246349734375001 0.7573581375 0.6067325375 0.7448496953125 0.5801092171875 0.7528426734375
2 0.5085711500000001 0.40521101406250004 0.5346292187499999 0.405971671875 0.548223503125 0.3975983640625 0.5438037125 0.38855303750000003 0.51683841875 0.38162680312499997 0.49474653125 0.3868286796875 0.4992803125 0.40084707656249996 0.5085711500000001 0.40521101406250004
2 0.08297999375000001 0.8337793828125 0.0977071328125 0.8247082984375 0.10484154999999999 0.8018218625 0.08365453125 0.7963798203125 0.069606634375 0.8016703406250001 0.063037471875 0.8158031390625 0.071083815625 0.8327012765624999 0.08297999375000001 0.8337793828125
2 0.40416733281250006 0.7956502000000001 0.4331703578125 0.791234740625 0.43679455625 0.7822780578125 0.42852258593750003 0.7722432734375 0.39770510937500003 0.764327575 0.386262546875 0.766332259375 0.3819590984375 0.7790695078125001 0.40416733281250006 0.7956502000000001
2 0.5580220312499999 0.7916635484375 0.576829340625 0.793528071875 0.581018796875 0.7758177515625 0.5710463609375 0.758424878125 0.57353770625 0.750165975 0.5477052718750001 0.742541965625 0.5414757328124999 0.7547844765625 0.5580220312499999 0.7916635484375
2 0.1023549046875 0.8436997640625 0.1246747796875 0.84844403125 0.1403114953125 0.8623480234375 0.1540197734375 0.8589477890625 0.1587768328125 0.8492933296875 0.1518633515625 0.831697415625 0.12557730312499998 0.8209906140625 0.113795115625 0.8248855828125 0.1023549046875 0.8436997640625
2 0.19944099843750002 0.785581334375 0.203409525 0.8083533703124999 0.21893225625 0.8172842906250001 0.2469140625 0.8017301765625 0.24940540625000002 0.7934712734375 0.2414730578125 0.7815462046875 0.23184259218749997 0.77907255 0.2077106203125 0.778806621875 0.19944099843750002 0.785581334375
2 0.83825844375 0.38706276093750003 0.85038260625 0.3980870109375 0.8611435734375 0.3830533921875 0.8515084093749999 0.34696073906249997 0.8182019359374999 0.3641134453125 0.7990550062499999 0.3641392078125 0.807780590625 0.37725678125 0.83825844375 0.38706276093750003
2 0.2555832234375 0.411419796875 0.2432310828125 0.3904494046875 0.21173436250000002 0.386314271875 0.1931550328125 0.394395896875 0.21944343125 0.4219121921875 0.25094015000000003 0.42604732500000003 0.2555832234375 0.411419796875
2 0.5848169046875 0.3901887546875 0.5932028671875 0.4051966125 0.60861160625 0.4091544609375 0.6217522796875 0.397698365625 0.6226571562500001 0.38705444375 0.6116635046875001 0.358522921875 0.59953934375 0.347498675 0.5861706890625 0.3490086296875 0.5848169046875 0.3901887546875
2 0.6800932484375 0.3533581671875 0.6760177828125 0.3760415578125 0.6859902203125 0.393434428125 0.7239444578125 0.3952731875 0.7270010578125 0.37826064531250003 0.7191826984375 0.37130865 0.7128344640625001 0.3449590953125 0.6990122000000001 0.34338626250000004 0.6800932484375 0.3533581671875
2 0.7056424859375 0.7663004156250001 0.7377068140625 0.7784914109375001 0.7455228203125001 0.7686339078125 0.73758811875 0.7398993421875 0.7265968203125001 0.72817731875 0.6813918203125 0.7274424203125001 0.6800333328125 0.7350035515625 0.7056424859375 0.7663004156250001
2 0.9154560953124999 0.6975865484375 0.874445259375 0.7127603296875 0.8406828203125001 0.7100207468749999 0.8175720656250001 0.720893475 0.8162135781250001 0.7284546046875 0.8278841218749999 0.7363960625 0.8728634921875 0.7439943125 0.8958602578124999 0.7281485171875001 0.9171589109375 0.72175413125 0.942198109375 0.7281856359375001 0.9500141203125001 0.718328134375 0.9154560953124999 0.6975865484375
2 0.37364010312499996 0.432844759375 0.383268215625 0.41850891562500003 0.3694412453125 0.3833170828125 0.34632813906250004 0.377380309375 0.328765325 0.36298158593749996 0.3112048625 0.3653923625 0.3100743578125 0.3828996328125 0.304410071875 0.38638851406249997 0.2951192296875 0.38202457500000003 0.2749534328125 0.387721184375 0.2901365421875 0.3985423875 0.34791930937500004 0.4133843203125 0.36027145156249996 0.43435471249999996 0.37364010312499996 0.432844759375
2 0.09459175625 0.421483384375 0.12359477968749999 0.417067925 0.14897360625 0.421609146875 0.1588296953125 0.41721945 0.1616606625 0.407070259375 0.112601128125 0.388536403125 0.1005933171875 0.3992947265625 0.083032853125 0.4017055015625 0.0775965515625 0.41514052343749996 0.0362413875 0.3985855921875 0.0265016359375 0.42475785781250003 0.046555793750000005 0.430897678125 0.05505575 0.45087860781250005 0.07431667343750001 0.45582591875 0.0867781 0.44815038281249997 0.08666175781249999 0.42636781562500004 0.09459175625 0.421483384375