2 0.8173329062500001 1 0.823345971875 0.9955828468749999 0.815665384375 0.986371475 0.7943654390625 0.9798297375 0.7845539406250001 0.9905213375 0.8058670203125 1 0.8173329062500001 1
2 0.4994153640625 0.6043760765624999 0.495082046875 0.593255953125 0.5021365796875 0.5807386953125 0.478900271875 0.573602253125 0.469383925 0.5824266515625001 0.47571845625 0.587308915625 0.46872877187500006 0.5929936140625001 0.47670450937500003 0.6003377875 0.4994153640625 0.6043760765624999
2 0.29020126562500004 0.6370348765625 0.29453458593750004 0.6481549984375 0.3097303078125 0.654779828125 0.35439626875 0.654792890625 0.3630920109375 0.644737540625 0.337098740625 0.635775440625 0.29020126562500004 0.6370348765625
2 0.5749583875 0.2741851859375 0.5737129296875 0.2884865515625 0.582444415625 0.3038942359375 0.6256994703125 0.3064107515625 0.6239576703124999 0.2853183703125 0.5828335296875 0.26289888281249996 0.5749583875 0.2741851859375
2 0.4692608609375 0.6538503999999999 0.4638117859375 0.6433665265624999 0.42537975625 0.6296052546875 0.40536101249999995 0.634225184375 0.4027694984375 0.6441974421875 0.4373645546875 0.6822323406249999 0.452855425 0.6869899703125 0.464833584375 0.681858428125 0.4692608609375 0.6538503999999999
2 0.40676783125 0.3106330015625 0.43341626250000004 0.3090281375 0.468270725 0.31973280000000004 0.47696646718749997 0.309677446875 0.45661682499999995 0.29070154531250003 0.43279021406249996 0.28729950625 0.412505421875 0.26149104375 0.39635939375 0.2673003796875 0.386187890625 0.28669174062499997 0.39127696093750003 0.30587537343750004 0.40676783125 0.3106330015625
2 0.2444088234375 0.25881070625 0.2578984875 0.2698061890625 0.2645639140625 0.29828428906250004 0.2775929734375 0.29934905624999997 0.289700834375 0.2805523984375 0.3182207703125 0.2863747984375 0.31828561875 0.2795422359375 0.297935978125 0.260566334375 0.2985553875 0.22453633593750003 0.2804730015625 0.2297509671875 0.2689554453125 0.2448132234375 0.253694871875 0.24502095000000002 0.2444088234375 0.25881070625
2 0.7356761921875 0.323545578125 0.770530653125 0.3342502390625 0.7802773000000001 0.3303912 0.775418528125 0.316172921875 0.7043278046875 0.2649714546875 0.69464600625 0.2619979359375 0.67174059375 0.2784573265625 0.682178140625 0.2894943546875 0.7206101703125001 0.303255628125 0.7356761921875 0.323545578125
2 0.7096221546875 0.6425047671875 0.7376166359375 0.6452290109375001 0.76935413125 0.662807778125 0.7920649875 0.6668460671875 0.7831032 0.6464730234375 0.7915686421875 0.63145231875 0.7612420515625 0.611370096875 0.7496238984375 0.6078018765625 0.7320669625 0.6161146625 0.6930446296875 0.6060877953125 0.6909785671875001 0.619158209375 0.7096221546875 0.6425047671875
2 0.8380305359375001 0.2668778421875 0.8476117343749999 0.2512208828125 0.86516866875 0.24290810000000002 0.8652983734375 0.229242978125 0.8459996359374999 0.21646338593749997 0.8080639484375001 0.23809586249999998 0.7945094390625 0.2339329390625 0.78466219375 0.2191615046875 0.7588052640625 0.254292915625 0.7825021703124999 0.2713600703125 0.8380305359375001 0.2668778421875
2 1 0.6068114515625 0.9897906375 0.6169539234375 0.9704270453125 0.6110068875 0.9421731578125 0.6356128812499999 0.946801625 0.6448658 0.9706282359375 0.6482678374999999 0.9792948734375001 0.6705080796875 0.9944905937499999 0.677132909375 1 0.685397334375 1 0.6068114515625
2 0.1409320875 0.2583560625 0.096856428125 0.254608596875 0.076247378125 0.2629629296875 0.0730655625 0.2766695921875 0.075563115625 0.3058254859375 0.092335190625 0.32174477968750004 0.10437820312499999 0.30978068125 0.1364108484375 0.3254922453125 0.15944596718749998 0.29536773906249997 0.1981731484375 0.3072618078125 0.20939555312499997 0.2940667546875 0.19908770781250001 0.269364609375 0.18917561562500002 0.261425734375 0.16226777812499998 0.29036083437500004 0.15635810625 0.269946246875 0.1409320875 0.2583560625