2 0.710319265625 0.978617228125 0.7276117796875 0.97749354375 0.7111386656249999 0.9587034203125 0.6817359046875 0.9560902453125 0.6865604265624999 0.96923779375 0.710319265625 0.978617228125
2 0.4538612234375 1 0.4506748015625 0.9923997609375 0.4254789953125 0.980686296875 0.389099278125 0.9986077281249999 0.395271028125 1 0.4538612234375 1
2 0.7718646625 0.6005773359375 0.7872095875 0.6281573500000001 0.8265671625 0.63100634375 0.8367268250000001 0.6262637109375 0.8216387109375001 0.6017564265625001 0.7756099515625 0.5933827640625 0.7718646625 0.6005773359375
2 0.448642109375 0.6040371546875 0.44104759375 0.602323925 0.43212005 0.6143790375 0.43104383281249997 0.6312201156249999 0.43751016875 0.6417232359375 0.48256362812500003 0.6458571515625 0.49888084218750006 0.6404937187499999 0.448642109375 0.6040371546875
2 0.693431175 0.27135453125 0.708516275 0.258678621875 0.737919040625 0.26129179687500004 0.7445352453125 0.2215820859375 0.736631946875 0.20874493906249997 0.708256446875 0.218422696875 0.6953267921874999 0.23459964531250002 0.67803428125 0.23572333125 0.6695684015625 0.245872725 0.6858366593749999 0.2696413015625 0.693431175 0.27135453125
2 0.1513368609375 0.6575606453125 0.13927857500000002 0.6618749734375 0.1325064734375 0.6774311265625 0.15406091718749998 0.7124415296875 0.180641721875 0.7184378359375 0.2097357046875 0.70992709375 0.19654622187499998 0.685848115625 0.1513368609375 0.6575606453125
2 0.0436896546875 0.7588933421874999 0.0419439078125 0.7454354000000001 0.007410853125 0.755733953125 0.0036655640625 0.7629285234375 0.07632709062500001 0.785349675 0.125795371875 0.8125880437499999 0.168589459375 0.79711855 0.1592492 0.7819473718750001 0.095105515625 0.7574280109375 0.09777459375 0.7670745171875 0.087819784375 0.7668387 0.09685126250000001 0.7708859546875 0.09100249218749999 0.782630671875 0.028347737499999998 0.7684965218750001 0.023780034375000002 0.7584217062499999 0.0436896546875 0.7588933421874999
2 0.8783457578125 1 0.8807831546875 0.9899386218749999 0.8761634828125 0.9718126234375 0.852456603125 0.9704843703125 0.836240309375 0.9547669781250001 0.7609127203125 0.9598825124999999 0.75721939375 0.9751282671875 0.769228728125 0.9999459484375001 0.7694683312499999 1 0.7884451375 1 0.7950390859375001 0.9967240546875 0.8020160375 0.9761894515625 0.8145359937500001 0.9699694046875 0.83495924375 0.9765865078125 0.8598972843749999 1 0.8783457578125 1
2 0.06479824375 0.3576623390625 0.07839742968749999 0.3717844125 0.107748228125 0.36634639999999996 0.1324304 0.3719143984375 0.1429997609375 0.3572148609375 0.175582221875 0.3384368125 0.135402234375 0.3183184375 0.1098486921875 0.3246130625 0.10092114375000001 0.336668175 0.07151838125 0.33405500312499997 0.0644894640625 0.346538421875 0.06479824375 0.3576623390625
2 0.3131300171875 0.684009884375 0.3245217890625 0.6865797296875 0.3491000375 0.6760453578125001 0.370960253125 0.6849964875000001 0.40580208593749995 0.6858218515625001 0.40205378437499995 0.655833228125 0.37880857031250004 0.6525992578124999 0.36736482812500004 0.6419782265625 0.3228249984375 0.643989775 0.29624419375 0.6379934703125001 0.28731665 0.650048584375 0.3131300171875 0.684009884375
2 0.6247529328125 0.645775478125 0.6391745265625 0.67716693125 0.672426515625 0.68868790625 0.686588284375 0.6798234359374999 0.70695956875 0.678389353125 0.7222495203125 0.6607349921875 0.7524716859375 0.6434343578124999 0.7488792765625 0.6375992890625 0.6876614859375 0.6257991671875 0.675756084375 0.6170838562500001 0.65204920625 0.6157556046875 0.6277277781249999 0.6293627078124999 0.6247529328125 0.645775478125
2 0.9252597078125 0.2070800234375 0.8915460546875 0.1974647671875 0.8867215343750001 0.184317221875 0.8633723906249999 0.1649808796875 0.8500819906249999 0.161982728125 0.835715371875 0.17582565156250002 0.8311506796874999 0.20293402968750002 0.8093943953125 0.210085271875 0.808266215625 0.2188751625 0.8249961375 0.2407380171875 0.866356278125 0.260117690625 0.8765159359375 0.2553750546875 0.8792859296875 0.2439407375 0.88970240625 0.2422708375 0.88297925625 0.2286949828125 0.8893416578125001 0.22309573437500002 0.9059156859374999 0.2208050375 0.9159224609375001 0.22909204062500002 0.9353704171875 0.23146939687499998 0.945016446875 0.2205813 0.9252597078125 0.2070800234375
2 0.5114715859375 0.24136092343749999 0.5175771703125001 0.2326889453125 0.5021313265625 0.22618975 0.4434816890625 0.2451169546875 0.4300384046875 0.2551484390625 0.4254217484375 0.2742056328125 0.41197846250000003 0.2842371203125 0.3773414765625 0.27843330312500003 0.3596882171875 0.2603818828125 0.33336724375000004 0.294641503125 0.3048878078125 0.288216890625 0.3035028109375 0.293934046875 0.30340189375 0.31501486875 0.3132038203125 0.3282803265625 0.32649422031249997 0.331278478125 0.34681354375 0.3217932125 0.368160125 0.324598875 0.381551446875 0.3065162078125 0.3912494421875 0.3036792921875 0.44205075312500003 0.3171493140625 0.4881284671875 0.2963909671875 0.4756054984375 0.2654278203125 0.516348071875 0.26255965468750003 0.5114715859375 0.24136092343749999