2 0.08203125 0.10644531406249999 0.0576171859375 0.087890625 0.07421875 0.12011718593750001 0.08203125 0.10644531406249999
2 0.12109375 0.2373046859375 0.10253906406249999 0.228515625 0.08886718593750001 0.208984375 0.07714843593750001 0.20703125 0.072265625 0.2216796859375 0.1015625 0.2607421859375 0.1015625 0.2919921859375 0.125 0.3154296859375 0.125 0.2841796859375 0.107421875 0.2626953140625 0.12109375 0.2529296859375 0.12109375 0.2373046859375
2 0.142578125 0.4521484359375 0.150390625 0.4541015640625 0.1640625 0.4267578140625 0.154296875 0.4013671859375 0.1455078140625 0.396484375 0.142578125 0.4521484359375
2 0.203125 0.4970703140625 0.212890625 0.5048828140625 0.224609375 0.4990234359375 0.224609375 0.4912109359375 0.2041015640625 0.4765625 0.203125 0.4970703140625
2 0.23828125 0.7314453140625 0.2646484359375 0.751953125 0.2734375 0.7509765640625 0.26953125 0.7041015640625 0.2490234359375 0.705078125 0.23828125 0.7197265640625 0.23828125 0.7314453140625
2 0.2314453140625 0.626953125 0.20703125 0.6689453140625 0.208984375 0.6787109359375 0.220703125 0.6845703140625 0.2314453140625 0.669921875 0.2412109359375 0.671875 0.251953125 0.6630859359375 0.2314453140625 0.626953125
2 0.283203125 0.8779296859375 0.30859375 0.8935546859375 0.310546875 0.8681640640625 0.3037109359375 0.861328125 0.2880859359375 0.8671875 0.283203125 0.8779296859375
2 0.314453125 0.9443359359375 0.322265625 0.9521484359375 0.333984375 0.9072265640625 0.3173828140625 0.892578125 0.3125 0.8974609359375 0.314453125 0.9443359359375
2 0.3388671859375 1 0.373046875 0.9990234359375 0.3603515640625 0.962890625 0.3486328140625 0.966796875 0.33203125 0.9853515640625 0.3388671859375 1
2 0.388671875 0.10449218593750001 0.388671875 0.11230468593750001 0.41015625 0.1337890640625 0.421875 0.12011718593750001 0.4150390640625 0.080078125 0.3974609359375 0.0859375 0.388671875 0.10449218593750001
2 0.439453125 0.2333984359375 0.44140625 0.2900390640625 0.44921875 0.2958984359375 0.462890625 0.2919921859375 0.462890625 0.2587890640625 0.4521484359375 0.2265625 0.439453125 0.2333984359375
2 0.400390625 0.1455078140625 0.3984375 0.1591796859375 0.4140625 0.1943359359375 0.42578125 0.2001953140625 0.435546875 0.1884765640625 0.435546875 0.1728515640625 0.4091796859375 0.138671875 0.400390625 0.1455078140625
2 0.5107421859375 0.390625 0.4931640640625 0.3828125 0.48828125 0.4013671859375 0.474609375 0.4111328140625 0.474609375 0.4228515640625 0.509765625 0.4462890640625 0.51171875 0.4287109359375 0.5234375 0.4228515640625 0.525390625 0.4091796859375 0.5107421859375 0.390625
2 0.5439453140625 0.486328125 0.5341796859375 0.486328125 0.5263671859375 0.501953125 0.5146484359375 0.5 0.505859375 0.5107421859375 0.50390625 0.5341796859375 0.51953125 0.5361328140625 0.5322265640625 0.517578125 0.548828125 0.5146484359375 0.55078125 0.4990234359375 0.5439453140625 0.486328125
2 0.5537109359375 0.59375 0.541015625 0.6083984359375 0.544921875 0.6533203140625 0.552734375 0.6552734359375 0.5546875 0.6240234359375 0.5703125 0.6044921859375 0.5654296859375 0.591796875 0.5537109359375 0.59375
2 0.591796875 0.7744140640625 0.6005859359375 0.783203125 0.6083984359375 0.7734375 0.6201171859375 0.791015625 0.626953125 0.7900390640625 0.62890625 0.7724609359375 0.619140625 0.7333984359375 0.5966796859375 0.716796875 0.591796875 0.7744140640625
2 0.634765625 0.9072265640625 0.63671875 0.9306640640625 0.646484375 0.9345703140625 0.658203125 0.8935546859375 0.6552734359375 0.869140625 0.640625 0.8759765640625 0.634765625 0.9072265640625
2 0.623046875 0.8349609359375 0.623046875 0.8583984359375 0.630859375 0.8623046859375 0.634765625 0.8271484359375 0.6259765640625 0.818359375 0.6171875 0.8291015640625 0.623046875 0.8349609359375
2 0.681640625 0.9990234359375 0.6689453140625 0.984375 0.65625 0.9951171859375 0.6572265640625 1 0.681640625 0.9990234359375
2 0.689453125 0.043945314062500004 0.681640625 0.08300781406249999 0.6884765640625 0.095703125 0.703125 0.10253906406249999 0.703125 0.1279296859375 0.71484375 0.1357421859375 0.720703125 0.1279296859375 0.72265625 0.08105468593750001 0.7021484359375 0.029296875 0.689453125 0.043945314062500004
2 0.7685546859375 0.267578125 0.7578125 0.2744140640625 0.76171875 0.3134765640625 0.75 0.3408203140625 0.759765625 0.3603515640625 0.771484375 0.3525390640625 0.765625 0.3251953140625 0.775390625 0.2900390640625 0.7685546859375 0.267578125
2 0.796875 0.4306640640625 0.806640625 0.4326171859375 0.822265625 0.3798828140625 0.8173828140625 0.369140625 0.796875 0.3916015640625 0.796875 0.4306640640625
2 0.8486328140625 0.580078125 0.859375 0.5810546859375 0.859375 0.5673828140625 0.8388671859375 0.544921875 0.83203125 0.5634765640625 0.8486328140625 0.580078125
2 0.869140625 0.6376953140625 0.8828125 0.6650390640625 0.892578125 0.6669921859375 0.88671875 0.6259765640625 0.890625 0.6162109359375 0.8759765640625 0.6015625 0.869140625 0.6376953140625
2 0.9091796859375 0.73828125 0.91796875 0.7373046859375 0.91015625 0.7080078140625 0.8974609359375 0.70703125 0.8984375 0.7255859359375 0.9091796859375 0.73828125
2 0.9189453140625 0.802734375 0.91015625 0.8095703140625 0.91796875 0.8193359359375 0.916015625 0.8271484359375 0.9296875 0.8349609359375 0.931640625 0.8544921859375 0.94140625 0.8564453140625 0.95703125 0.8369140640625 0.943359375 0.8291015640625 0.9404296859375 0.806640625 0.9189453140625 0.802734375