2 0.49047864375000005 0.05288899375 0.48053171250000004 0.0366762625 0.46203477968750006 0.0404828359375 0.47492261406249997 0.057844107812500004 0.49047864375000005 0.05288899375
2 0.1879080390625 0.1319719640625 0.196798921875 0.141283815625 0.21244585468750002 0.14415034375 0.21816857500000003 0.13275955 0.20631406874999997 0.1203437484375 0.1879080390625 0.1319719640625
2 0 0.16221724843750002 0.0058569 0.1692308359375 0.02352503125 0.1780774828125 0.0391492375 0.17898860156250002 0.0409204640625 0.1634592078125 0.036946234375 0.157365196875 0 0.1543894375 0 0.16221724843750002
2 0.841321540625 0.348874234375 0.8257427843749999 0.3518739375 0.8305685359374999 0.3472701375 0.8263897796874999 0.3235774328125 0.8096413421875001 0.3098992 0.800909540625 0.31427522343750003 0.8068140703125 0.31852771406249997 0.7990474171875 0.3219829765625 0.797344371875 0.3433786 0.81793068125 0.351418378125 0.8299215421874999 0.37556664375 0.840583646875 0.36934909843749997 0.841321540625 0.348874234375
2 0.3056911328125 0.10659801875 0.288045721875 0.0997067796875 0.24907610781249998 0.105250628125 0.23850490781250003 0.1192898125 0.28843205625 0.13294875781249998 0.304839609375 0.1172958328125 0.3056911328125 0.10659801875
2 0.5399006281250001 0.7787825515625 0.488940153125 0.760178134375 0.47042049375 0.762029296875 0.472487146875 0.771920240625 0.5050870468750001 0.8060636921875 0.5187354984375 0.8049055109375001 0.5399006281250001 0.7787825515625
2 0.489425328125 0.38209093437499997 0.49739651093750004 0.3962343640625 0.493763165625 0.4194715109375 0.4987252671875 0.426600171875 0.5241827828125001 0.4339469703125 0.537808509375 0.4308333765625 0.541600934375 0.421284103125 0.5385009546874999 0.40644768906250006 0.5118737656250001 0.38242295937500004 0.489425328125 0.38209093437499997
2 0.5834232874999999 0.7451699734375 0.5758611640625 0.7662239328125 0.5888398984375 0.7914068453125 0.60924440625 0.783803340625 0.6109247265625 0.7604523046875 0.62834288125 0.7477894359375 0.6291944046875 0.7370916234375 0.61543231875 0.7284727546875 0.603736890625 0.7297448265625001 0.5834232874999999 0.7451699734375
2 0.952351321875 0.6660484328125 0.9613558281250001 0.6851373328125 0.9682027828124999 0.6865136546875 0.9965716390624999 0.665060609375 0.9967324312500001 0.6374227671875 0.9638194953125 0.6452222546875 0.9247817046875 0.6448998703125 0.9180256515625 0.6513451921875 0.952351321875 0.6660484328125
2 0.43797420468750003 0.0693680765625 0.384969796875 0.042828128124999996 0.36256681562500004 0.0464069265625 0.3705834484375 0.06446117500000001 0.401162140625 0.092624509375 0.43420450468749994 0.0808727609375 0.43797420468750003 0.0693680765625
2 0.5624479078125 0.367785396875 0.5420661250000001 0.377344315625 0.5421797515625 0.38712136406250003 0.5549766875000001 0.3966609953125 0.576323615625 0.38618131875 0.6134311078125 0.3883452234375 0.6171780828125 0.3748851296875 0.5894948375 0.3439595171875 0.57972970625 0.3433900671875 0.5624479078125 0.367785396875
2 0.09955668906250001 0.1707867203125 0.1198930171875 0.157316984375 0.1283521125 0.129476034375 0.1144536796875 0.10912470156250001 0.057747751562500005 0.0999556703125 0.045109898437500004 0.1041039109375 0.0865097734375 0.13973757656250002 0.09955668906250001 0.1707867203125
2 0.3906873171875 0.7866909796875 0.423241765625 0.816923609375 0.47009165937499997 0.8177015515624999 0.4807310359375 0.809528596875 0.4796522578125 0.8006723046875001 0.4678204734375 0.7902119140625 0.4149069765625 0.771493609375 0.3885752125 0.7728892140625 0.3906873171875 0.7866909796875
2 0.755661109375 0.36732801406250004 0.770183815625 0.357427428125 0.7691277640624999 0.35052654843750003 0.7513459984375 0.331902846875 0.708311253125 0.323531040625 0.6804582531250001 0.36196555625000004 0.6873506593750001 0.36725269531250004 0.755661109375 0.36732801406250004
2 0.6873306703125001 0.70140010625 0.67108219375 0.7307409046875 0.6751018734375 0.7407457390625 0.6957109109374999 0.7507409265625 0.70365936875 0.7629289484374999 0.7172850953125 0.7598153546875 0.738063890625 0.7004504171875 0.730160884375 0.6921732171875 0.71844273125 0.691489878125 0.6873306703125001 0.70140010625
2 0.874616621875 0.694734821875 0.871289384375 0.6603443015625 0.8585379046874999 0.6547154953125001 0.84020005 0.6722099453125 0.8393258031249999 0.6809523453125 0.8256091671875 0.6762442953125001 0.7810986359375 0.708822221875 0.772480459375 0.7229752984375 0.80269554375 0.7198520609375 0.8184788296875001 0.7344510515625 0.8475015140625001 0.712694471875 0.8689847953125 0.7139472578125 0.874616621875 0.694734821875
2 0.09321516875 0.8846350718749999 0.097303025 0.900506134375 0.113086309375 0.915105128125 0.0976893578125 0.9337481140625 0.10474084218749999 0.9527231281249999 0.1583467875 0.9470557453125 0.1717225375 0.9224326390625001 0.16379680624999998 0.912200025 0.170302878125 0.8842451890625 0.1038772734375 0.8784175296875001 0.09321516875 0.8846350718749999
2 0.9014108343749999 0.31329660625 0.934680446875 0.3210989609375 0.9432077218750001 0.299124246875 0.9695167546875 0.295773228125 0.9887061312500001 0.26758096875000004 0.9749213250000001 0.2570066890625 0.9556637734375 0.27933271875 0.9304107875 0.28958461406249997 0.8736821390625 0.27846017343749996 0.8671760671875001 0.3064150109375 0.8477594359375 0.31505316250000004 0.8536866906249999 0.32126106718749997 0.8439670125 0.324602440625 0.8441033656249999 0.3363349015625 0.8823805374999999 0.35517673906249997 0.8820396531249999 0.32584558124999996 0.9014108343749999 0.31329660625
2 0.3374449828125 0.823644925 0.316052596875 0.8302137796875 0.2905950859375 0.8228669843749999 0.2692027015625 0.8294358390625 0.2261906828125 0.8230194453124999 0.22138765781249997 0.82957865625 0.24307547187499998 0.8484301406249999 0.2481284796875 0.8633804406250001 0.32443283749999996 0.8795546015625 0.34472371874999996 0.8621740453125 0.3453252625 0.8299667156250001 0.3374449828125 0.823644925
2 0.179451678125 0.49591573437500003 0.2133682890625 0.4754215859375 0.21219861093749998 0.45874365 0.2004122796875 0.4521940796875 0.1594214578125 0.45175780625 0.14786238125 0.464762340625 0.114865475 0.4804249125 0.067901953125 0.4698699171875 0.07095648125000001 0.48079550781249997 0.061350431250000004 0.4939139359375 0.0673231359375 0.504032653125 0.0616458609375 0.51933426875 0.076327646875 0.5231215578125 0.1307169375 0.500890134375 0.179451678125 0.49591573437500003
2 0.46981621718750005 0.45813380625000005 0.4811253125 0.4236197546875 0.467272325 0.4071792421875 0.39703157031249997 0.4089454453125 0.36998464062499997 0.43277132500000004 0.3407574328125 0.43692921250000005 0.33213925624999996 0.4510822890625 0.3410074140625 0.458438728125 0.374186125 0.458419440625 0.395828490625 0.4733601015625 0.41706179218750006 0.45310337343749996 0.4306875234375 0.4499897796875 0.4542147359375 0.459178096875 0.46981621718750005 0.45813380625000005