2 0.5625 0.0009765640625 0.5546875 0.0576171859375 0.560546875 0.0615234359375 0.5693359359375 0.046875 0.591796875 0.038085935937499996 0.5908203140625 0 0.5625 0.0009765640625
2 0.1904296859375 0.923828125 0.17578125 0.9462890640625 0.173828125 0.9560546859375 0.1943359359375 0.97265625 0.201171875 0.9716796859375 0.216796875 0.9658203140625 0.22265625 0.9404296859375 0.2177734359375 0.921875 0.1904296859375 0.923828125
2 0.796875 0.5126953140625 0.794921875 0.4873046859375 0.810546875 0.4775390640625 0.8125 0.4658203140625 0.7900390640625 0.4609375 0.78125 0.4677734359375 0.78125 0.5029296859375 0.7734375 0.5166015640625 0.771484375 0.5458984359375 0.78125 0.5498046859375 0.783203125 0.5693359359375 0.79296875 0.5693359359375 0.802734375 0.5615234359375 0.80078125 0.5341796859375 0.80859375 0.5263671859375 0.796875 0.5126953140625
2 0.7392578140625 0.4375 0.728515625 0.4677734359375 0.7060546859375 0.466796875 0.703125 0.4755859359375 0.7216796859375 0.498046875 0.736328125 0.5029296859375 0.7373046859375 0.513671875 0.75 0.5126953140625 0.763671875 0.4912109359375 0.7578125 0.4697265640625 0.76171875 0.4482421859375 0.7392578140625 0.4375
2 0 0.5810546859375 0.0146484359375 0.6015625 0.021484375 0.6005859359375 0.041992185937499996 0.595703125 0.046875 0.5810546859375 0.015625 0.5458984359375 0.015625 0.5302734359375 0.025390625 0.5185546859375 0.0234375 0.5029296859375 0.010742185937499999 0.484375 0 0.4990234359375 0 0.5810546859375
2 0.40625 0.5888671859375 0.404296875 0.5478515640625 0.3837890640625 0.544921875 0.3603515640625 0.552734375 0.34375 0.5654296859375 0.333984375 0.5908203140625 0.3505859359375 0.60546875 0.3798828140625 0.6015625 0.388671875 0.6123046859375 0.37890625 0.6337890640625 0.4013671859375 0.654296875 0.408203125 0.6533203140625 0.408203125 0.6162109359375 0.41796875 0.6103515640625 0.419921875 0.5986328140625 0.40625 0.5888671859375
2 0.1279296859375 0.701171875 0.142578125 0.7021484359375 0.1376953140625 0.689453125 0.12207031406249999 0.69140625 0.12109375 0.6806640640625 0.11035156406249999 0.671875 0.08105468593750001 0.685546875 0.0595703140625 0.68359375 0.048828125 0.6904296859375 0.060546875 0.7529296859375 0.07421875 0.7705078140625 0.078125 0.8017578140625 0.08984375 0.8154296859375 0.09375 0.7353515640625 0.11230468593750001 0.716796875 0.12207031406249999 0.716796875 0.1279296859375 0.701171875
2 1 0.0009765640625 0.9482421859375 0 0.935546875 0.0068359359375 0.935546875 0.045898435937499996 0.9404296859375 0.0546875 0.953125 0.049804685937499996 0.953125 0.06542968593750001 0.9453125 0.07324218593750001 0.955078125 0.09472656406249999 0.951171875 0.1357421859375 0.978515625 0.1826171859375 0.99609375 0.1884765640625 1 0.06738281406249999 0.9736328140625 0.072265625 0.970703125 0.06347656406249999 1 0.0615234359375 1 0.0009765640625
2 0.7451171859375 0.3203125 0.7587890640625 0.345703125 0.771484375 0.3408203140625 0.767578125 0.2841796859375 0.79296875 0.2587890640625 0.79296875 0.2490234359375 0.7763671859375 0.23828125 0.7685546859375 0.2421875 0.7568359359375 0.236328125 0.751953125 0.2412109359375 0.748046875 0.2666015640625 0.7373046859375 0.28125 0.7265625 0.2509765640625 0.7119140640625 0.232421875 0.701171875 0.2373046859375 0.6865234359375 0.265625 0.673828125 0.2666015640625 0.673828125 0.3095703140625 0.67578125 0.2919921859375 0.6865234359375 0.28125 0.701171875 0.3017578140625 0.701171875 0.3564453140625 0.6904296859375 0.359375 0.685546875 0.3720703140625 0.689453125 0.4189453140625 0.705078125 0.4228515640625 0.7265625 0.4052734359375 0.734375 0.3837890640625 0.736328125 0.3271484359375 0.7451171859375 0.3203125
2 0.69921875 0.2177734359375 0.69921875 0.1962890640625 0.71484375 0.1787109359375 0.712890625 0.1533203140625 0.72265625 0.1337890640625 0.7197265640625 0.1171875 0.6904296859375 0.126953125 0.673828125 0.10058593593750001 0.6611328140625 0.09375 0.6474609359375 0.107421875 0.6259765640625 0.09765625 0.603515625 0.10839843593750001 0.611328125 0.1494140640625 0.625 0.1591796859375 0.630859375 0.1748046859375 0.625 0.2314453140625 0.626953125 0.2490234359375 0.638671875 0.2568359359375 0.65625 0.2470703140625 0.6591796859375 0.232421875 0.6748046859375 0.23828125 0.69921875 0.2177734359375
2 0.09667968593750001 0 0.10546875 0.0283203140625 0.12011718593750001 0.044921875 0.1318359359375 0.046875 0.1474609359375 0.03125 0.158203125 0.034179685937499996 0.158203125 0.07714843593750001 0.19140625 0.11035156406249999 0.1875 0.1396484359375 0.17578125 0.1552734359375 0.1962890640625 0.15625 0.20703125 0.1669921859375 0.220703125 0.1533203140625 0.220703125 0.12207031406249999 0.2275390640625 0.119140625 0.2412109359375 0.126953125 0.259765625 0.10253906406249999 0.25 0.07910156406249999 0.25 0.0283203140625 0.2353515640625 0.015625 0.2197265640625 0.015625 0.2041015640625 0 0.09667968593750001 0
2 0.92578125 0.8623046859375 0.9375 0.8525390640625 0.94921875 0.8232421859375 0.9267578140625 0.8125 0.9208984359375 0.794921875 0.9072265640625 0.802734375 0.8779296859375 0.798828125 0.84375 0.7763671859375 0.841796875 0.7412109359375 0.8515625 0.7099609359375 0.837890625 0.6865234359375 0.837890625 0.6591796859375 0.818359375 0.6474609359375 0.8125 0.5927734359375 0.7939453140625 0.578125 0.7822265640625 0.578125 0.78125 0.6552734359375 0.78515625 0.6708984359375 0.796875 0.6826171859375 0.798828125 0.7099609359375 0.8125 0.7373046859375 0.814453125 0.7958984359375 0.8203125 0.8056640640625 0.81640625 0.8427734359375 0.8291015640625 0.845703125 0.8427734359375 0.83203125 0.85546875 0.8447265640625 0.861328125 0.8642578140625 0.873046875 0.8720703140625 0.875 0.8994140640625 0.86328125 0.9248046859375 0.87109375 0.9619140640625 0.880859375 0.9697265640625 0.890625 0.9443359359375 0.890625 0.9033203140625 0.9296875 0.9052734359375 0.92578125 0.8623046859375
2 0.591796875 0.8857421859375 0.576171875 0.8662109359375 0.572265625 0.8408203140625 0.55078125 0.8212890640625 0.564453125 0.7958984359375 0.564453125 0.7705078140625 0.54296875 0.7646484359375 0.5302734359375 0.734375 0.515625 0.7373046859375 0.486328125 0.6865234359375 0.486328125 0.6728515640625 0.5048828140625 0.66796875 0.51171875 0.6494140640625 0.4775390640625 0.623046875 0.4658203140625 0.603515625 0.4462890640625 0.6015625 0.43359375 0.6259765640625 0.439453125 0.6572265640625 0.45703125 0.6748046859375 0.4609375 0.6943359359375 0.44140625 0.7333984359375 0.45703125 0.7607421859375 0.451171875 0.7861328140625 0.4541015640625 0.791015625 0.4931640640625 0.787109375 0.501953125 0.8134765640625 0.513671875 0.8212890640625 0.5107421859375 0.84375 0.46875 0.8564453140625 0.482421875 0.8779296859375 0.482421875 0.9033203140625 0.5283203140625 0.900390625 0.54296875 0.9111328140625 0.548828125 0.9560546859375 0.53515625 0.9736328140625 0.5361328140625 1 0.623046875 0.9990234359375 0.619140625 0.9833984359375 0.583984375 0.9404296859375 0.591796875 0.9326171859375 0.591796875 0.8857421859375
2 0.408203125 0.4384765640625 0.376953125 0.3857421859375 0.375 0.3701171859375 0.359375 0.3525390640625 0.375 0.3212890640625 0.373046875 0.3017578140625 0.3603515640625 0.294921875 0.3486328140625 0.296875 0.3291015640625 0.267578125 0.310546875 0.2783203140625 0.310546875 0.2587890640625 0.32421875 0.2470703140625 0.32421875 0.2333984359375 0.306640625 0.2060546859375 0.3046875 0.1728515640625 0.2939453140625 0.169921875 0.2802734359375 0.193359375 0.2431640640625 0.142578125 0.232421875 0.1748046859375 0.21875 0.1826171859375 0.21875 0.2099609359375 0.203125 0.2392578140625 0.201171875 0.2587890640625 0.2080078140625 0.267578125 0.2158203140625 0.265625 0.23046875 0.2470703140625 0.236328125 0.2158203140625 0.25390625 0.2177734359375 0.255859375 0.2568359359375 0.271484375 0.2998046859375 0.251953125 0.3056640640625 0.25 0.3251953140625 0.27734375 0.3623046859375 0.28515625 0.3837890640625 0.275390625 0.4033203140625 0.279296875 0.4150390640625 0.3125 0.4384765640625 0.310546875 0.4599609359375 0.30078125 0.4755859359375 0.306640625 0.4833984359375 0.306640625 0.5126953140625 0.31640625 0.5126953140625 0.3583984359375 0.49609375 0.3818359359375 0.474609375 0.4033203140625 0.47265625 0.408203125 0.4384765640625
1 0.69140625 0.6962890640625 0.68359375 0.6767578140625 0.68359375 0.5615234359375 0.689453125 0.5419921859375 0.6796875 0.4873046859375 0.685546875 0.4658203140625 0.69921875 0.4599609359375 0.693359375 0.4404296859375 0.71484375 0.4091796859375 0.701171875 0.4072265640625 0.69921875 0.3681640640625 0.69140625 0.3662109359375 0.69140625 0.3544921859375 0.681640625 0.3466796859375 0.6943359359375 0.34375 0.69921875 0.3564453140625 0.69921875 0.3408203140625 0.6904296859375 0.33203125 0.68359375 0.3369140640625 0.6845703140625 0.328125 0.6982421859375 0.328125 0.69921875 0.3232421859375 0.69140625 0.3232421859375 0.69140625 0.2978515640625 0.68359375 0.2998046859375 0.685546875 0.2900390640625 0.689453125 0.2919921859375 0.689453125 0.2705078140625 0.68359375 0.2412109359375 0.67578125 0.2353515640625 0.6796875 0.2216796859375 0.671875 0.2197265640625 0.6708984359375 0.23828125 0.66796875 0.2236328140625 0.6611328140625 0.2265625 0.6591796859375 0.220703125 0.65625 0.2490234359375 0.6376953140625 0.259765625 0.625 0.2490234359375 0.619140625 0.2255859359375 0.59765625 0.2119140640625 0.5869140640625 0.177734375 0.580078125 0.2685546859375 0.5615234359375 0.275390625 0.54296875 0.2978515640625 0.548828125 0.3232421859375 0.521484375 0.3330078140625 0.5634765640625 0.357421875 0.572265625 0.3759765640625 0.572265625 0.3974609359375 0.560546875 0.4130859359375 0.56640625 0.4345703140625 0.546875 0.4560546859375 0.560546875 0.4697265640625 0.552734375 0.5107421859375 0.56640625 0.5185546859375 0.57421875 0.5400390640625 0.5703125 0.5595703140625 0.580078125 0.5810546859375 0.578125 0.6474609359375 0.591796875 0.6650390640625 0.587890625 0.6689453140625 0.59765625 0.6748046859375 0.6015625 0.7021484359375 0.6171875 0.7353515640625 0.609375 0.8017578140625 0.634765625 0.8056640640625 0.6572265640625 0.783203125 0.6826171859375 0.779296875 0.689453125 0.7568359359375 0.69140625 0.6962890640625