2 0.34765625 0.6357421859375 0.3515625 0.6123046859375 0.3466796859375 0.6015625 0.3232421859375 0.609375 0.2958984359375 0.6015625 0.2890625 0.6083984359375 0.294921875 0.6376953140625 0.2763671859375 0.63671875 0.2734375 0.6435546859375 0.287109375 0.6630859359375 0.283203125 0.6845703140625 0.302734375 0.7021484359375 0.31640625 0.7373046859375 0.328125 0.7431640640625 0.3359375 0.7119140640625 0.357421875 0.6923828140625 0.35546875 0.6494140640625 0.34765625 0.6357421859375
2 0.408203125 0.8779296859375 0.40234375 0.8427734359375 0.4267578140625 0.8359375 0.43359375 0.8212890640625 0.419921875 0.7919921859375 0.408203125 0.7939453140625 0.4111328140625 0.783203125 0.421875 0.7822265640625 0.419921875 0.7685546859375 0.4033203140625 0.77734375 0.3818359359375 0.767578125 0.3662109359375 0.78125 0.359375 0.7802734359375 0.353515625 0.8251953140625 0.3603515640625 0.8359375 0.3740234359375 0.833984375 0.376953125 0.8447265640625 0.361328125 0.8837890640625 0.349609375 0.8955078140625 0.3935546859375 0.939453125 0.41015625 0.9384765640625 0.41796875 0.9306640640625 0.412109375 0.8974609359375 0.421875 0.8857421859375 0.408203125 0.8779296859375
2 0.0009765640625 0 0 0.08496093593750001 0.01953125 0.09472656406249999 0.0234375 0.11035156406249999 0 0.1259765640625 0.0263671859375 0.154296875 0.049804685937499996 0.138671875 0.0537109359375 0.17578125 0.08886718593750001 0.203125 0.11328125 0.2001953140625 0.1171875 0.2099609359375 0.109375 0.2509765640625 0.123046875 0.2705078140625 0.123046875 0.2841796859375 0.1376953140625 0.287109375 0.140625 0.2939453140625 0.138671875 0.3095703140625 0.12109375 0.3232421859375 0.130859375 0.3583984359375 0.1494140640625 0.388671875 0.193359375 0.4091796859375 0.193359375 0.4677734359375 0.2197265640625 0.46484375 0.232421875 0.4697265640625 0.2265625 0.4384765640625 0.236328125 0.4189453140625 0.216796875 0.3935546859375 0.216796875 0.3759765640625 0.232421875 0.3603515640625 0.212890625 0.3388671859375 0.216796875 0.3115234359375 0.20703125 0.2978515640625 0.208984375 0.2626953140625 0.1953125 0.2392578140625 0.201171875 0.2080078140625 0.1982421859375 0.203125 0.1748046859375 0.2109375 0.1630859359375 0.203125 0.1455078140625 0.208984375 0.13671875 0.2041015640625 0.142578125 0.1689453140625 0.1328125 0.1259765640625 0.142578125 0.08886718593750001 0.1357421859375 0.08203125 0.091796875 0.07910156406249999 0.08984375 0.06738281406249999 0.107421875 0.047851564062500004 0.107421875 0.0302734359375 0.09375 0.016601564062499997 0.09277343593750001 0 0.0009765640625 0
2 0.06640625 0.9990234359375 0.115234375 0.9990234359375 0.10546875 0.9697265640625 0.1171875 0.9482421859375 0.10449218593750001 0.943359375 0.06640625 0.9990234359375
2 0 0.9208984359375 0.0126953140625 0.908203125 0.017578125 0.9462890640625 0.03515625 0.9560546859375 0.013671875 0.9990234359375 0.0234375 0.9990234359375 0.046875 0.9619140640625 0.068359375 0.9521484359375 0.07421875 0.9248046859375 0.09375 0.8876953140625 0.08203125 0.8662109359375 0.08203125 0.8466796859375 0.06738281406249999 0.8359375 0.043945314062500004 0.84375 0.03515625 0.8154296859375 0.015625 0.8115234359375 0.0078125 0.7861328140625 0.0126953140625 0.78125 0.0302734359375 0.787109375 0.045898435937499996 0.783203125 0.052734375 0.7763671859375 0.05078125 0.7529296859375 0.064453125 0.7431640640625 0.0625 0.7119140640625 0.0703125 0.6884765640625 0.0537109359375 0.689453125 0.038085935937499996 0.662109375 0.020507814062499997 0.662109375 0.015625 0.6689453140625 0.015625 0.7373046859375 0 0.7451171859375 0 0.9208984359375
2 0.490234375 0.1689453140625 0.490234375 0.1533203140625 0.5068359359375 0.1640625 0.515625 0.1572265640625 0.5166015640625 0.119140625 0.5009765640625 0.125 0.4814453140625 0.119140625 0.478515625 0.12402343593750001 0.482421875 0.1689453140625 0.466796875 0.1806640640625 0.46484375 0.1923828140625 0.48828125 0.2314453140625 0.49609375 0.2080078140625 0.5078125 0.1962890640625 0.505859375 0.1845703140625 0.490234375 0.1689453140625
2 0.4404296859375 0 0.4375 0.022460935937500003 0.447265625 0.0517578140625 0.42578125 0.0615234359375 0.42578125 0.07519531406249999 0.4345703140625 0.083984375 0.44921875 0.08300781406249999 0.44921875 0.11816406406249999 0.458984375 0.1279296859375 0.466796875 0.11816406406249999 0.46875 0.08691406406249999 0.486328125 0.08105468593750001 0.48828125 0.06347656406249999 0.466796875 0.0517578140625 0.466796875 0.020507814062499997 0.4521484359375 0 0.4404296859375 0
2 0.580078125 0.2412109359375 0.5556640640625 0.232421875 0.5419921859375 0.2109375 0.53515625 0.2158203140625 0.53125 0.2607421859375 0.513671875 0.2646484359375 0.515625 0.2802734359375 0.5 0.3154296859375 0.5029296859375 0.322265625 0.5263671859375 0.314453125 0.5341796859375 0.32421875 0.541015625 0.3232421859375 0.54296875 0.2822265640625 0.5703125 0.2900390640625 0.5703125 0.2509765640625 0.580078125 0.2412109359375
2 0.7666015640625 0.5625 0.763671875 0.6650390640625 0.775390625 0.6748046859375 0.78125 0.5947265640625 0.7734375 0.5830078140625 0.7734375 0.5654296859375 0.7666015640625 0.5625
2 0.71875 0.6728515640625 0.7001953140625 0.65625 0.6689453140625 0.646484375 0.654296875 0.6884765640625 0.673828125 0.6943359359375 0.671875 0.7138671859375 0.69140625 0.7314453140625 0.6943359359375 0.724609375 0.705078125 0.7236328140625 0.70703125 0.6943359359375 0.71875 0.6728515640625
2 1 0.3154296859375 0.98828125 0.3095703140625 0.9794921859375 0.291015625 0.970703125 0.2978515640625 0.96875 0.3408203140625 0.9482421859375 0.345703125 0.9296875 0.3642578140625 0.931640625 0.4013671859375 0.939453125 0.4072265640625 0.935546875 0.4326171859375 0.95703125 0.4404296859375 0.95703125 0.4619140640625 0.966796875 0.4892578140625 0.97265625 0.4912109359375 0.994140625 0.4697265640625 1 0.4501953140625 0.98828125 0.4345703140625 1 0.4111328140625 1 0.3154296859375
2 0.9296875 0.1865234359375 0.9658203140625 0.177734375 0.974609375 0.1572265640625 0.9453125 0.1318359359375 0.943359375 0.10449218593750001 0.9990234359375 0.08984375 1 0.08105468593750001 0.9599609359375 0.08984375 0.9384765640625 0.08203125 0.9150390640625 0.087890625 0.890625 0.0556640640625 0.892578125 0.049804685937499996 0.880859375 0.043945314062500004 0.873046875 0.0009765640625 0.8623046859375 0 0.849609375 0.038085935937499996 0.82421875 0.0595703140625 0.83203125 0.07910156406249999 0.830078125 0.10644531406249999 0.849609375 0.11425781406249999 0.8466796859375 0.125 0.8642578140625 0.123046875 0.873046875 0.1318359359375 0.87109375 0.1494140640625 0.8828125 0.1748046859375 0.8671875 0.1884765640625 0.8671875 0.1962890640625 0.884765625 0.2099609359375 0.890625 0.2470703140625 0.916015625 0.2607421859375 0.92578125 0.2998046859375 0.935546875 0.3037109359375 0.95703125 0.2255859359375 0.9501953140625 0.21875 0.93359375 0.2177734359375 0.9296875 0.1865234359375