2 0.259765625 0.5087890640625 0.240234375 0.4677734359375 0.23828125 0.4501953140625 0.24609375 0.4228515640625 0.23828125 0.4130859359375 0.232421875 0.3779296859375 0.2001953140625 0.33203125 0.1728515640625 0.322265625 0.1572265640625 0.3359375 0.1416015640625 0.3359375 0.1328125 0.3427734359375 0.15625 0.4091796859375 0.140625 0.4482421859375 0.166015625 0.4619140640625 0.1953125 0.5087890640625 0.19921875 0.5322265640625 0.205078125 0.5322265640625 0.2275390640625 0.498046875 0.2509765640625 0.515625 0.2587890640625 0.515625 0.259765625 0.5087890640625
2 0 0.2158203140625 0.0078125 0.2412109359375 0.016601564062499997 0.24609375 0.0234375 0.2177734359375 0.032226564062500004 0.2109375 0.056640625 0.2294921859375 0.08984375 0.2783203140625 0.107421875 0.2880859359375 0.123046875 0.2802734359375 0.130859375 0.2626953140625 0.119140625 0.2373046859375 0.119140625 0.2060546859375 0.12890625 0.2021484359375 0.125 0.1787109359375 0.142578125 0.1396484359375 0.134765625 0.10449218593750001 0.14453125 0.08886718593750001 0.11230468593750001 0.08203125 0.099609375 0.047851564062500004 0.07910156406249999 0.029296875 0.06347656406249999 0.048828125 0.0126953140625 0.046875 0 0.0517578140625 0 0.2158203140625
2 0.34765625 0.7861328140625 0.361328125 0.7587890640625 0.345703125 0.7353515640625 0.353515625 0.7099609359375 0.353515625 0.6708984359375 0.341796875 0.6611328140625 0.349609375 0.6162109359375 0.326171875 0.6162109359375 0.3203125 0.6025390640625 0.3203125 0.5537109359375 0.3076171859375 0.5546875 0.2958984359375 0.537109375 0.2822265640625 0.533203125 0.2373046859375 0.56640625 0.216796875 0.5927734359375 0.216796875 0.6083984359375 0.2236328140625 0.6171875 0.25 0.6103515640625 0.25 0.6259765640625 0.2421875 0.6376953140625 0.251953125 0.6435546859375 0.2490234359375 0.650390625 0.2255859359375 0.6484375 0.173828125 0.5966796859375 0.1875 0.6298828140625 0.21875 0.6669921859375 0.203125 0.7626953140625 0.1796875 0.7861328140625 0.189453125 0.8095703140625 0.177734375 0.8525390640625 0.1865234359375 0.85546875 0.201171875 0.8427734359375 0.2177734359375 0.80859375 0.2333984359375 0.828125 0.23828125 0.8251953140625 0.2265625 0.7607421859375 0.2353515640625 0.740234375 0.2509765640625 0.744140625 0.2626953140625 0.7265625 0.275390625 0.7353515640625 0.28125 0.7646484359375 0.28125 0.7783203140625 0.263671875 0.7978515640625 0.2734375 0.8271484359375 0.296875 0.8251953140625 0.294921875 0.7783203140625 0.3115234359375 0.76953125 0.330078125 0.8076171859375 0.3408203140625 0.806640625 0.34765625 0.8134765640625 0.34375 0.8544921859375 0.35546875 0.8564453140625 0.375 0.8427734359375 0.376953125 0.8291015640625 0.357421875 0.8095703140625 0.34765625 0.7861328140625
2 0.57421875 0.4248046859375 0.5830078140625 0.423828125 0.595703125 0.4384765640625 0.59765625 0.4111328140625 0.603515625 0.4052734359375 0.5830078140625 0.39453125 0.57421875 0.4248046859375
2 0.5908203140625 0.361328125 0.6005859359375 0.37109375 0.623046875 0.3681640640625 0.6171875 0.3349609359375 0.5947265640625 0.296875 0.583984375 0.3212890640625 0.5673828140625 0.337890625 0.560546875 0.3369140640625 0.5556640640625 0.3203125 0.544921875 0.3251953140625 0.5234375 0.3896484359375 0.5283203140625 0.3984375 0.53515625 0.3974609359375 0.5478515640625 0.3828125 0.5615234359375 0.388671875 0.5830078140625 0.36328125 0.5908203140625 0.361328125
2 0.5166015640625 0.1484375 0.5009765640625 0.158203125 0.484375 0.1279296859375 0.482421875 0.08105468593750001 0.49609375 0.032226564062500004 0.4921875 0.0009765640625 0.3818359359375 0 0.3828125 0.016601564062499997 0.359375 0.0517578140625 0.35546875 0.06933593593750001 0.3740234359375 0.078125 0.3857421859375 0.09375 0.4033203140625 0.0859375 0.4111328140625 0.107421875 0.423828125 0.10058593593750001 0.4306640640625 0.0859375 0.4453125 0.09082031406249999 0.4453125 0.1259765640625 0.46484375 0.1298828140625 0.470703125 0.1533203140625 0.4609375 0.1650390640625 0.474609375 0.2001953140625 0.466796875 0.2255859359375 0.48046875 0.2353515640625 0.478515625 0.2490234359375 0.48828125 0.2587890640625 0.51171875 0.2216796859375 0.533203125 0.2119140640625 0.521484375 0.1513671859375 0.5166015640625 0.1484375
2 0.732421875 0.7685546859375 0.724609375 0.7470703140625 0.7265625 0.7001953140625 0.70703125 0.6708984359375 0.720703125 0.6552734359375 0.72265625 0.6298828140625 0.7138671859375 0.623046875 0.6962890640625 0.650390625 0.6767578140625 0.65234375 0.673828125 0.6337890640625 0.666015625 0.6259765640625 0.6640625 0.5947265640625 0.6376953140625 0.595703125 0.6298828140625 0.583984375 0.625 0.6123046859375 0.630859375 0.6298828140625 0.625 0.6494140640625 0.630859375 0.6611328140625 0.62109375 0.6962890640625 0.6318359359375 0.69921875 0.6455078140625 0.69140625 0.654296875 0.7021484359375 0.650390625 0.7607421859375 0.662109375 0.7724609359375 0.662109375 0.7861328140625 0.65234375 0.8193359359375 0.662109375 0.8212890640625 0.669921875 0.8173828140625 0.6728515640625 0.798828125 0.7177734359375 0.798828125 0.732421875 0.7685546859375
2 0.8125 0.9755859359375 0.82421875 0.9755859359375 0.833984375 0.9619140640625 0.8271484359375 0.94921875 0.8125 0.9560546859375 0.8125 0.9755859359375
2 0.7724609359375 0.919921875 0.7607421859375 0.91796875 0.7490234359375 0.93359375 0.7294921859375 0.931640625 0.7265625 0.9208984359375 0.734375 0.9052734359375 0.73046875 0.8857421859375 0.7138671859375 0.88671875 0.7080078140625 0.904296875 0.7060546859375 0.892578125 0.689453125 0.9267578140625 0.703125 0.9345703140625 0.7216796859375 0.9609375 0.740234375 0.9677734359375 0.7421875 0.9990234359375 0.802734375 0.9990234359375 0.798828125 0.9306640640625 0.787109375 0.9111328140625 0.7822265640625 0.908203125 0.7724609359375 0.919921875
2 0.7958984359375 0.033203125 0.798828125 0.045898435937499996 0.806640625 0.047851564062500004 0.83203125 0.0009765640625 0.7724609359375 0 0.7734375 0.036132814062500004 0.7958984359375 0.033203125
2 0.896484375 0.2314453140625 0.89453125 0.2177734359375 0.8779296859375 0.2109375 0.861328125 0.1845703140625 0.861328125 0.1650390640625 0.8388671859375 0.134765625 0.830078125 0.1396484359375 0.828125 0.1689453140625 0.818359375 0.1806640640625 0.818359375 0.2392578140625 0.826171875 0.2861328140625 0.8359375 0.2900390640625 0.8427734359375 0.275390625 0.8701171859375 0.287109375 0.890625 0.2548828140625 0.896484375 0.2314453140625
2 1 0.5556640640625 0.994140625 0.5537109359375 0.986328125 0.5283203140625 0.98828125 0.4892578140625 0.96875 0.4658203140625 0.97265625 0.4443359359375 0.9658203140625 0.44140625 0.9423828140625 0.455078125 0.9150390640625 0.40234375 0.896484375 0.4208984359375 0.890625 0.4736328140625 0.908203125 0.4912109359375 0.904296875 0.5205078140625 0.919921875 0.5478515640625 0.916015625 0.5712890640625 0.939453125 0.5947265640625 0.94921875 0.6494140640625 0.9638671859375 0.66796875 0.984375 0.6728515640625 0.98828125 0.7998046859375 0.98046875 0.8349609359375 1 0.8603515640625 1 0.5556640640625
2 0.1640625 0.9169921859375 0.1513671859375 0.9140625 0.1416015640625 0.89453125 0.10449218593750001 0.89453125 0.08496093593750001 0.861328125 0.06347656406249999 0.859375 0.0615234359375 0.8515625 0.046875 0.8466796859375 0.0625 0.8408203140625 0.06347656406249999 0.8125 0.08105468593750001 0.806640625 0.09277343593750001 0.814453125 0.1015625 0.8095703140625 0.103515625 0.7763671859375 0.1171875 0.7587890640625 0.10839843593750001 0.748046875 0.07714843593750001 0.759765625 0.0703125 0.7568359359375 0.07519531406249999 0.705078125 0.047851564062500004 0.72265625 0.041992185937499996 0.71875 0.0078125 0.8369140640625 0.0078125 0.8583984359375 0 0.8681640640625 0.0078125 0.8916015640625 0.020507814062499997 0.896484375 0.0283203140625 0.888671875 0.033203125 0.9013671859375 0.0234375 0.9541015640625 0.013671875 0.9658203140625 0.013671875 0.9990234359375 0.185546875 0.9990234359375 0.18359375 0.9853515640625 0.169921875 0.9677734359375 0.171875 0.9345703140625 0.1640625 0.9169921859375
2 0.109375 0.5615234359375 0.09472656406249999 0.564453125 0.07128906406249999 0.58984375 0.064453125 0.5654296859375 0.041992185937499996 0.552734375 0.0390625 0.5771484359375 0.056640625 0.6142578140625 0.07714843593750001 0.63671875 0.09765625 0.6396484359375 0.103515625 0.6298828140625 0.1015625 0.6025390640625 0.111328125 0.5810546859375 0.109375 0.5615234359375