2 0.3447265640625 0.611328125 0.3193359359375 0.615234375 0.2919921859375 0.607421875 0.283203125 0.6162109359375 0.2890625 0.6416015640625 0.2744140640625 0.638671875 0.26953125 0.6435546859375 0.28515625 0.6669921859375 0.28125 0.6884765640625 0.298828125 0.7041015640625 0.314453125 0.7431640640625 0.32421875 0.7470703140625 0.33203125 0.7177734359375 0.353515625 0.6982421859375 0.34765625 0.6181640640625 0.3447265640625 0.611328125
2 0.419921875 0.8935546859375 0.408203125 0.8798828140625 0.40234375 0.8525390640625 0.4130859359375 0.84375 0.4248046859375 0.84375 0.431640625 0.8232421859375 0.421875 0.8076171859375 0.421875 0.7744140640625 0.4033203140625 0.779296875 0.3955078140625 0.76953125 0.3837890640625 0.767578125 0.3662109359375 0.78125 0.3525390640625 0.7734375 0.345703125 0.7802734359375 0.35546875 0.8056640640625 0.3515625 0.8310546859375 0.3583984359375 0.83984375 0.373046875 0.8427734359375 0.359375 0.8876953140625 0.34765625 0.8994140640625 0.39453125 0.9462890640625 0.4052734359375 0.9453125 0.416015625 0.9345703140625 0.41015625 0.9052734359375 0.419921875 0.8935546859375
2 0.2109375 0.3779296859375 0.228515625 0.3603515640625 0.208984375 0.3466796859375 0.212890625 0.3173828140625 0.203125 0.2998046859375 0.20703125 0.2685546859375 0.19140625 0.2431640640625 0.197265625 0.2099609359375 0.1884765640625 0.205078125 0.1689453140625 0.216796875 0.1591796859375 0.20703125 0.1435546859375 0.21484375 0.130859375 0.2080078140625 0.138671875 0.1708984359375 0.130859375 0.1416015640625 0.123046875 0.1337890640625 0.1328125 0.12402343593750001 0.140625 0.09472656406249999 0.1337890640625 0.0859375 0.10253906406249999 0.08203125 0.080078125 0.08886718593750001 0.080078125 0.07324218593750001 0.10546875 0.045898435937499996 0.103515625 0.0302734359375 0.091796875 0.020507814062499997 0.08984375 0.0009765640625 0.0009765640625 0 0 0.07910156406249999 0.025390625 0.11230468593750001 0.0009765640625 0.125 0 0.1318359359375 0.020507814062499997 0.15625 0.0283203140625 0.15625 0.034179685937499996 0.142578125 0.049804685937499996 0.140625 0.046875 0.1748046859375 0.07714843593750001 0.19140625 0.08691406406249999 0.205078125 0.10644531406249999 0.1953125 0.1171875 0.2080078140625 0.107421875 0.2548828140625 0.12109375 0.2705078140625 0.123046875 0.2880859359375 0.1396484359375 0.287109375 0.150390625 0.2978515640625 0.1396484359375 0.318359375 0.119140625 0.3251953140625 0.12890625 0.3623046859375 0.1455078140625 0.390625 0.1611328140625 0.392578125 0.1748046859375 0.40625 0.19140625 0.4072265640625 0.18359375 0.4423828140625 0.1875 0.4677734359375 0.1962890640625 0.470703125 0.2138671859375 0.462890625 0.2265625 0.4697265640625 0.224609375 0.4365234359375 0.232421875 0.4169921859375 0.208984375 0.3916015640625 0.2109375 0.3779296859375
2 0.06640625 0.9990234359375 0.109375 0.9990234359375 0.1015625 0.9775390640625 0.115234375 0.9560546859375 0.10253906406249999 0.947265625 0.06640625 0.9990234359375
2 0 0.7822265640625 0.037109375 0.7900390640625 0.05078125 0.7783203140625 0.046875 0.7568359359375 0.0625 0.7470703140625 0.05859375 0.7177734359375 0.0703125 0.6923828140625 0.047851564062500004 0.69140625 0.036132814062500004 0.66796875 0.018554685937500003 0.66796875 0.009765625 0.6826171859375 0.015625 0.7197265640625 0.013671875 0.7333984359375 0 0.7470703140625 0 0.7822265640625
2 0.068359375 0.9287109359375 0.08203125 0.9072265640625 0.080078125 0.8525390640625 0.06738281406249999 0.841796875 0.038085935937499996 0.845703125 0.033203125 0.8212890640625 0.016601564062499997 0.822265625 0.0009765640625 0.80078125 0 0.9189453140625 0.015625 0.9033203140625 0.018554685937500003 0.875 0.0234375 0.8876953140625 0.015625 0.9052734359375 0.017578125 0.9541015640625 0.038085935937499996 0.955078125 0.037109375 0.9697265640625 0.045898435937499996 0.9609375 0.0615234359375 0.9609375 0.0703125 0.9482421859375 0.068359375 0.9287109359375
2 0.6943359359375 0.658203125 0.6689453140625 0.65625 0.654296875 0.6884765640625 0.671875 0.6943359359375 0.671875 0.7177734359375 0.69140625 0.7314453140625 0.705078125 0.7236328140625 0.697265625 0.7021484359375 0.71484375 0.6767578140625 0.6943359359375 0.658203125
2 0.513671875 0.1611328140625 0.5146484359375 0.123046875 0.4814453140625 0.12109375 0.4765625 0.1259765640625 0.486328125 0.1552734359375 0.462890625 0.1923828140625 0.470703125 0.2138671859375 0.48828125 0.2333984359375 0.494140625 0.2119140640625 0.505859375 0.2001953140625 0.494140625 0.1689453140625 0.513671875 0.1611328140625
2 0.48828125 0.06738281406249999 0.4814453140625 0.056640625 0.466796875 0.0517578140625 0.466796875 0.0283203140625 0.451171875 0.0009765640625 0.4365234359375 0 0.443359375 0.0537109359375 0.4287109359375 0.060546875 0.421875 0.07519531406249999 0.4306640640625 0.087890625 0.447265625 0.09082031406249999 0.447265625 0.11816406406249999 0.45703125 0.1298828140625 0.46484375 0.12402343593750001 0.466796875 0.09277343593750001 0.484375 0.08300781406249999 0.48828125 0.06738281406249999
2 0.5703125 0.2548828140625 0.578125 0.2451171859375 0.5732421859375 0.236328125 0.5537109359375 0.234375 0.5400390640625 0.212890625 0.533203125 0.2197265640625 0.53125 0.2587890640625 0.51171875 0.2705078140625 0.513671875 0.2822265640625 0.5 0.3154296859375 0.5029296859375 0.326171875 0.5244140640625 0.3203125 0.5390625 0.3271484359375 0.544921875 0.3193359359375 0.544921875 0.2919921859375 0.568359375 0.2919921859375 0.5703125 0.2548828140625
2 1 0.3134765640625 0.98828125 0.3095703140625 0.9775390640625 0.2890625 0.96875 0.2958984359375 0.96484375 0.3349609359375 0.95703125 0.3330078140625 0.9560546859375 0.32421875 0.953125 0.3408203140625 0.92578125 0.3681640640625 0.931640625 0.4365234359375 0.9384765640625 0.44921875 0.951171875 0.4423828140625 0.962890625 0.4892578140625 0.97265625 0.4931640640625 1 0.4541015640625 1 0.3134765640625
2 0.9306640640625 0.181640625 0.9619140640625 0.1796875 0.97265625 0.1591796859375 0.9619140640625 0.142578125 0.943359375 0.1318359359375 0.94140625 0.10644531406249999 0.9990234359375 0.08984375 1 0.08300781406249999 0.9423828140625 0.09375 0.9306640640625 0.072265625 0.9228515640625 0.083984375 0.9111328140625 0.0859375 0.908203125 0.07324218593750001 0.888671875 0.0576171859375 0.916015625 0.045898435937499996 0.8798828140625 0.05078125 0.87109375 0.0048828140625 0.8642578140625 0 0.85546875 0.008789064062500001 0.84765625 0.041992185937499996 0.822265625 0.0615234359375 0.828125 0.11230468593750001 0.8466796859375 0.1171875 0.84375 0.1259765640625 0.8583984359375 0.126953125 0.869140625 0.1416015640625 0.876953125 0.1787109359375 0.8671875 0.1865234359375 0.865234375 0.2001953140625 0.8701171859375 0.20703125 0.87890625 0.2060546859375 0.88671875 0.2470703140625 0.9140625 0.2607421859375 0.92578125 0.3037109359375 0.93359375 0.3056640640625 0.955078125 0.2236328140625 0.931640625 0.2158203140625 0.927734375 0.1865234359375 0.9306640640625 0.181640625