2 0.1350772265625 0.42382689687499997 0.14073549375 0.43341678281249996 0.1678560421875 0.4369070421875 0.1995028375 0.428179575 0.20099866249999998 0.41655648437500004 0.180840159375 0.39722344062500003 0.1341557375 0.377430559375 0.12700164687499998 0.3794637640625 0.1265990671875 0.3902429203125 0.1387595375 0.41051593124999997 0.1350772265625 0.42382689687499997
2 0.48664530156249997 0.37750084687499996 0.504329240625 0.377807403125 0.5380664984375 0.36048727187499996 0.5879346187500001 0.370843546875 0.6010535375 0.36071628125 0.618488178125 0.36296002031249996 0.630264546875 0.355613878125 0.5823908578125 0.3297601453125 0.5840972171875001 0.2935483234375 0.5496692953125 0.300933240625 0.525291096875 0.27613397968750003 0.5142626406249999 0.2776685796875 0.510081721875 0.2948539109375 0.49746141250000003 0.3011068109375 0.4884089109375 0.325542265625 0.47931763437499997 0.32732616875 0.4830959734375 0.320919990625 0.4698422578125 0.3014909140625 0.47233530156250003 0.2821190953125 0.4623040578125 0.27590496875000003 0.44362290312499997 0.28334713906250003 0.41819023125 0.282043365625 0.39388958125 0.30254720156250003 0.34764651875 0.294626715625 0.334182271875 0.29978637343750003 0.332091809375 0.308379040625 0.314657175 0.306135303125 0.2991024640625 0.3198876265625 0.2861368265625 0.3211729203125 0.28070938437500004 0.34804416250000003 0.25949640625 0.3522066046875 0.24975324531249998 0.36670684375 0.25566081875 0.374359546875 0.24963874062500002 0.3982003625 0.2940018734375 0.39012478281249996 0.33562265625 0.40335820624999996 0.3540545140625 0.39785321875 0.36960921875 0.38410089375 0.429911165625 0.38989214375 0.44086207499999996 0.34305445 0.4536356625 0.32795957656249997 0.4757886015625 0.33179516875 0.47085976875 0.354792046875 0.48664530156249997 0.37750084687499996
2 0.9051099234375 0.1556576328125 0.90127433125 0.177810575 0.872312628125 0.180975796875 0.8687263421875 0.20119155625000001 0.8550127937499999 0.2082883953125 0.8351423640625001 0.2096697171875 0.803514046875 0.179998875 0.7713298640625 0.1699491546875 0.767551528125 0.1763553359375 0.77474439375 0.196973678125 0.769815559375 0.21997055625 0.73772740625 0.21682562343749998 0.7336425125 0.2409157453125 0.7143094671875 0.2610742515625 0.651379678125 0.24509847968749998 0.6422884046874999 0.2468823875 0.6399486421875 0.25741223281250003 0.659704565625 0.28752443125 0.6810135625 0.290266778125 0.683142796875 0.304325659375 0.70782755625 0.31144098124999997 0.7107047015625 0.3196883171875 0.720390609375 0.32093483749999996 0.7500041984375 0.30505327968749996 0.79505799375 0.306912915625 0.8007735125 0.3007560375 0.79511524375 0.29116615625 0.766709403125 0.27471025781249997 0.8078500562500001 0.253419734375 0.8248821124999999 0.26644262812499997 0.841109 0.301023821875 0.8527320921875001 0.3025196484375 0.8724104718750001 0.2873287515625 0.9167163484374999 0.29499993125 0.916773603125 0.279253171875 0.8825562140625 0.2620493625 0.8936419265625 0.2447680015625 0.93819710625 0.2505020015625 0.979184484375 0.23805345 0.9985844796875 0.24912505624999998 0.9993448640624999 0.118426265625 0.9745216187500001 0.1212666734375 0.96999536875 0.13348439843749998 0.9492237515624999 0.1495192359375 0.9051099234375 0.1556576328125
2 0.18741265000000001 0.05541700468750001 0.1916895984375 0.0451364609375 0.17584681562499999 0.0381744203125 0.1707259296875 0.047361721875 0.1738523796875 0.0536718765625 0.18741265000000001 0.05541700468750001
2 0.3800173046875 0.0201415203125 0.3680488859375 0.0136780859375 0.352494175 0.0274304109375 0.3413696921875 0.022060221875 0.3183155625 0.0328781484375 0.32481777031250003 0.043561274999999997 0.363504153125 0.06429412031250001 0.3733433421875 0.0566986703125 0.3800173046875 0.0201415203125
2 0.140997834375 0.0947367984375 0.15918038125 0.09116899218749999 0.171704665625 0.07801129999999999 0.15279267968750002 0.048992346874999995 0.13804313906250001 0.041186365625 0.10654961874999999 0.041071860937499996 0.0898056421875 0.0487633359375 0.1119973578125 0.075250475 0.13911790468750002 0.078740734375 0.140997834375 0.0947367984375
2 0.5275265765625 0.003069059375 0.51514915625 0.0029970500000000002 0.5133947812499999 0.016629150000000002 0.544389690625 0.0206180203125 0.5472280640625 0.006213809375 0.5275265765625 0.003069059375
2 0.5858496078125001 0.6777807078125 0.608846484375 0.682709540625 0.6196644078125 0.705763671875 0.628755684375 0.7039797671875 0.6381535140625 0.6845119234375 0.6668659156250001 0.6832838828125001 0.6628955249999999 0.675880484375 0.64014795 0.6690144671875 0.6266449296875 0.651522578125 0.5895891718749999 0.648722978125 0.5784074328125001 0.6590995484375 0.5858496078125001 0.6777807078125
2 0.4546586171875 0.6796052 0.46915885468749996 0.6893483609375 0.44432081874999996 0.6910750109375 0.4416357265625 0.696637253125 0.45857175312500004 0.7027553546875 0.47426126249999995 0.7185593671875 0.4948796046875 0.7113665015625 0.5340645937499999 0.7282249828125 0.5463968265625 0.7012577125 0.5663245078125 0.6841296328124999 0.5485445390625 0.6769182890625001 0.5406037609375 0.66211149375 0.492423515625 0.653941703125 0.48292965781249997 0.666504759375 0.455655834375 0.671856471875 0.4546586171875 0.6796052
2 0.8142247218750001 0.63233918125 0.79331830625 0.61881768125 0.7984391921875 0.60963038125 0.7903451312499999 0.60366555625 0.76128740625 0.5999259921875 0.7414742296875 0.585560553125 0.708292834375 0.5832595609375 0.6973604 0.59169895 0.7255169390625 0.6100920296875 0.70802505 0.62359505 0.7275889203125 0.6398976734375 0.706126640625 0.6459972953124999 0.6999125125 0.6560285359375 0.718133834375 0.6751122765625001 0.7278197468750001 0.6763587984375 0.7511231796875 0.6636036890625 0.7774958140625 0.672905496875 0.7685190453125 0.6431958796874999 0.817945809375 0.641679759375 0.8142247218750001 0.63233918125
2 0.9439180687500001 0.5426896171875 0.9310484578124999 0.5508797015625 0.891863465625 0.5340212203125 0.8833668265625001 0.538835546875 0.8834055968750001 0.561487096875 0.89765653125 0.5731674390625 0.883291090625 0.5929806156249999 0.8956048437499999 0.6044116546875 0.8968901390624999 0.61737729375 0.9102011062500001 0.6210596046875 0.9233200234375 0.6109323390625 0.965496671875 0.604544640625 0.9869016984375 0.614191778125 0.9913891749999999 0.5793225015625 0.971576 0.5649570640625 0.992290365625 0.564668984375 0.9940354953125 0.5511087109374999 0.9652270749999999 0.5454319640625 0.9542946390625 0.553871353125 0.9439180687500001 0.5426896171875
2 0.307357059375 0.7148031390625 0.2431807546875 0.708513278125 0.2334375921875 0.723013515625 0.24381416250000001 0.73419525 0.2573744328125 0.73594038125 0.30123895625 0.731739165625 0.3115767546875 0.7202693546875001 0.307357059375 0.7148031390625
2 0.827016440625 1 0.836307375 0.988664334375 0.8219604140625 0.9700792 0.7860366734374999 0.9890872109375 0.7787292984375 0.9999623874999999 0.778758334375 1 0.827016440625 1