1 0.29098921718750004 0.8121093859374999 0.3065129546875 0.79889444375 0.287876675 0.7611525234375 0.282281896875 0.7230300203125 0.27030823437499996 0.7525705031250001 0.2443855203125 0.7756236796875 0.23610055624999998 0.7930280375 0.2529910421875 0.8028033546875 0.26174601875 0.8268981999999999 0.27409873125 0.8023340734375 0.29098921718750004 0.8121093859374999
2 0.20206399375 0.8811544375 0.1855525578125 0.8763554796875 0.163996503125 0.8860792359375 0.1439674796875 0.9410852640625 0.15919089687500002 0.9955702750000001 0.21860701875 0.9928029234375 0.22184825 0.95920226875 0.198615715625 0.9267285859375001 0.20463720156249998 0.9048429265625 0.20206399375 0.8811544375
2 0.0954707375 0.3548652671875 0.088392240625 0.3729678625 0.10144456875 0.3979641265625 0.13166463281250002 0.37581236875 0.11408536093749999 0.34185350468750003 0.0930469828125 0.328091953125 0.0886001828125 0.3302753640625 0.0954707375 0.3548652671875
2 0.1798755015625 0.46872635156250003 0.18516054531249998 0.4876416625 0.181621296875 0.49669296249999995 0.1887907609375 0.5151132171875 0.1822407703125 0.535107340625 0.1970172359375 0.5373165328125 0.2133900421875 0.5705771546875 0.23200466875 0.5575653921875 0.2441494390625 0.575693765625 0.2583974015625 0.576011421875 0.263970525 0.5633802421875 0.2782184890625 0.5636979 0.2806205859375 0.5397175328125 0.26335105312499996 0.5249658593750001 0.2360615921875 0.5250287828125 0.23096283125 0.412667284375 0.2136239828125 0.41214645 0.1985377828125 0.39073007187500003 0.1911495453125 0.3896254765625 0.184610384375 0.43499644843749996 0.168109778125 0.45557433437499995 0.1798755015625 0.46872635156250003
2 0.25569639375 0.6061614453125 0.22154720625 0.6070113046875 0.22245475781250001 0.613879190625 0.25193837812500003 0.632528403125 0.2648412515625 0.660609490625 0.27252839375 0.655544434375 0.2718396078125 0.6313608875 0.27794123593750003 0.6206212359375 0.28397355156250004 0.6241124203124999 0.2867763546875 0.6558620921875 0.2931184078125 0.6785604671875001 0.30488413125 0.6917124828125 0.31092727343750004 0.7205805078124999 0.3258531953125 0.7197048703125 0.375996140625 0.7471392796874999 0.3823273671875 0.7444608109375 0.3685169390625 0.7095118312500001 0.3788357765625 0.6885275921875 0.3596125046875 0.6885018125 0.3479962390625 0.6722649703125 0.37157534062500003 0.6335844859375 0.3576956 0.6128663453125001 0.328671171875 0.610339496875 0.30747250937500004 0.574285928125 0.293085925 0.6024299375 0.2836638125 0.6049052265625 0.2700136703125 0.5922482671875 0.25569639375 0.6061614453125
2 0.505131009375 0.9233579671875001 0.4883791515625 0.8851209843750001 0.4987781296875 0.87528275 0.5089583390625 0.8827601734374999 0.5100846625 0.872312403125 0.5189782640625 0.8679455828125 0.5311013828125 0.8353202734374999 0.5274018500000001 0.8220795531249999 0.519485115625 0.819083428125 0.5005715828125 0.8382648421875001 0.486910609375 0.8002310375 0.4706980859375 0.7892624328125 0.46806638906250003 0.8051816171875 0.486403759375 0.8490931906249999 0.4769816515625 0.8515684796875 0.4581266046875 0.8311422187499999 0.459194440625 0.8603021234374999 0.4313071609375 0.87270435 0.4264921390625 0.895288246875 0.44134874375 0.9086434421874999 0.47511888437499994 0.9028172265625001 0.48915890781250004 0.9458273828125 0.48614816562499996 0.956770215625 0.5103467390625 0.9565041109375001 0.5155453078125001 0.9789728015625 0.532539696875 0.9781812750000001 0.5203666671875 0.94168951875 0.5369474125 0.9322576421875001 0.536039859375 0.925389753125 0.505131009375 0.9233579671875001
2 0.8631235140625 0.894281484375 0.8842312046874999 0.893812203125 0.8906425703125 0.9022797421875 0.9384310749999999 0.88871 0.9223680062499999 0.8746565703125 0.922207721875 0.8523645484375001 0.9032140515625 0.86039995625 0.899663975 0.8440744140625001 0.8848875078124999 0.8418652218749999 0.8756841640624999 0.8270248546875001 0.8606087890625 0.8309853171875 0.8445457171875 0.816931884375 0.84719906875 0.8517663796875 0.8398909765625 0.86180779375 0.8567814609375001 0.8715831093749999 0.8631235140625 0.894281484375
2 0.6031079828125 0.51387749375 0.611414596875 0.5472268203125 0.6246748671875 0.52953058125 0.6546068484374999 0.538925315625 0.6546761609375 0.5246944796874999 0.6693724875 0.515757659375 0.6720041796875 0.49983847187499997 0.6532292749999999 0.4905582203125 0.6428887828125001 0.46078877812499996 0.6241940171875 0.46265453125 0.613784215625 0.44711592343750006 0.6066255765624999 0.4540725140625 0.6024191953125 0.489693946875 0.5885502828125 0.4943526484375 0.5886304265625 0.5054986546875 0.6031079828125 0.51387749375
2 0.6370492328124999 0.5557201390625 0.6375084249999999 0.5718425046875 0.6504806078125001 0.5856927578125 0.672645309375 0.5890065390625 0.6777007578124999 0.5998606671875 0.6646700875 0.6256180921875 0.671311046875 0.6421468124999999 0.668230990625 0.6673204765625 0.7020011328125 0.6614942593750001 0.7115943515625001 0.70668783125 0.7306573359375 0.684421590625 0.747329053125 0.7115125625000001 0.75592375 0.7133153921875001 0.756900615625 0.7059524484375 0.7699421156249999 0.7055718671875 0.7668404046874999 0.6799918484374999 0.7199377953125 0.6496757921875 0.7331980625 0.6319795546875 0.735151796875 0.6172536609375 0.7242828015625 0.585592690625 0.7065649031250001 0.5800954968750001 0.705048703125 0.5601900671875 0.69501795 0.5496278203125 0.6442078687499999 0.54876355 0.6370492328124999 0.5557201390625
2 0.552163625 0.37498300625000003 0.5406274984375 0.369892171875 0.5396398015625 0.3518782734375 0.5186707390625 0.3238858859375 0.509558365625 0.34556836875 0.512729390625 0.35691755468749997 0.52826395625 0.36907945625 0.5268387265625 0.3856968796875 0.537018934375 0.3931743015625 0.5423039796875 0.4120896125 0.54848575 0.41249597343750005 0.552163625 0.37498300625000003
2 0.361754734375 0.0554772296875 0.35307989375000004 0.0425283890625 0.33574104843749997 0.0420075546875 0.319069334375 0.0149165796875 0.3156795375 0.020883053125000002 0.3294206515625 0.0700628625 0.3185733109375 0.089155575 0.3374391875 0.1349586828125 0.3513882390625 0.1414459890625 0.3640290328125 0.0853353671875 0.361754734375 0.0554772296875
2 0.4465277171875 0.148937825 0.4421394 0.1115135609375 0.43256783906249996 0.11707367500000002 0.42653552031249997 0.113582490625 0.41619502812500003 0.08381304843750001 0.40345243750000004 0.0780239796875 0.39720135624999997 0.0918484546875 0.3809195171875 0.095110684375 0.402497228125 0.13614060781249998 0.38381329062499997 0.16338320625 0.3998763609375 0.1774366359375 0.39973773437500004 0.20589830468749998 0.41451420156249996 0.2081074953125 0.42877299375 0.2338019921875 0.44451549999999995 0.20327139375 0.4524322359375 0.2062675203125 0.4603598 0.23464048437499999 0.478008384375 0.2543685109375 0.488177765625 0.23646909531250002 0.5040112421875 0.24246134531250002 0.5171913671875 0.21361909843750002 0.5045982312499999 0.20474520156249998 0.5051960484375 0.1924058984375 0.49863522812500005 0.187023184375 0.48431795468749994 0.20093635937499998 0.4650946828125 0.20091058125 0.46298066718750003 0.19334445625000002 0.46946134375000004 0.1875811625 0.4641763 0.16866585 0.4465277171875 0.148937825
2 1 0.40327711875 0.996872021875 0.3992643859375 0.9760740640625001 0.41894085781249996 0.9516350656249999 0.38576893125 0.9442468343750001 0.3846643375 0.962733659375 0.42549108750000003 0.966892378125 0.45485416875 0.9739817046875 0.46212841562499996 0.98596619375 0.45796477343750003 0.9931356593749999 0.4763850265625 1 0.479164684375 1 0.40327711875
2 0.8841467890624999 0.1659449609375 0.8835273156250001 0.127530575 0.8780235015625 0.1259309265625 0.8682331718749999 0.1488067015625 0.844242534375 0.10638030000000001 0.8353489328125001 0.11074712187499999 0.8248806406250001 0.13481618906249998 0.784896246875 0.064105521875 0.7683848140625 0.059306567187500006 0.7671090359375 0.0728391625 0.7822753812500001 0.10540155 0.773760825 0.1147447296875 0.742921290625 0.0984821078125 0.75439893125 0.1431806203125 0.73654240625 0.1661450921875 0.7386564234375 0.1737112171875 0.7614990828125 0.17583170625 0.7697255562499999 0.198035021875 0.780583728125 0.204319153125 0.79083325 0.1975657421875 0.7933154859375 0.18473138281249998 0.8040935140625001 0.179869503125 0.8193400015625001 0.2235779015625 0.8418036109375 0.22072202968750002 0.871666278125 0.2443475953125 0.8470994796875001 0.26501418593750004 0.8762841921875 0.289833046875 0.8889682953125 0.33522979531249997 0.8986200015625 0.3408156890625 0.9129589328125001 0.3776561953125 0.9290913156249999 0.37747879375000004 0.9298277609375001 0.336677825 0.9076522328125 0.307987196875 0.9005520796875001 0.2753361109375 0.9039418749999999 0.2693696375 0.9270141296875 0.2795513078125 0.9287382687499999 0.2567642328125 0.9536841171875 0.2410740046875 0.9031729468749999 0.2340400828125 0.9005304234375 0.224582425 0.9113777640625 0.2054897125 0.9042083 0.1870694578125 0.8841467890624999 0.1659449609375
1 0.9644751078124999 0.6199495859375 0.9882144921875 0.6035611171874999 0.92209944375 0.5985961296875 0.9524906156249999 0.6241132265625 0.9644751078124999 0.6199495859375