2 0.403978725 0.7054384421875 0.3718475859375 0.6750032874999999 0.364666065625 0.677123146875 0.364681753125 0.6840379343749999 0.38491343906250003 0.7081387421875001 0.403978725 0.7054384421875
2 0.7500485890624999 0 0.7435188125 0.029303640625 0.75845720625 0.035007078125 0.782753025 0.023045004687500002 0.7834198125 0 0.7500485890624999 0
2 0.649677846875 0.088407384375 0.6455038859375 0.0760667625 0.649887078125 0.058805031249999994 0.613613353125 0.029858825 0.600097659375 0.0420985 0.5871102546875 0.0435369734375 0.5813828140624999 0.07742952187499999 0.5974405359375 0.08918970625 0.6441596359374999 0.092697578125 0.649677846875 0.088407384375
2 0.3706131625 0.7400376078125 0.367317921875 0.7495265109375 0.3891972265625 0.7688828671875 0.3864773453125 0.78831493125 0.4028227484375 0.8050466953125 0.42188803437500005 0.8023463953125001 0.42764685625 0.7822834249999999 0.46606509999999995 0.7818544109375 0.4317423671875 0.7600501140625 0.44193144375 0.743469775 0.43998045625 0.7363278578125 0.4242261 0.7364540374999999 0.4131896796875 0.7450344296875 0.3706131625 0.7400376078125
2 0.5201435703125 0.7398104984375 0.52039986875 0.7309525031249999 0.5306046375 0.7212869484375 0.5620976625 0.714119803125 0.5548847640625 0.7024100890625 0.5194740765625 0.688378621875 0.5033849734375 0.6627888640624999 0.47825749999999995 0.6736657703125 0.4569692390625 0.6711673578124999 0.4509227421875 0.6862587515625 0.458695309375 0.7009968375 0.47916759999999997 0.709324865625 0.48252560000000005 0.7274951078125 0.4985676328125 0.73234050625 0.47342447343750005 0.736302625 0.475391146875 0.750359325 0.4980707265625 0.7569712765625 0.5163671140625 0.7808449562499999 0.5254839312499999 0.7789522234375 0.527659834375 0.7634065718749999 0.5403595640625001 0.7569965171875 0.5201435703125 0.7398104984375
2 0.2995512796875 0.36234895625 0.28190869531249996 0.382992365625 0.2858106671875 0.397276196875 0.2728389484375 0.40562945624999996 0.274805625 0.419686159375 0.2593389421875 0.4247839171875 0.249421853125 0.4394210546875 0.277635334375 0.4486575984375 0.28459193125 0.4692253 0.2978670203125 0.47275840625 0.32437012187500003 0.45908025312499995 0.333727546875 0.44141474374999995 0.3633009640625 0.44093525624999996 0.3732337453125 0.43321290156250003 0.35164211875 0.4188281265625 0.3554813328125 0.4054528140625 0.3399518921875 0.382891428125 0.3228062171875 0.37890406875 0.2995512796875 0.36234895625
2 0.42224252812499996 0 0.37533130625 0.01769483125 0.3603929125 0.0119913921875 0.3261329375 0.017846243749999997 0.32064610625 0.035966009375 0.2957906203125 0.0448997078125 0.2905757765625 0.0610762703125 0.3270430359375 0.053505340624999995 0.332592628125 0.0630447203125 0.32433884687500003 0.0798521890625 0.33097638749999997 0.08161874218750001 0.34420440625 0.0644074890625 0.3555285078125 0.060798678125000005 0.369922925 0.070388528125 0.371329934375 0.0814168546875 0.3874033484375 0.1000918265625 0.41008292500000004 0.10670377812500001 0.4260935828125 0.09771960625000001 0.4337876984375 0.077883759375 0.478027528125 0.085050915625 0.495973478125 0.0762938703125 0.48183536250000003 0.0578460296875 0.44421738906249997 0.0455306375 0.44580224843750005 0.013127043750000001 0.42958308125 0 0.42224252812499996 0
2 0.059694798437499995 0.508997915625 0.067451675 0.5168212125 0.1006236953125 0.518739184375 0.1285651890625 0.529918934375 0.1453918078125 0.5151051437499999 0.1389791859375 0.490651028125 0.15300747812499998 0.46069537031249996 0.090727559375 0.42079654062499994 0.0759983953125 0.3854907515625 0.0627390015625 0.38887243125 0.05752415625 0.40504899375000003 0.022976503125 0.4059322671875 0.016012684375 0.4585432984375 0.0181192921875 0.518868634375 0.033688603125 0.49804529375 0.05163455625 0.489288246875 0.059935407812499994 0.4932251359375 0.059694798437499995 0.508997915625
2 1 0.2646119453125 0.945835665625 0.27031171718749997 0.9194947234375 0.233643159375 0.9078829468749999 0.23228038906249998 0.8783409046875 0.24658945000000002 0.8194660546874999 0.245605221875 0.8131475671875 0.262639821875 0.8372184703125001 0.2733653140625 0.8449910296875001 0.2881033984375 0.8706938609374999 0.287169653125 0.8751711890625 0.31139664218749996 0.9119731968749999 0.3295416515625 0.92633623125 0.3253019296875 0.9606275875 0.33327665 0.9929208921875 0.3133650984375 1 0.31388369531250004 1 0.2646119453125
2 0.18277454531249998 0.0583002484375 0.173066684375 0.0433350359375 0.14851456406250002 0.06415509999999999 0.115520390625 0.0188052046875 0.09420075312500001 0.0024772203125 0.0837239984375 0.0140859859375 0.08653801875 0.036142637500000005 0.11702153906249999 0.0713222453125 0.06649460625 0.095019265625 0.0575346890625 0.16605985625 0.092882615625 0.1524321796875 0.1128109359375 0.164646621875 0.1335238390625 0.1572018734375 0.17222976406249998 0.1617444375 0.18000232656249998 0.176482521875 0.195756684375 0.17635634218750001 0.226370990625 0.1473596671875 0.229090871875 0.1279276046875 0.212729778125 0.10428105781250001 0.2350118515625 0.05751792343749999 0.225047690625 0.051410703125 0.18277454531249998 0.0583002484375
2 0.8753175546874999 0.619533640625 0.89468620625 0.62871970625 0.9024901484375001 0.6572873640625 0.8679424921875001 0.6581706375 0.8505562046874999 0.66995605625 0.8364494671875 0.6653377828125 0.844159271875 0.6524167265624999 0.8413609453124999 0.6372748578125 0.8256065859374999 0.6374010375 0.793857259375 0.6534261765625 0.7581745843750001 0.6413379156250001 0.744402590625 0.66243558125 0.7198347828125 0.6763408609375 0.6918932953125 0.6651611125 0.683848740625 0.6523662328125 0.6379769890625 0.656858315625 0.61472205 0.6403032046875 0.5953690875000001 0.638031921875 0.590154246875 0.654208484375 0.60458004375 0.677627903125 0.596326259375 0.6944353796875 0.5756133578125 0.701880125 0.57978731875 0.7142207468749999 0.5643363265625 0.7262332953125 0.5640800296874999 0.7350912875 0.5945007921875 0.7426117515625 0.6342946703125001 0.7393814921875 0.6572776124999999 0.7578798078125 0.6843717609375 0.761059603125 0.7219583578125001 0.7595454203124999 0.74762980625 0.7447821046875001 0.7808018265625 0.746700078125 0.7959808328125 0.7366307375 0.82337834375 0.7516969 0.8482652109375 0.7565927718750001 0.8545993859375001 0.7464729578125 0.848490128125 0.7339052078125 0.86394111875 0.7218926625 0.84124585 0.7083659234375 0.838463209375 0.7001388421875 0.8586321375000001 0.69658050625 0.8990013734375 0.70329340625 0.9238568578124999 0.69435970625 0.9399459625000001 0.719949465625 0.9800118281250001 0.7147759984375 0.9874653328124999 0.7107129296875 0.99698491875 0.6427007140625001 0.9812148687500001 0.6359121062499999 0.9640064359375 0.6042656015625 0.9316503734375001 0.596518009375 0.9079142234375001 0.6115084546875 0.8755738515625 0.6106756453125 0.8753175546874999 0.619533640625
2 0.6478104703125 0.361743325 0.6666508328125 0.38173059062500003 0.686819759375 0.37817225312499997 0.7219584625000001 0.39414692812499996 0.7398887249999999 0.378475096875 0.776931340625 0.380847328125 0.8092246453125 0.3609357765625 0.8473865937499999 0.36936475468749996 0.852057459375 0.35707460625 0.8368313859375001 0.34639958593750003 0.8351523890625 0.3373144640625 0.85087536875 0.3233587140625 0.8569218671875 0.30826731875 0.8414238078125 0.299535509375 0.7894741765625 0.30528941249999997 0.7769522953125 0.26826754375 0.7280259140625 0.266475753125 0.71665474375 0.249340203125 0.703107671875 0.24775030625 0.6852087859375 0.27725170781249997 0.6727496671875 0.2678889859375 0.6337717546875 0.2652896265625 0.620528046875 0.2755860953125 0.58929131875 0.27389525 0.55618205 0.29963642031250004 0.49673184531250003 0.28870903281250004 0.4829441640625 0.30289191249999997 0.43182618437500003 0.30973098125 0.43073823125 0.3175038078125 0.44238138749999995 0.332696153125 0.4285937046875 0.3468790328125 0.4275371328125 0.368481428125 0.4187079953125 0.3753457375 0.424273275 0.3917999015625 0.4105012796875 0.41289757031249996 0.4636016234375 0.4270299859375 0.5017008125 0.40779981875000004 0.5271316546875 0.4088092796875 0.548388534375 0.39747811875 0.5771773703124999 0.4166578203125 0.6020642296875 0.42155369374999996 0.6089423828125 0.40754746875 0.59590790625 0.388241584375 0.613037896875 0.385314159375 0.6207320109375 0.365478315625 0.6339914062500001 0.36209663124999997 0.6478104703125 0.361743325
1 0.6507762234375 0.207043915625 0.6419157078125 0.20007865156250002 0.6498818125 0.17829960312499998 0.6363347359375 0.1767097046875 0.62336301875 0.185062965625 0.6048260203125 0.176962065625 0.5871677453124999 0.1906906890625 0.6101193125 0.195359434375 0.6145652640625 0.20575685 0.6507762234375 0.207043915625
1 0.9481476203125 0.0710952171875 0.918830496875 0.06271671250000001 0.9201433671875 0.0322563234375 0.910482578125 0.0380354671875 0.893750096875 0.09433797656250001 0.8987400171875001 0.10084898125 0.9105924062499999 0.086438971875 0.9520339 0.07846425781250001 0.9481476203125 0.0710952171875
1 0.8260879109375001 0.2404569875 0.86146721875 0.240658884375 0.8772058859375 0.2336179203125 0.874967221875 0.221504425 0.862780090625 0.21019849218750003 0.8724251921875 0.19750456562500002 0.8632769953125001 0.1855677234375 0.8525125640625 0.1922049078125 0.82402709375 0.1849115703125 0.8376212390625 0.207245825 0.80337695 0.22001546562500002 0.8260879109375001 0.2404569875