2 0.04296875 0.0009765640625 0.0390625 0.036132814062500004 0.043945314062500004 0.041015625 0.0517578140625 0.041015625 0.06933593593750001 0.01953125 0.07910156406249999 0.05078125 0.09277343593750001 0.04296875 0.115234375 0.0576171859375 0.12109375 0.0283203140625 0.1328125 0.020507814062499997 0.1298828140625 0 0.04296875 0.0009765640625
2 0.263671875 0.4013671859375 0.26953125 0.3779296859375 0.2353515640625 0.3515625 0.23046875 0.3837890640625 0.263671875 0.4013671859375
2 0.2958984359375 0.474609375 0.3056640640625 0.5078125 0.330078125 0.5009765640625 0.330078125 0.4814453140625 0.322265625 0.4658203140625 0.328125 0.4306640640625 0.3193359359375 0.419921875 0.3037109359375 0.421875 0.2900390640625 0.39453125 0.279296875 0.4013671859375 0.28125 0.4462890640625 0.2666015640625 0.44921875 0.265625 0.4638671859375 0.234375 0.4814453140625 0.244140625 0.4970703140625 0.244140625 0.5224609359375 0.251953125 0.5263671859375 0.2744140640625 0.484375 0.28125 0.5029296859375 0.291015625 0.5029296859375 0.2958984359375 0.474609375
2 0.4443359359375 0.86328125 0.43359375 0.8486328140625 0.44921875 0.7978515640625 0.4443359359375 0.791015625 0.4267578140625 0.791015625 0.4208984359375 0.7734375 0.4033203140625 0.81640625 0.396484375 0.7939453140625 0.38671875 0.7958984359375 0.392578125 0.8466796859375 0.3828125 0.8662109359375 0.384765625 0.8896484359375 0.3984375 0.8916015640625 0.40234375 0.8583984359375 0.4130859359375 0.849609375 0.416015625 0.8857421859375 0.4248046859375 0.892578125 0.4326171859375 0.87890625 0.4501953140625 0.904296875 0.458984375 0.9033203140625 0.474609375 0.8896484359375 0.4765625 0.8779296859375 0.4580078140625 0.85546875 0.4443359359375 0.86328125
2 0.044921875 0.7275390640625 0.0595703140625 0.734375 0.076171875 0.7138671859375 0.076171875 0.7041015640625 0.06542968593750001 0.693359375 0.04296875 0.6904296859375 0.033203125 0.6533203140625 0.018554685937500003 0.640625 0.009765625 0.6455078140625 0.009765625 0.6689453140625 0 0.6767578140625 0.001953125 0.7373046859375 0.0068359359375 0.728515625 0.0283203140625 0.732421875 0.038085935937499996 0.7109375 0.044921875 0.7275390640625
2 0 0.9658203140625 0.0078125 0.9658203140625 0.0546875 0.9580078140625 0.05078125 0.9228515640625 0.060546875 0.9013671859375 0.056640625 0.8291015640625 0.049804685937499996 0.8125 0.0390625 0.8212890640625 0.044921875 0.8466796859375 0.025390625 0.8896484359375 0.02734375 0.9130859359375 0 0.9365234359375 0 0.9658203140625
2 0.09863281406249999 0.984375 0.080078125 0.9892578140625 0.08105468593750001 1 0.14453125 0.9990234359375 0.1416015640625 0.95703125 0.12402343593750001 0.974609375 0.10839843593750001 0.97265625 0.09863281406249999 0.984375
2 0.7890625 0.9873046859375 0.787109375 0.9990234359375 0.8203125 0.9990234359375 0.830078125 0.9853515640625 0.830078125 0.9697265640625 0.8134765640625 0.958984375 0.7890625 0.9873046859375
2 0.84375 0.9013671859375 0.84375 0.8857421859375 0.830078125 0.8720703140625 0.8251953140625 0.84375 0.8095703140625 0.873046875 0.7841796859375 0.861328125 0.763671875 0.9052734359375 0.7685546859375 0.94140625 0.7861328140625 0.9375 0.810546875 0.9423828140625 0.80859375 0.9033203140625 0.8154296859375 0.900390625 0.8330078140625 0.908203125 0.84375 0.9013671859375
2 0.7744140640625 0.806640625 0.75 0.7900390640625 0.75390625 0.7705078140625 0.7421875 0.7333984359375 0.7626953140625 0.7109375 0.7822265640625 0.728515625 0.8037109359375 0.720703125 0.810546875 0.6787109359375 0.7998046859375 0.66796875 0.7685546859375 0.671875 0.7568359359375 0.6640625 0.7373046859375 0.666015625 0.73828125 0.6259765640625 0.708984375 0.6279296859375 0.71875 0.5869140640625 0.73828125 0.5771484359375 0.734375 0.5478515640625 0.751953125 0.5205078140625 0.751953125 0.4990234359375 0.7470703140625 0.49609375 0.7373046859375 0.498046875 0.7197265640625 0.517578125 0.7119140640625 0.505859375 0.70703125 0.5224609359375 0.693359375 0.5302734359375 0.6884765640625 0.548828125 0.6708984359375 0.55078125 0.6552734359375 0.5390625 0.6484375 0.5693359359375 0.65234375 0.6142578140625 0.66796875 0.6279296859375 0.673828125 0.6826171859375 0.666015625 0.6904296859375 0.673828125 0.6923828140625 0.6787109359375 0.720703125 0.6982421859375 0.70703125 0.7099609359375 0.70703125 0.71875 0.7197265640625 0.703125 0.7314453140625 0.703125 0.7568359359375 0.720703125 0.7841796859375 0.728515625 0.8115234359375 0.734375 0.8134765640625 0.7265625 0.8349609359375 0.740234375 0.8427734359375 0.7509765640625 0.826171875 0.7685546859375 0.828125 0.78125 0.8193359359375 0.7744140640625 0.806640625
2 0.58984375 0.3115234359375 0.6064453140625 0.29296875 0.6162109359375 0.3046875 0.6201171859375 0.291015625 0.6357421859375 0.287109375 0.646484375 0.2724609359375 0.646484375 0.2587890640625 0.626953125 0.2333984359375 0.638671875 0.2001953140625 0.6357421859375 0.16015625 0.619140625 0.1708984359375 0.6025390640625 0.201171875 0.591796875 0.1923828140625 0.5888671859375 0.2265625 0.5751953140625 0.228515625 0.56640625 0.2216796859375 0.56640625 0.2060546859375 0.55859375 0.2001953140625 0.578125 0.1904296859375 0.580078125 0.1611328140625 0.5703125 0.1474609359375 0.5703125 0.1357421859375 0.5859375 0.10253906406249999 0.5751953140625 0.091796875 0.5634765640625 0.09375 0.556640625 0.07324218593750001 0.5439453140625 0.072265625 0.5322265640625 0.0546875 0.5244140640625 0.0546875 0.517578125 0.09472656406249999 0.5009765640625 0.095703125 0.4921875 0.12011718593750001 0.4736328140625 0.119140625 0.462890625 0.1376953140625 0.4775390640625 0.158203125 0.49609375 0.1650390640625 0.5 0.1923828140625 0.5087890640625 0.20703125 0.5205078140625 0.181640625 0.5390625 0.1982421859375 0.552734375 0.2529296859375 0.537109375 0.2705078140625 0.537109375 0.2822265640625 0.548828125 0.2958984359375 0.544921875 0.3076171859375 0.53125 0.3173828140625 0.529296875 0.3271484359375 0.541015625 0.3466796859375 0.529296875 0.3642578140625 0.546875 0.3701171859375 0.5595703140625 0.3515625 0.5673828140625 0.357421875 0.583984375 0.3544921859375 0.58984375 0.3115234359375
2 0.8193359359375 0 0.818359375 0.032226564062500004 0.8046875 0.047851564062500004 0.8173828140625 0.07421875 0.833984375 0.06933593593750001 0.8427734359375 0.1015625 0.859375 0.08105468593750001 0.8583984359375 0.07421875 0.865234375 0.08105468593750001 0.8671875 0.09863281406249999 0.84765625 0.1337890640625 0.8603515640625 0.15625 0.8720703140625 0.15234375 0.884765625 0.1611328140625 0.8828125 0.1806640640625 0.89453125 0.1962890640625 0.890625 0.2314453140625 0.904296875 0.2548828140625 0.923828125 0.2236328140625 0.919921875 0.1884765640625 0.935546875 0.1767578140625 0.9375 0.1533203140625 0.947265625 0.1435546859375 0.935546875 0.11621093593750001 0.943359375 0.08691406406249999 0.927734375 0.07714843593750001 0.943359375 0.047851564062500004 0.94921875 0.0068359359375 0.9462890640625 0 0.9111328140625 0 0.9052734359375 0.0078125 0.8994140640625 0 0.8193359359375 0
2 1 0.5126953140625 0.9697265640625 0.50390625 0.9501953140625 0.48828125 0.94140625 0.5009765640625 0.958984375 0.5224609359375 0.9345703140625 0.53125 0.92578125 0.5478515640625 0.9462890640625 0.5546875 0.9501953140625 0.5625 0.962890625 0.5615234359375 0.974609375 0.5498046859375 0.9736328140625 0.525390625 1 0.5361328140625 1 0.5126953140625