2 0.07324218593750001 0.869140625 0.095703125 0.8759765640625 0.1015625 0.8662109359375 0.09667968593750001 0.830078125 0.072265625 0.8583984359375 0.07324218593750001 0.869140625
2 0.1533203140625 0.927734375 0.138671875 0.9326171859375 0.1259765640625 0.9609375 0.11035156406249999 0.9609375 0.09765625 0.9697265640625 0.099609375 0.9794921859375 0.115234375 0.9892578140625 0.11621093593750001 1 0.19140625 0.9990234359375 0.1875 0.9833984359375 0.169921875 0.9697265640625 0.16796875 0.9501953140625 0.1533203140625 0.927734375
2 0.0234375 0.5576171859375 0.017578125 0.5341796859375 0.005859375 0.5244140640625 0.013671875 0.5009765640625 0.0029296859375 0.5 0 0.6259765640625 0.0146484359375 0.638671875 0.033203125 0.6435546859375 0.05078125 0.6103515640625 0.046875 0.5791015640625 0.052734375 0.5634765640625 0.0234375 0.5576171859375
2 0.076171875 0.7392578140625 0.083984375 0.7158203140625 0.07128906406249999 0.701171875 0.043945314062500004 0.705078125 0.0390625 0.6728515640625 0.032226564062500004 0.66796875 0.008789064062500001 0.671875 0.0009765640625 0.658203125 0 0.7587890640625 0.015625 0.7626953140625 0.0283203140625 0.8046875 0.068359375 0.8115234359375 0.076171875 0.8056640640625 0.07421875 0.7841796859375 0.0859375 0.7705078140625 0.076171875 0.7392578140625
2 0.490234375 0.9990234359375 0.5234375 0.9990234359375 0.51953125 0.9755859359375 0.4990234359375 0.955078125 0.486328125 0.9736328140625 0.490234375 0.9990234359375
2 0.4580078140625 0.935546875 0.443359375 0.9677734359375 0.439453125 0.9990234359375 0.462890625 0.9990234359375 0.4609375 0.9833984359375 0.484375 0.9677734359375 0.48046875 0.9482421859375 0.4580078140625 0.935546875
2 0.353515625 0.4658203140625 0.3486328140625 0.453125 0.3232421859375 0.46484375 0.3056640640625 0.453125 0.2939453140625 0.453125 0.2890625 0.4677734359375 0.298828125 0.4951171859375 0.2919921859375 0.5 0.2783203140625 0.494140625 0.275390625 0.5048828140625 0.2890625 0.5185546859375 0.287109375 0.5478515640625 0.306640625 0.5654296859375 0.31640625 0.5986328140625 0.326171875 0.6044921859375 0.333984375 0.5947265640625 0.3359375 0.5732421859375 0.357421875 0.5498046859375 0.353515625 0.4658203140625
2 0.41015625 0.7392578140625 0.408203125 0.7080078140625 0.435546875 0.6923828140625 0.423828125 0.6611328140625 0.427734375 0.6279296859375 0.4169921859375 0.623046875 0.4052734359375 0.62890625 0.3876953140625 0.62109375 0.3642578140625 0.634765625 0.3525390640625 0.623046875 0.34765625 0.6435546859375 0.357421875 0.6591796859375 0.35546875 0.6884765640625 0.37109375 0.7060546859375 0.3515625 0.7509765640625 0.359375 0.7685546859375 0.3798828140625 0.78125 0.3916015640625 0.798828125 0.41015625 0.7998046859375 0.41796875 0.7939453140625 0.412109375 0.7568359359375 0.419921875 0.7451171859375 0.41015625 0.7392578140625
2 0.0576171859375 0 0.052734375 0.010742185937499999 0.06542968593750001 0.015625 0.09277343593750001 0.046875 0.11230468593750001 0.041015625 0.119140625 0.047851564062500004 0.123046875 0.07714843593750001 0.11328125 0.08496093593750001 0.11328125 0.10058593593750001 0.125 0.11230468593750001 0.126953125 0.1259765640625 0.1396484359375 0.12890625 0.158203125 0.1513671859375 0.1533203140625 0.16015625 0.1298828140625 0.166015625 0.125 0.1826171859375 0.1533203140625 0.240234375 0.1650390640625 0.234375 0.1787109359375 0.248046875 0.1953125 0.2490234359375 0.1953125 0.2998046859375 0.201171875 0.3193359359375 0.208984375 0.3212890640625 0.2158203140625 0.310546875 0.234375 0.3134765640625 0.2265625 0.2763671859375 0.236328125 0.2607421859375 0.21484375 0.2412109359375 0.21875 0.2294921859375 0.232421875 0.2216796859375 0.232421875 0.2119140640625 0.208984375 0.2021484359375 0.21875 0.1669921859375 0.20703125 0.1416015640625 0.2109375 0.11035156406249999 0.1953125 0.08886718593750001 0.201171875 0.049804685937499996 0.1884765640625 0.048828125 0.1748046859375 0.060546875 0.1435546859375 0.05078125 0.138671875 0.024414064062499997 0.14453125 0.008789064062500001 0.1376953140625 0 0.0576171859375 0
2 0.4931640640625 0 0.490234375 0.0146484359375 0.466796875 0.0283203140625 0.4765625 0.047851564062500004 0.474609375 0.0615234359375 0.4921875 0.08691406406249999 0.5 0.0595703140625 0.51171875 0.043945314062500004 0.505859375 0.020507814062499997 0.517578125 0.010742185937499999 0.5185546859375 0 0.4931640640625 0
2 0.736328125 0.5361328140625 0.7197265640625 0.51953125 0.6845703140625 0.505859375 0.669921875 0.5185546859375 0.658203125 0.5478515640625 0.671875 0.5517578140625 0.673828125 0.5673828140625 0.685546875 0.5751953140625 0.6875 0.5908203140625 0.693359375 0.5908203140625 0.6982421859375 0.583984375 0.7255859359375 0.58203125 0.734375 0.5732421859375 0.736328125 0.5361328140625
2 0.583984375 0.08886718593750001 0.5830078140625 0.080078125 0.5595703140625 0.078125 0.5458984359375 0.052734375 0.5390625 0.0595703140625 0.54296875 0.09667968593750001 0.5341796859375 0.111328125 0.515625 0.11621093593750001 0.517578125 0.1298828140625 0.50390625 0.1591796859375 0.5068359359375 0.169921875 0.5302734359375 0.169921875 0.541015625 0.1845703140625 0.55078125 0.1513671859375 0.576171875 0.1435546859375 0.57421875 0.10058593593750001 0.583984375 0.08886718593750001
2 0.9521484359375 0.0625 0.935546875 0.06347656406249999 0.927734375 0.032226564062500004 0.9326171859375 0.025390625 0.9658203140625 0.0234375 0.978515625 0.0009765640625 0.8779296859375 0 0.892578125 0.0126953140625 0.89453125 0.024414064062499997 0.8896484359375 0.03515625 0.87109375 0.041992185937499996 0.869140625 0.0556640640625 0.88671875 0.06738281406249999 0.890625 0.08886718593750001 0.921875 0.10839843593750001 0.92578125 0.1416015640625 0.93359375 0.1494140640625 0.943359375 0.1357421859375 0.9453125 0.10058593593750001 0.9609375 0.07128906406249999 0.9521484359375 0.0625
2 1 0.1611328140625 0.9794921859375 0.13671875 0.97265625 0.1416015640625 0.9765625 0.1806640640625 0.970703125 0.1943359359375 0.9541015640625 0.197265625 0.9296875 0.2275390640625 0.935546875 0.2333984359375 0.9375 0.2841796859375 0.955078125 0.2939453140625 0.962890625 0.3408203140625 0.97265625 0.3447265640625 0.994140625 0.3212890640625 1 0.2958984359375 1 0.1611328140625
2 0.818359375 0.9990234359375 0.8056640640625 0.986328125 0.7900390640625 0.98828125 0.783203125 0.9970703140625 0.818359375 0.9990234359375
2 0.8359375 0.9423828140625 0.8056640640625 0.921875 0.802734375 0.9658203140625 0.818359375 0.9814453140625 0.8251953140625 0.974609375 0.8427734359375 0.98046875 0.84375 0.9599609359375 0.8359375 0.9423828140625