2 0.6728258828125 0.5310900890625 0.6758811 0.5519289953125 0.68787929375 0.5554521234375 0.6989827890625 0.5963803375000001 0.69855721875 0.571723821875 0.7080217671875 0.5623163375 0.688145521875 0.54856650625 0.67895809375 0.5294088484375 0.687805065625 0.52884129375 0.69305346875 0.5428856046874999 0.7023477921875 0.5236155109375 0.7121527999999999 0.5339332375 0.7331790796875 0.5250718921875001 0.7475406875 0.53166303125 0.7527999796875 0.5240278125 0.78503665 0.5176669281249999 0.78933790625 0.49914643437499995 0.7849624203125 0.49105609843750003 0.8071278562499999 0.48126310625 0.8085332359375 0.473445840625 0.811258884375 0.452880009375 0.796641934375 0.431494959375 0.7766696890625 0.43449335468749994 0.763606571875 0.458512703125 0.7445923578125 0.4723963734375 0.714112415625 0.46898567656249995 0.6927347890625 0.4798013375 0.64193125625 0.48134335312500004 0.6339572046875 0.4878648796875 0.650415996875 0.5044096484375 0.654173903125 0.5213399187500001 0.6728258828125 0.5310900890625
2 0 0.7828911265625 0.00359433125 0.7783617234375 0.0277718328125 0.773591059375 0.04826565 0.778500953125 0.055962582812499995 0.8005445765625 0.0911911359375 0.7667322375000001 0.117817165625 0.7699608875 0.16880181249999998 0.7566019484375001 0.167470659375 0.79103004375 0.172112375 0.7922347624999999 0.207170696875 0.7485598171875 0.24763675937500002 0.7504713171875 0.27987342656249997 0.74411043125 0.2817261578125 0.7175906234375 0.3109076109375 0.690390834375 0.31896677812499996 0.6888006125 0.33262569375 0.6993003859375 0.359262615625 0.68084950625 0.4160172421875 0.6894431671875 0.4224156828125 0.6808763015625 0.40175163593749996 0.66610380625 0.417614625 0.6481294531249999 0.4402056328125 0.662992975 0.4591238421875 0.6658575296875 0.4679817 0.6436104484375 0.456079509375 0.6233390953125 0.4694830828125 0.6190449609375 0.49717403750000005 0.5947311328125 0.528708015625 0.592278878125 0.53204035625 0.5845526375000001 0.516018021875 0.5709848546875 0.534425546875 0.5442615921875 0.5308378640625 0.5371939265625 0.46969686718750003 0.5421894546875 0.46444846249999994 0.528145146875 0.44517890781249997 0.5272349078125 0.4225879 0.512371384375 0.412324659375 0.542435728125 0.388232271875 0.5521376953125 0.3826216328125 0.56172723125 0.35266326875 0.5662248234375 0.31062159375 0.562267984375 0.28959531250000003 0.571129328125 0.2683987984375 0.57012806875 0.254814109375 0.586239125 0.2551545671875 0.6059643359375 0.228954109375 0.6273922015625 0.198474165625 0.6239815078125 0.1874340046875 0.631343653125 0.15432441875 0.631750565625 0.1187554109375 0.64583769375 0.0909051171875 0.6386093875000001 0.0728598234375 0.64169880625 0.0664613828125 0.6502656734375 0.0767879625 0.6684916828125 0.06250058281250001 0.6885113765625 0.0449877546875 0.6778295562500001 0.025015509375 0.6808279515625 0 0.694149684375 0 0.7828911265625
2 0.621937234375 0.527700803125 0.5803211312500001 0.5484004812500001 0.5839088140625 0.555468146875 0.60895923125 0.5566514546875 0.6415363578125 0.57001578125 0.65958165 0.5669263609375 0.6651922890625 0.5573368265624999 0.6382149125 0.5560624953125 0.6354259250000001 0.5283379703125 0.621937234375 0.527700803125
2 0.4019505484375 0.9676628718750001 0.3935400359375 0.9712074109375 0.40941004843749995 0.9717411609375001 0.4617168171875 0.9686946390625 0.4482934796875 0.95309921875 0.43095088437499995 0.9522800046875 0.411511096875 0.9415071625 0.4019505484375 0.9676628718750001
2 0.5061130328125001 0.9341504031250001 0.5140870875 0.9276288812500001 0.5150560093750001 0.916834628125 0.47266299062500006 0.9148321046874999 0.460132334375 0.9250802171875 0.46082413593749993 0.9428511078125 0.472822328125 0.9463742390625001 0.5061130328125001 0.9341504031250001
2 0.702184471875 0.8488084265625 0.7256592828125 0.8479463953125 0.7389668546875 0.8604004828124999 0.762441665625 0.859538453125 0.7645497375 0.847812553125 0.7472180234375 0.8253138124999999 0.7095518359375 0.8294473109375 0.7001724015625 0.8437860984375 0.702184471875 0.8488084265625
2 0.2908155953125 0.931864034375 0.2785511734375 0.9352265234375 0.253138515625 0.957677059375 0.2233612640625 0.9503577296874999 0.2115333015625 0.9566972093749999 0.211267071875 0.9635828249999999 0.3468566453125 0.9660458546875 0.33267615156249997 0.94763779375 0.30306913125 0.9501810718750001 0.2908155953125 0.931864034375
2 0.6166521875 0.9354301250000001 0.6364542015625 0.9225691234375001 0.6714798578125001 0.9439327625 0.6793687984375001 0.9324799359375 0.7063461765625 0.9337542671874999 0.7138837671875 0.9242557578125 0.709508284375 0.9161654203125 0.6828822531250001 0.912936771875 0.677112271875 0.890984171875 0.6159821625 0.8743001749999999 0.60635826875 0.852165528125 0.5814780765625 0.860844825 0.5423105046875001 0.889543815625 0.5410753515625 0.9072236828125 0.5528073124999999 0.917632434375 0.5633892375 0.9506523546875 0.60229058125 0.9288389859375 0.6166521875 0.9354301250000001
2 0.8660301234375 0.74814780625 0.8121495984375 0.772209975 0.8295773109375 0.7779604890625 0.87755919375 0.8137325328125 0.8891209265625 0.8142786750000001 0.8983192437499999 0.8117568078125 0.9038556546875001 0.7755564421875001 0.88143488125 0.7705555234375 0.8843307578124999 0.7598522984375 0.8660301234375 0.74814780625
2 0.8634569093750001 0.465200253125 0.89139231875 0.4773598625 0.9073404265624999 0.4643168125 0.9287071671874999 0.4751806796875 0.952011746875 0.46445604375 0.9259181796875 0.44745615625 0.9171563218750001 0.452955009375 0.8709093906250001 0.45077043906250003 0.8634569093750001 0.465200253125
2 0 0.45526104375000004 0.00069154375 0.45400943437499997 0.0295216484375 0.4287639578125 0.065612228125 0.4225851203125 0.0681567609375 0.41383620781249997 0.0560734546875 0.40538177812500004 0.069743259375 0.39420202187500003 0.066506928125 0.3851800359375 0.0913871203125 0.37650073906250003 0.1307991453125 0.3842751875 0.1467472546875 0.3712321390625 0.1770569640625 0.3647802296875 0.1803893046875 0.3570539875 0.171372103125 0.347758934375 0.17339506093749998 0.3311017328125 0.14484207031250002 0.3277820609375 0.1166295453125 0.34418760000000004 0.080368734375 0.34050383125 0.0670502734375 0.3497292703125 0.042702546875000004 0.34463732812500003 0 0.351948159375 0 0.45526104375000004
2 0.307345684375 0.283229065625 0.259608259375 0.28393045781250004 0.26294059375 0.2762042140625 0.24104139687499998 0.2791115875 0.227371590625 0.2902913421875 0.2142342453125 0.28769985937500003 0.212562634375 0.3024027453125 0.2576595265625 0.32719848749999997 0.276577734375 0.33006304218750004 0.2951554875 0.3132023859375 0.33789985312500004 0.313250590625 0.3508669671875 0.3059794671875 0.37434177812499997 0.3051174375 0.44005027031250005 0.27471579375 0.46124677968750005 0.27571705625 0.465366921875 0.26901348125 0.4595969421875 0.2470608859375 0.4878945859375 0.23558664999999998 0.49350522343750003 0.22599711406249998 0.45461476875000006 0.22613095625000001 0.4081976125 0.21408378125 0.38734155625 0.23280773125 0.35247524375 0.24298622656250002 0.3345259546875 0.22932742031250003 0.335494875 0.21853316718750002 0.2894290640625 0.204531675 0.2917815890625 0.2292792125 0.2723309171875 0.240185896875 0.2709255359375 0.24800316093750002 0.3127009796875 0.25884562187500004 0.307345684375 0.283229065625
2 0.6617045874999999 0.1767858875 0.6475132125 0.1800573546875 0.6186831046875 0.2053028265625 0.616926378125 0.21507441093750002 0.6255922328125 0.2263237796875 0.6551250296875 0.197169675 0.6617045874999999 0.1767858875
2 0.5457141375 0.216637834375 0.54973828125 0.22668248750000003 0.5753102765625 0.23577408437499997 0.6097401296875 0.22261860625000002 0.5772481171875 0.21418558124999998 0.5799737671874999 0.19361974843750002 0.6122955484375 0.1921901640625 0.6179061875 0.1826006296875 0.596188103125 0.1736910796875 0.5853399484375 0.147556778125 0.5672946624999999 0.1506461953125 0.5480142171875 0.1714154859375 0.4951135015625 0.163003871875 0.477153325 0.1710245921875 0.493527 0.182638059375 0.534865984375 0.1905035296875 0.53687805625 0.195525859375 0.5247838609375 0.20875095156249998 0.528020196875 0.21777293593749997 0.5457141375 0.216637834375
2 0.9290842640625 0.0731322609375 0.907003946875 0.087856553125 0.871797178125 0.0783098375 0.8713498281250001 0.09701237968750001 0.8625879703124999 0.10251123124999999 0.8519733828125 0.13452989375 0.8192151421875 0.132982490625 0.7548269171875 0.1506355640625 0.7577119046874999 0.1616118640625 0.7831987875 0.16577215625 0.7577861328125 0.1882226921875 0.8218121203125 0.1942034640625 0.8356412703125 0.214565840625 0.8686766296874999 0.1875481 0.8589676265625 0.1604821484375 0.9251868015625 0.15966832343749998 0.9612882703125001 0.131809959375 0.9859039562499999 0.12778048125000002 0.9870009375000001 0.11330373281249999 0.9737338125000001 0.116630546875 0.9740000421874999 0.109744928125 0.9881473515625 0.09817465 0.9897814046875 0.0766102375 0.9833903625 0.073726609375 0.9762150078125 0.0595912765625 0.9599155515625 0.07458864062500001 0.9290842640625 0.0731322609375
2 0.0499183 0 0.0463684328125 0.021580779687500003 0.067564940625 0.0225820390625 0.0786051015625 0.0152198921875 0.0964692765625 0.023947396875 0.1215196921875 0.025130704687499998 0.154459053125 0.014861185937499998 0.1577913921875 0.00713494375 0.144916259375 0 0.0499183 0