2 0 0.1337890640625 0.024414064062499997 0.158203125 0.049804685937499996 0.140625 0.048828125 0.1767578140625 0.0595703140625 0.1796875 0.08496093593750001 0.205078125 0.09472656406249999 0.20703125 0.10644531406249999 0.19921875 0.119140625 0.2119140640625 0.107421875 0.2451171859375 0.111328125 0.2626953140625 0.123046875 0.2724609359375 0.12402343593750001 0.291015625 0.1396484359375 0.287109375 0.15234375 0.3017578140625 0.1455078140625 0.318359375 0.119140625 0.3251953140625 0.12109375 0.3349609359375 0.1328125 0.3486328140625 0.130859375 0.3623046859375 0.140625 0.3837890640625 0.1494140640625 0.392578125 0.1591796859375 0.390625 0.1728515640625 0.404296875 0.1884765640625 0.40234375 0.193359375 0.4091796859375 0.189453125 0.4580078140625 0.1953125 0.4716796859375 0.201171875 0.4716796859375 0.2138671859375 0.4609375 0.232421875 0.4677734359375 0.2265625 0.4326171859375 0.234375 0.4169921859375 0.2109375 0.3955078140625 0.2109375 0.3818359359375 0.228515625 0.3603515640625 0.20703125 0.3505859359375 0.21484375 0.3232421859375 0.201171875 0.2958984359375 0.20703125 0.2666015640625 0.189453125 0.2412109359375 0.19921875 0.2119140640625 0.1943359359375 0.205078125 0.1728515640625 0.216796875 0.1611328140625 0.208984375 0.1474609359375 0.21484375 0.1328125 0.2099609359375 0.1328125 0.1845703140625 0.140625 0.1708984359375 0.12890625 0.1318359359375 0.140625 0.09277343593750001 0.1337890640625 0.0859375 0.087890625 0.08105468593750001 0.087890625 0.06933593593750001 0.107421875 0.049804685937499996 0.107421875 0.034179685937499996 0.09375 0.022460935937500003 0.091796875 0.0009765640625 0.0009765640625 0 0 0.08886718593750001 0.013671875 0.09082031406249999 0.017578125 0.11425781406249999 0 0.12207031406249999 0 0.1337890640625
2 0.349609375 0.6142578140625 0.3369140640625 0.609375 0.3154296859375 0.615234375 0.2919921859375 0.607421875 0.28515625 0.6201171859375 0.294921875 0.6455078140625 0.2724609359375 0.642578125 0.26953125 0.6494140640625 0.287109375 0.6669921859375 0.28515625 0.6962890640625 0.302734375 0.7099609359375 0.31640625 0.7451171859375 0.328125 0.7470703140625 0.33203125 0.7177734359375 0.357421875 0.6982421859375 0.345703125 0.6435546859375 0.349609375 0.6142578140625
2 0.421875 0.8876953140625 0.40625 0.8818359359375 0.408203125 0.8681640640625 0.400390625 0.8505859359375 0.4052734359375 0.84375 0.4228515640625 0.845703125 0.43359375 0.8349609359375 0.421875 0.8095703140625 0.42578125 0.7763671859375 0.4169921859375 0.771484375 0.4033203140625 0.783203125 0.40234375 0.7685546859375 0.3955078140625 0.763671875 0.3623046859375 0.783203125 0.3486328140625 0.767578125 0.34375 0.7841796859375 0.357421875 0.8076171859375 0.353515625 0.8369140640625 0.3740234359375 0.83984375 0.375 0.8486328140625 0.361328125 0.8876953140625 0.34765625 0.8994140640625 0.39453125 0.9462890640625 0.4091796859375 0.943359375 0.41796875 0.9326171859375 0.41015625 0.9033203140625 0.421875 0.8876953140625
2 0 0.9189453140625 0.0078125 0.9189453140625 0.022460935937500003 0.880859375 0.015625 0.9111328140625 0.017578125 0.9521484359375 0.020507814062499997 0.95703125 0.041992185937499996 0.953125 0.0546875 0.9580078140625 0.08203125 0.9130859359375 0.068359375 0.8974609359375 0.072265625 0.8720703140625 0.08203125 0.8583984359375 0.06738281406249999 0.83984375 0.041992185937499996 0.849609375 0.03515625 0.8212890640625 0.018554685937500003 0.8203125 0.0078125 0.8095703140625 0.00390625 0.7939453140625 0.0302734359375 0.794921875 0.046875 0.7861328140625 0.052734375 0.7744140640625 0.044921875 0.7548828140625 0.0576171859375 0.75390625 0.0625 0.7470703140625 0.05859375 0.7158203140625 0.0703125 0.6943359359375 0.049804685937499996 0.693359375 0.038085935937499996 0.669921875 0.020507814062499997 0.669921875 0.01171875 0.6845703140625 0.013671875 0.7333984359375 0 0.7490234359375 0 0.9189453140625
2 0.0703125 0.9990234359375 0.11328125 0.9990234359375 0.1015625 0.9814453140625 0.1171875 0.9521484359375 0.10253906406249999 0.9453125 0.0703125 0.9990234359375
2 0.4765625 0.1259765640625 0.48046875 0.1435546859375 0.4951171859375 0.162109375 0.509765625 0.1650390640625 0.515625 0.12207031406249999 0.4912109359375 0.126953125 0.4814453140625 0.12109375 0.4765625 0.1259765640625
2 0.462890625 0.1904296859375 0.47265625 0.2041015640625 0.470703125 0.2138671859375 0.48828125 0.2333984359375 0.505859375 0.1943359359375 0.4873046859375 0.15625 0.482421875 0.1708984359375 0.462890625 0.1904296859375
2 0.48828125 0.07128906406249999 0.4814453140625 0.05859375 0.46484375 0.0556640640625 0.466796875 0.0283203140625 0.451171875 0.0009765640625 0.4365234359375 0 0.443359375 0.0537109359375 0.42578125 0.06347656406249999 0.423828125 0.07910156406249999 0.4306640640625 0.087890625 0.447265625 0.08496093593750001 0.447265625 0.12011718593750001 0.45703125 0.1298828140625 0.466796875 0.11621093593750001 0.466796875 0.08886718593750001 0.4814453140625 0.0859375 0.48828125 0.07128906406249999
2 0.580078125 0.2373046859375 0.5556640640625 0.234375 0.5400390640625 0.212890625 0.533203125 0.2197265640625 0.533203125 0.2568359359375 0.51171875 0.2724609359375 0.515625 0.2802734359375 0.501953125 0.3212890640625 0.5068359359375 0.326171875 0.5263671859375 0.31640625 0.5341796859375 0.326171875 0.541015625 0.3251953140625 0.54296875 0.2880859359375 0.5703125 0.2900390640625 0.5703125 0.2490234359375 0.580078125 0.2373046859375
2 0.71875 0.6728515640625 0.6962890640625 0.658203125 0.6689453140625 0.65234375 0.654296875 0.6904296859375 0.677734375 0.6943359359375 0.671875 0.7138671859375 0.6875 0.7255859359375 0.693359375 0.7412109359375 0.6953125 0.7255859359375 0.708984375 0.7216796859375 0.69921875 0.7041015640625 0.71875 0.6728515640625
2 1 0.3173828140625 0.9912109359375 0.31640625 0.9775390640625 0.294921875 0.96875 0.2978515640625 0.96875 0.3427734359375 0.9482421859375 0.34765625 0.927734375 0.3662109359375 0.939453125 0.4072265640625 0.93359375 0.4345703140625 0.955078125 0.4384765640625 0.95703125 0.4638671859375 0.966796875 0.4931640640625 0.97265625 0.4931640640625 0.9921875 0.4677734359375 0.9921875 0.4541015640625 1 0.4501953140625 0.9951171859375 0.439453125 0.984375 0.4365234359375 0.994140625 0.4287109359375 1 0.4072265640625 1 0.3173828140625
2 0.9521484359375 0.22265625 0.9296875 0.2236328140625 0.921875 0.1884765640625 0.9267578140625 0.1796875 0.9638671859375 0.1796875 0.97265625 0.1572265640625 0.9619140640625 0.14453125 0.94140625 0.1357421859375 0.943359375 0.11816406406249999 0.93359375 0.10644531406249999 0.939453125 0.10058593593750001 0.9208984359375 0.09375 0.9091796859375 0.099609375 0.900390625 0.06738281406249999 0.87890625 0.0595703140625 0.87109375 0.0048828140625 0.8603515640625 0 0.84765625 0.043945314062500004 0.82421875 0.0595703140625 0.830078125 0.10644531406249999 0.8466796859375 0.10546875 0.8486328140625 0.125 0.875 0.12402343593750001 0.869140625 0.1259765640625 0.869140625 0.1513671859375 0.8828125 0.1767578140625 0.865234375 0.1904296859375 0.865234375 0.1982421859375 0.8798828140625 0.205078125 0.888671875 0.2216796859375 0.888671875 0.2470703140625 0.916015625 0.2587890640625 0.923828125 0.3056640640625 0.93359375 0.3056640640625 0.9375 0.2626953140625 0.94921875 0.2490234359375 0.955078125 0.2275390640625 0.9521484359375 0.22265625