1 0.185546875 0.7783203140625 0.185546875 0.7919921859375 0.203125 0.8212890640625 0.216796875 0.7978515640625 0.216796875 0.7724609359375 0.2060546859375 0.7578125 0.185546875 0.7783203140625
2 0 0.7958984359375 0.008789064062500001 0.802734375 0.0283203140625 0.802734375 0.05078125 0.8251953140625 0.07421875 0.8037109359375 0.05859375 0.7900390640625 0.0625 0.7646484359375 0.048828125 0.7548828140625 0.056640625 0.7373046859375 0.052734375 0.7119140640625 0.0625 0.6806640640625 0.0556640640625 0.67578125 0.040039064062500004 0.685546875 0.03125 0.6826171859375 0.0302734359375 0.64453125 0.0146484359375 0.677734375 0 0.6689453140625 0 0.7958984359375
2 0.1865234359375 0.9609375 0.1708984359375 0.96484375 0.1630859359375 0.95703125 0.1494140640625 0.95703125 0.1318359359375 0.962890625 0.125 0.9189453140625 0.10839843593750001 0.90625 0.095703125 0.9111328140625 0.0859375 0.9501953140625 0.0537109359375 0.986328125 0.0390625 0.9833984359375 0.041015625 0.9404296859375 0.036132814062500004 0.935546875 0.0146484359375 0.931640625 0.00390625 0.9423828140625 0.0078125 0.9638671859375 0.025390625 0.9814453140625 0.0029296859375 0.98828125 0.0009765640625 1 0.23046875 0.9990234359375 0.2216796859375 0.974609375 0.2119140640625 0.97265625 0.2001953140625 0.98046875 0.1865234359375 0.9609375
2 0 0.049804685937499996 0.013671875 0.0537109359375 0.01953125 0.034179685937499996 0.0078125 0.0009765640625 0.0009765640625 0 0 0.049804685937499996
2 0.0517578140625 0 0.05859375 0.0283203140625 0.044921875 0.043945314062500004 0.044921875 0.0615234359375 0.0546875 0.06933593593750001 0.064453125 0.10449218593750001 0.10644531406249999 0.150390625 0.138671875 0.1591796859375 0.126953125 0.12402343593750001 0.142578125 0.10644531406249999 0.13671875 0.0009765640625 0.0517578140625 0
2 0.2216796859375 0.310546875 0.2099609359375 0.322265625 0.2001953140625 0.3203125 0.1953125 0.3388671859375 0.208984375 0.3544921859375 0.2109375 0.3818359359375 0.21875 0.3798828140625 0.2275390640625 0.359375 0.2431640640625 0.359375 0.251953125 0.3837890640625 0.263671875 0.3876953140625 0.2744140640625 0.38671875 0.275390625 0.3798828140625 0.23828125 0.3212890640625 0.2216796859375 0.310546875
2 0.29296875 0.5048828140625 0.287109375 0.4892578140625 0.2939453140625 0.484375 0.306640625 0.4892578140625 0.306640625 0.5146484359375 0.314453125 0.5322265640625 0.3212890640625 0.5390625 0.33203125 0.5341796859375 0.3359375 0.4931640640625 0.359375 0.4736328140625 0.365234375 0.4599609359375 0.3623046859375 0.4453125 0.3388671859375 0.439453125 0.3271484359375 0.447265625 0.3203125 0.4228515640625 0.3076171859375 0.419921875 0.298828125 0.4345703140625 0.298828125 0.4658203140625 0.2900390640625 0.474609375 0.2666015640625 0.4765625 0.2587890640625 0.4453125 0.244140625 0.4541015640625 0.240234375 0.5029296859375 0.22265625 0.5283203140625 0.23046875 0.5654296859375 0.244140625 0.5693359359375 0.2529296859375 0.544921875 0.2744140640625 0.568359375 0.29296875 0.5615234359375 0.29296875 0.5048828140625
2 0.4775390640625 0.9140625 0.4912109359375 0.91796875 0.501953125 0.9091796859375 0.498046875 0.8818359359375 0.484375 0.8779296859375 0.486328125 0.8349609359375 0.4638671859375 0.8203125 0.4384765640625 0.849609375 0.43359375 0.8154296859375 0.4248046859375 0.806640625 0.4013671859375 0.830078125 0.392578125 0.7998046859375 0.3798828140625 0.794921875 0.365234375 0.8291015640625 0.3466796859375 0.82421875 0.33984375 0.8349609359375 0.341796875 0.8701171859375 0.3525390640625 0.884765625 0.365234375 0.8857421859375 0.36328125 0.9267578140625 0.3837890640625 0.935546875 0.384765625 0.9189453140625 0.3974609359375 0.91796875 0.4326171859375 0.955078125 0.474609375 0.9716796859375 0.5 0.9501953140625 0.4873046859375 0.931640625 0.47265625 0.9267578140625 0.4775390640625 0.9140625
1 0.9228515640625 0.880859375 0.9375 0.8837890640625 0.94140625 0.8720703140625 0.9248046859375 0.837890625 0.912109375 0.8701171859375 0.9228515640625 0.880859375
2 0.611328125 0.3779296859375 0.6171875 0.3486328140625 0.609375 0.3115234359375 0.611328125 0.2861328140625 0.62109375 0.2841796859375 0.625 0.3076171859375 0.6337890640625 0.310546875 0.6640625 0.2607421859375 0.662109375 0.2431640640625 0.6474609359375 0.2421875 0.63671875 0.2314453140625 0.65625 0.2021484359375 0.658203125 0.1650390640625 0.6513671859375 0.154296875 0.638671875 0.1630859359375 0.6240234359375 0.205078125 0.5888671859375 0.19140625 0.5859375 0.1748046859375 0.6015625 0.1630859359375 0.6015625 0.1416015640625 0.58203125 0.1279296859375 0.572265625 0.07910156406249999 0.5576171859375 0.07421875 0.548828125 0.0576171859375 0.5361328140625 0.052734375 0.529296875 0.06542968593750001 0.53125 0.08105468593750001 0.5205078140625 0.08203125 0.498046875 0.11425781406249999 0.498046875 0.1357421859375 0.48828125 0.1533203140625 0.47265625 0.1572265640625 0.470703125 0.1728515640625 0.482421875 0.2060546859375 0.46484375 0.2236328140625 0.4609375 0.2470703140625 0.4736328140625 0.259765625 0.486328125 0.2373046859375 0.4931640640625 0.236328125 0.5126953140625 0.2578125 0.521484375 0.2470703140625 0.509765625 0.2041015640625 0.513671875 0.1884765640625 0.5283203140625 0.181640625 0.548828125 0.1982421859375 0.55078125 0.2080078140625 0.5390625 0.2197265640625 0.537109375 0.2431640640625 0.552734375 0.2744140640625 0.55859375 0.3173828140625 0.5498046859375 0.326171875 0.5380859359375 0.3046875 0.5234375 0.3056640640625 0.53125 0.3388671859375 0.517578125 0.3779296859375 0.5224609359375 0.3828125 0.5400390640625 0.375 0.548828125 0.3779296859375 0.560546875 0.3916015640625 0.564453125 0.4365234359375 0.576171875 0.4404296859375 0.591796875 0.4189453140625 0.595703125 0.3955078140625 0.607421875 0.3896484359375 0.611328125 0.3779296859375
2 0.8125 0.9111328140625 0.8125 0.8916015640625 0.822265625 0.8720703140625 0.8203125 0.8427734359375 0.8125 0.8154296859375 0.798828125 0.8076171859375 0.783203125 0.7822265640625 0.82421875 0.7470703140625 0.822265625 0.7021484359375 0.828125 0.6943359359375 0.828125 0.6435546859375 0.837890625 0.5908203140625 0.8349609359375 0.5859375 0.826171875 0.5888671859375 0.8056640640625 0.6328125 0.7841796859375 0.611328125 0.765625 0.6123046859375 0.763671875 0.5439453140625 0.751953125 0.4853515640625 0.73828125 0.4736328140625 0.740234375 0.4384765640625 0.7294921859375 0.4140625 0.716796875 0.4267578140625 0.716796875 0.4697265640625 0.6904296859375 0.466796875 0.681640625 0.4736328140625 0.6875 0.5361328140625 0.6689453140625 0.529296875 0.650390625 0.5400390640625 0.650390625 0.5556640640625 0.666015625 0.5771484359375 0.654296875 0.6083984359375 0.654296875 0.6279296859375 0.6689453140625 0.6328125 0.68359375 0.6572265640625 0.66796875 0.6806640640625 0.67578125 0.7060546859375 0.66796875 0.7314453140625 0.6767578140625 0.75 0.6904296859375 0.7421875 0.7099609359375 0.75390625 0.71484375 0.7333984359375 0.703125 0.7158203140625 0.701171875 0.6904296859375 0.732421875 0.6904296859375 0.724609375 0.7041015640625 0.728515625 0.7275390640625 0.75390625 0.7685546859375 0.734375 0.7900390640625 0.734375 0.8291015640625 0.75390625 0.8447265640625 0.748046875 0.8798828140625 0.7724609359375 0.875 0.783203125 0.9013671859375 0.7802734359375 0.9140625 0.7548828140625 0.9140625 0.75 0.9326171859375 0.7744140640625 0.951171875 0.7939453140625 0.935546875 0.814453125 0.9990234359375 0.841796875 0.9990234359375 0.8515625 0.9931640640625 0.837890625 0.9833984359375 0.84375 0.9619140640625 0.8125 0.9111328140625
2 0.8623046859375 0.857421875 0.853515625 0.8740234359375 0.853515625 0.9033203140625 0.865234375 0.9091796859375 0.87890625 0.8818359359375 0.87890625 0.8662109359375 0.8701171859375 0.857421875 0.8623046859375 0.857421875
2 0.9970703140625 0.408203125 0.9921875 0.4267578140625 1 0.4345703140625 0.9970703140625 0.408203125
2 0.990234375 0.4736328140625 0.970703125 0.4853515640625 0.970703125 0.5029296859375 0.986328125 0.5205078140625 0.962890625 0.5595703140625 0.9658203140625 0.5703125 0.974609375 0.5693359359375 1 0.5556640640625 0.9990234359375 0.443359375 0.982421875 0.4580078140625 0.990234375 0.4736328140625
2 0.7861328140625 0 0.791015625 0.018554685937500003 0.775390625 0.06933593593750001 0.78125 0.09082031406249999 0.8037109359375 0.087890625 0.8046875 0.11230468593750001 0.8193359359375 0.125 0.859375 0.11816406406249999 0.849609375 0.1494140640625 0.849609375 0.1806640640625 0.8603515640625 0.19140625 0.8896484359375 0.1875 0.8984375 0.1962890640625 0.892578125 0.2392578140625 0.896484375 0.2529296859375 0.904296875 0.2529296859375 0.91796875 0.2412109359375 0.9287109359375 0.212890625 0.974609375 0.1923828140625 0.9765625 0.1298828140625 0.966796875 0.12207031406249999 0.958984375 0.08886718593750001 0.9482421859375 0.0703125 0.9150390640625 0.091796875 0.90234375 0.08691406406249999 0.9140625 0.045898435937499996 0.8935546859375 0 0.7861328140625 0