2 0.193359375 0.12207031406249999 0.2158203140625 0.123046875 0.2265625 0.11621093593750001 0.2255859359375 0.109375 0.1982421859375 0.09375 0.193359375 0.12207031406249999
2 0.283203125 0.7822265640625 0.283203125 0.7919921859375 0.3212890640625 0.794921875 0.3369140640625 0.755859375 0.3037109359375 0.755859375 0.283203125 0.7822265640625
2 0.6494140640625 0.958984375 0.6298828140625 0.98828125 0.6181640640625 0.98828125 0.603515625 0.9990234359375 0.6728515640625 1 0.67578125 0.9951171859375 0.666015625 0.9833984359375 0.6767578140625 0.98046875 0.6806640640625 0.96875 0.6689453140625 0.958984375 0.6494140640625 0.958984375
2 0.4619140640625 0 0.431640625 0.0537109359375 0.4423828140625 0.060546875 0.4580078140625 0.048828125 0.4853515640625 0.078125 0.494140625 0.07128906406249999 0.4990234359375 0.037109375 0.482421875 0.018554685937500003 0.48046875 0.0009765640625 0.4619140640625 0
2 0.8564453140625 0.244140625 0.8662109359375 0.236328125 0.890625 0.2373046859375 0.8935546859375 0.201171875 0.8837890640625 0.19140625 0.8583984359375 0.1953125 0.8466796859375 0.1875 0.8310546859375 0.189453125 0.8154296859375 0.173828125 0.796875 0.1748046859375 0.8017578140625 0.18359375 0.826171875 0.1962890640625 0.814453125 0.2080078140625 0.814453125 0.2236328140625 0.8427734359375 0.232421875 0.8564453140625 0.244140625
2 0.9990234359375 0.93359375 0.9990234359375 0.921875 0.98828125 0.9130859359375 0.99609375 0.9013671859375 0.9951171859375 0.88671875 0.9521484359375 0.876953125 0.9423828140625 0.884765625 0.9140625 0.8876953140625 0.9296875 0.9033203140625 0.927734375 0.9248046859375 0.9345703140625 0.9453125 0.9619140640625 0.94140625 0.9736328140625 0.92578125 0.9990234359375 0.93359375
2 0.9169921859375 1 0.9189453140625 0.96875 0.9091796859375 0.962890625 0.8798828140625 0.970703125 0.8583984359375 0.96484375 0.8388671859375 0.970703125 0.7724609359375 0.96875 0.765625 0.9833984359375 0.8115234359375 0.982421875 0.8212890640625 1 0.9169921859375 1
2 0.9638671859375 0.21875 1 0.2021484359375 0.9990234359375 0.056640625 0.982421875 0.06542968593750001 0.9765625 0.09472656406249999 0.955078125 0.10253906406249999 0.951171875 0.12402343593750001 0.9560546859375 0.13671875 0.984375 0.1455078140625 0.982421875 0.1630859359375 0.9521484359375 0.177734375 0.921875 0.1767578140625 0.921875 0.1884765640625 0.9482421859375 0.216796875 0.9638671859375 0.21875
2 0.7724609359375 0.646484375 0.7900390640625 0.6328125 0.8134765640625 0.638671875 0.8427734359375 0.6328125 0.84765625 0.6259765640625 0.8359375 0.5927734359375 0.857421875 0.5810546859375 0.8603515640625 0.5625 0.8505859359375 0.55078125 0.8349609359375 0.552734375 0.8125 0.5712890640625 0.8115234359375 0.5859375 0.7939453140625 0.591796875 0.7392578140625 0.5859375 0.736328125 0.5986328140625 0.74609375 0.6181640640625 0.7265625 0.6357421859375 0.724609375 0.6474609359375 0.7412109359375 0.654296875 0.7724609359375 0.646484375
2 0.3310546859375 0.689453125 0.322265625 0.6962890640625 0.330078125 0.7197265640625 0.310546875 0.7314453140625 0.3134765640625 0.7421875 0.3740234359375 0.73828125 0.375 0.7568359359375 0.3935546859375 0.76171875 0.4169921859375 0.791015625 0.4638671859375 0.7734375 0.4521484359375 0.76171875 0.4404296859375 0.76171875 0.421875 0.7490234359375 0.435546875 0.7314453140625 0.41015625 0.7158203140625 0.42578125 0.7119140640625 0.419921875 0.7060546859375 0.42578125 0.7021484359375 0.4208984359375 0.689453125 0.4013671859375 0.6875 0.3759765640625 0.697265625 0.3310546859375 0.689453125
2 0 0.1396484359375 0.015625 0.1435546859375 0.0048828140625 0.15625 0.0595703140625 0.15625 0.078125 0.1435546859375 0.080078125 0.12402343593750001 0.08886718593750001 0.115234375 0.12402343593750001 0.109375 0.1552734359375 0.1171875 0.1669921859375 0.107421875 0.1396484359375 0.083984375 0.11425781406249999 0.083984375 0.09277343593750001 0.068359375 0.07910156406249999 0.068359375 0.07519531406249999 0.080078125 0.0556640640625 0.0859375 0.048828125 0.08105468593750001 0.0546875 0.0576171859375 0.049804685937499996 0.05078125 0.022460935937500003 0.064453125 0 0.06347656406249999 0 0.08886718593750001 0.01171875 0.09667968593750001 0.00390625 0.10058593593750001 0 0.11425781406249999 0 0.1396484359375
2 0.5908203140625 0.279296875 0.5478515640625 0.279296875 0.5419921859375 0.294921875 0.5283203140625 0.294921875 0.5029296859375 0.28515625 0.4853515640625 0.26953125 0.4501953140625 0.27734375 0.4228515640625 0.267578125 0.3974609359375 0.267578125 0.388671875 0.2783203140625 0.4208984359375 0.296875 0.4228515640625 0.310546875 0.4541015640625 0.3125 0.482421875 0.3447265640625 0.4853515640625 0.357421875 0.5087890640625 0.359375 0.5517578140625 0.357421875 0.5751953140625 0.341796875 0.6123046859375 0.337890625 0.6337890640625 0.34375 0.6435546859375 0.333984375 0.6689453140625 0.333984375 0.697265625 0.3173828140625 0.6552734359375 0.326171875 0.638671875 0.3115234359375 0.6474609359375 0.2890625 0.6611328140625 0.283203125 0.658203125 0.2958984359375 0.6630859359375 0.298828125 0.7041015640625 0.296875 0.7353515640625 0.28125 0.7783203140625 0.28125 0.7802734359375 0.265625 0.7392578140625 0.2265625 0.7294921859375 0.251953125 0.6728515640625 0.267578125 0.642578125 0.2529296859375 0.646484375 0.2216796859375 0.6337890640625 0.205078125 0.6142578140625 0.201171875 0.5947265640625 0.2109375 0.5771484359375 0.205078125 0.564453125 0.2099609359375 0.591796875 0.2392578140625 0.5908203140625 0.279296875
2 0 0.4912109359375 0.015625 0.5029296859375 0.009765625 0.5185546859375 0.036132814062500004 0.525390625 0.037109375 0.5439453140625 0.0595703140625 0.5546875 0.076171875 0.5458984359375 0.08300781406249999 0.5234375 0.125 0.5107421859375 0.126953125 0.5048828140625 0.11230468593750001 0.498046875 0.111328125 0.4892578140625 0.1259765640625 0.47265625 0.1806640640625 0.462890625 0.2041015640625 0.48046875 0.2294921859375 0.46875 0.2412109359375 0.484375 0.2626953140625 0.490234375 0.2685546859375 0.470703125 0.2919921859375 0.47265625 0.2958984359375 0.482421875 0.3115234359375 0.484375 0.3115234359375 0.46875 0.296875 0.4658203140625 0.2919921859375 0.431640625 0.2861328140625 0.435546875 0.2646484359375 0.423828125 0.2373046859375 0.419921875 0.234375 0.3916015640625 0.2294921859375 0.38671875 0.2216796859375 0.390625 0.2001953140625 0.369140625 0.1826171859375 0.365234375 0.1572265640625 0.388671875 0.10839843593750001 0.376953125 0.076171875 0.3798828140625 0.08300781406249999 0.39453125 0.111328125 0.4091796859375 0.11035156406249999 0.42578125 0.1455078140625 0.427734375 0.158203125 0.4365234359375 0.1376953140625 0.458984375 0.11621093593750001 0.453125 0.10644531406249999 0.43359375 0.08300781406249999 0.435546875 0.06347656406249999 0.447265625 0.016601564062499997 0.4296875 0 0.4541015640625 0 0.4912109359375