2 0.0009765640625 0 0 0.034179685937499996 0.016601564062499997 0.03125 0.03125 0.0517578140625 0.03125 0.0595703140625 0.005859375 0.07714843593750001 0.0283203140625 0.103515625 0.043945314062500004 0.08984375 0.0537109359375 0.091796875 0.052734375 0.12207031406249999 0.0576171859375 0.126953125 0.09277343593750001 0.154296875 0.11230468593750001 0.1484375 0.125 0.1591796859375 0.11328125 0.1962890640625 0.1171875 0.2099609359375 0.12890625 0.2197265640625 0.1298828140625 0.236328125 0.1455078140625 0.236328125 0.15625 0.2470703140625 0.15625 0.2626953140625 0.1279296859375 0.271484375 0.125 0.2802734359375 0.138671875 0.2998046859375 0.13671875 0.3115234359375 0.1484375 0.3369140640625 0.1953125 0.3564453140625 0.19921875 0.3720703140625 0.193359375 0.3994140640625 0.19921875 0.4189453140625 0.20703125 0.4228515640625 0.2177734359375 0.412109375 0.234375 0.4208984359375 0.23046875 0.3857421859375 0.23828125 0.3681640640625 0.21484375 0.3408203140625 0.216796875 0.3271484359375 0.232421875 0.3115234359375 0.2158203140625 0.3046875 0.212890625 0.2958984359375 0.220703125 0.2744140640625 0.208984375 0.2490234359375 0.212890625 0.2177734359375 0.1953125 0.1923828140625 0.203125 0.1572265640625 0.1923828140625 0.15625 0.1787109359375 0.16796875 0.1669921859375 0.158203125 0.140625 0.1611328140625 0.138671875 0.1337890640625 0.146484375 0.12011718593750001 0.13671875 0.07714843593750001 0.146484375 0.043945314062500004 0.11230468593750001 0.02734375 0.091796875 0.036132814062500004 0.087890625 0.022460935937500003 0.10644531406249999 0 0.0009765640625 0
2 0.3505859359375 0.552734375 0.3251953140625 0.564453125 0.3095703140625 0.556640625 0.2939453140625 0.55859375 0.291015625 0.5693359359375 0.30078125 0.5966796859375 0.275390625 0.5908203140625 0.27734375 0.6005859359375 0.29296875 0.6142578140625 0.287109375 0.6416015640625 0.30859375 0.6611328140625 0.318359375 0.6923828140625 0.328125 0.7001953140625 0.3359375 0.6923828140625 0.3359375 0.6669921859375 0.359375 0.6494140640625 0.3505859359375 0.552734375
2 0.423828125 0.8408203140625 0.41015625 0.8349609359375 0.408203125 0.7998046859375 0.435546875 0.7861328140625 0.435546875 0.7744140640625 0.42578125 0.7607421859375 0.427734375 0.7236328140625 0.4208984359375 0.720703125 0.4072265640625 0.73046875 0.4013671859375 0.716796875 0.3857421859375 0.71875 0.3662109359375 0.734375 0.3525390640625 0.71875 0.34765625 0.7373046859375 0.359375 0.7568359359375 0.357421875 0.7841796859375 0.3642578140625 0.79296875 0.37890625 0.7919921859375 0.353515625 0.8525390640625 0.3720703140625 0.873046875 0.3828125 0.8759765640625 0.3935546859375 0.896484375 0.400390625 0.8955078140625 0.4130859359375 0.89453125 0.419921875 0.8857421859375 0.412109375 0.8564453140625 0.423828125 0.8408203140625
2 0.041015625 0.7041015640625 0.0615234359375 0.701171875 0.06640625 0.6943359359375 0.06640625 0.6494140640625 0.04296875 0.6455078140625 0.03125 0.6142578140625 0.0302734359375 0.591796875 0.010742185937499999 0.595703125 0.0009765640625 0.587890625 0.00390625 0.7451171859375 0.0048828140625 0.740234375 0.034179685937499996 0.7421875 0.041015625 0.7353515640625 0.041015625 0.7041015640625
2 0.076171875 0.8447265640625 0.0859375 0.8037109359375 0.07128906406249999 0.791015625 0.045898435937499996 0.80078125 0.041015625 0.7705078140625 0.032226564062500004 0.765625 0.0126953140625 0.7734375 0.0009765640625 0.75 0 0.8623046859375 0.021484375 0.8779296859375 0.0263671859375 0.90625 0.0517578140625 0.90234375 0.0703125 0.9072265640625 0.078125 0.8955078140625 0.076171875 0.8759765640625 0.087890625 0.8642578140625 0.076171875 0.8447265640625
2 0.12109375 0.9111328140625 0.11425781406249999 0.896484375 0.10546875 0.8974609359375 0.0703125 0.9560546859375 0.09765625 0.9697265640625 0.10449218593750001 0.95703125 0.1171875 0.9541015640625 0.107421875 0.9365234359375 0.12109375 0.9111328140625
2 0.4521484359375 0 0.427734375 0.022460935937500003 0.4345703140625 0.037109375 0.453125 0.038085935937499996 0.453125 0.06933593593750001 0.4609375 0.08300781406249999 0.470703125 0.07128906406249999 0.47265625 0.043945314062500004 0.4921875 0.0302734359375 0.4921875 0.0146484359375 0.4697265640625 0 0.4521484359375 0
2 0.517578125 0.11425781406249999 0.5185546859375 0.072265625 0.5029296859375 0.080078125 0.484375 0.07519531406249999 0.486328125 0.12207031406249999 0.46875 0.1337890640625 0.46875 0.1455078140625 0.478515625 0.1552734359375 0.4765625 0.1669921859375 0.494140625 0.1845703140625 0.5 0.1591796859375 0.51171875 0.1435546859375 0.498046875 0.11816406406249999 0.517578125 0.11425781406249999
2 0.583984375 0.1982421859375 0.5615234359375 0.189453125 0.5478515640625 0.166015625 0.541015625 0.1689453140625 0.54296875 0.1982421859375 0.537109375 0.2119140640625 0.5322265640625 0.21875 0.515625 0.2216796859375 0.51953125 0.2353515640625 0.505859375 0.2626953140625 0.5087890640625 0.275390625 0.5302734359375 0.26953125 0.54296875 0.2783203140625 0.548828125 0.2470703140625 0.57421875 0.2451171859375 0.57421875 0.2080078140625 0.583984375 0.1982421859375
2 0.7275390640625 0.666015625 0.73828125 0.6572265640625 0.736328125 0.6259765640625 0.7060546859375 0.619140625 0.6923828140625 0.609375 0.6728515640625 0.609375 0.65625 0.6396484359375 0.67578125 0.6474609359375 0.671875 0.6650390640625 0.685546875 0.6748046859375 0.69140625 0.6884765640625 0.6943359359375 0.681640625 0.70703125 0.6806640640625 0.7099609359375 0.646484375 0.7275390640625 0.666015625
2 0.77734375 0.6337890640625 0.78125 0.5498046859375 0.7685546859375 0.521484375 0.765625 0.6279296859375 0.77734375 0.6337890640625
2 0.8583984359375 0 0.8564453140625 0.0078125 0.8408203140625 0.001953125 0.828125 0.0146484359375 0.8388671859375 0.009765625 0.8505859359375 0.009765625 0.8515625 0.0146484359375 0.828125 0.024414064062499997 0.8359375 0.0283203140625 0.83203125 0.06933593593750001 0.859375 0.08691406406249999 0.859375 0.09863281406249999 0.87109375 0.11035156406249999 0.869140625 0.12207031406249999 0.875 0.1259765640625 0.869140625 0.1552734359375 0.888671875 0.1748046859375 0.890625 0.2021484359375 0.9033203140625 0.216796875 0.919921875 0.2216796859375 0.9306640640625 0.263671875 0.947265625 0.2490234359375 0.9453125 0.2255859359375 0.9609375 0.1904296859375 0.9609375 0.1767578140625 0.97265625 0.1865234359375 0.9765625 0.2177734359375 0.966796875 0.2509765640625 0.966796875 0.2802734359375 0.9619140640625 0.28515625 0.955078125 0.2763671859375 0.953125 0.2978515640625 0.9296875 0.3212890640625 0.935546875 0.3876953140625 0.951171875 0.3955078140625 0.953125 0.4189453140625 0.9677734359375 0.451171875 0.9794921859375 0.439453125 0.9931640640625 0.44140625 0.994140625 0.4501953140625 1 0.4501953140625 1 0.2353515640625 0.9921875 0.2353515640625 0.9892578140625 0.25 0.982421875 0.2392578140625 0.978515625 0.1669921859375 0.9697265640625 0.16796875 0.95703125 0.1455078140625 0.974609375 0.1279296859375 0.9765625 0.11230468593750001 0.9453125 0.08496093593750001 0.9443359359375 0.04296875 0.9326171859375 0.0390625 0.9228515640625 0.044921875 0.8955078140625 0.013671875 0.884765625 0.0126953140625 0.8798828140625 0 0.8720703140625 0.0078125 0.8662109359375 0 0.8583984359375 0