2 0.4045821015625 0.39682405468750004 0.41521124218749994 0.43507697968750003 0.4262781828125 0.4439026046875 0.4425997 0.3883635828125 0.4309555125 0.374576525 0.41941088437499996 0.37160223124999997 0.40764735312499994 0.3833415859375 0.4045821015625 0.39682405468750004
2 0.1342404625 0.8446242375 0.13481770937499998 0.849585665625 0.160912546875 0.854814996875 0.1813743578125 0.84481875 0.18213061875 0.8114905578125 0.1670628296875 0.7915108875 0.1421623765625 0.8197803875 0.1342404625 0.8446242375
2 0.0797800734375 0.356624221875 0.08057622343750001 0.3468719984375 0.0725148625 0.337327115625 0.04162303125 0.3306959578125 0.028227315625 0.338363784375 0.0203054015625 0.3632076328125 0.022136703125 0.38890468437500003 0.0279289640625 0.4021798171875 0.0367864703125 0.4019724828125 0.0469774875 0.37339839375 0.0797800734375 0.356624221875
2 0 0.2689779015625 0.0062724484375 0.2824229140625 0.0170806 0.28238621875000003 0.0313720203125 0.275778934375 0.0416823796875 0.22167843125000003 0.0375223015625 0.2124748296875 0.023867803125 0.2112803375 0.008163096875000001 0.1991024390625 0.00665025625 0.1695045 0 0.1666279390625 0 0.2689779015625
2 0.6112922171874999 0.9089468859375 0.5862523125 0.90282765625 0.5610334 0.93499804375 0.57731535 0.952137371875 0.57751446875 0.9737628984375 0.5854166015625 0.985258228125 0.611829896875 0.98658666875 0.6289475625 0.9212954234374999 0.6259020937499999 0.898438715625 0.6112922171874999 0.9089468859375
2 0.7926605328125 0.41996899687499994 0.803309453125 0.4218827453125 0.81628715 0.40730304375 0.8097584124999999 0.3910169265625 0.8121468578125001 0.3617602703125 0.8273936546874999 0.343450321875 0.8285082640624999 0.3297972125 0.7901919921875 0.305819396875 0.7771546234375 0.3331623015625 0.7667644890624999 0.34011086874999996 0.7512391203125001 0.385897675 0.7609326624999999 0.399514090625 0.7768562671875 0.3969783359375 0.7926605328125 0.41996899687499994
2 0.28807990625 0.0792080484375 0.299564865625 0.0949455484375 0.3135974984375 0.0794759484375 0.34548459375 0.0979804078125 0.3557751703125 0.080219078125 0.3760777484375 0.07217327812499999 0.37245503593749996 0.0443551359375 0.354169015625 0.024765909375 0.295804478125 0.0206846640625 0.2945885375 0.035579021875 0.27512199531250003 0.057448571875 0.27205674375 0.070931040625 0.28807990625 0.0792080484375
2 0.9187966 0.7639646234375 0.8886412453125001 0.7603444515625 0.8666867 0.8006579 0.8738922421875 0.8327182109375 0.87265829375 0.8718977328124999 0.9078694296875 0.8857820484375001 0.912069390625 0.9185616171875 0.9264603687499999 0.9227670984375 0.9246092859375 0.9334092203125 0.9320933984374999 0.9379926749999999 0.938104559375 0.9365541531250001 0.9425629875 0.8819417234375001 0.9128853234375001 0.872470225 0.9035102359374999 0.8549529203124999 0.9111136906249999 0.8340099640625 0.9058587921875001 0.80212029375 0.9172043046875 0.7834690640625 0.9187966 0.7639646234375
2 0.1372450765625 0.5551420140625 0.123590571875 0.553947521875 0.10923948125 0.5733180109375 0.120027853125 0.6096204937499999 0.1082046515625 0.6341230609374999 0.130816221875 0.645922978125 0.10486082968749999 0.6750823796875001 0.1235711125 0.6865410203125 0.12201870468750001 0.729621428125 0.130975771875 0.7402268546874999 0.139733721875 0.7292067578125 0.142918315625 0.690197878125 0.1594788390625 0.6798603484375 0.1583243421875 0.6699374890625001 0.14351534531250001 0.6588201328125 0.14315699843750002 0.6391450515625 0.17432740156249998 0.6182993515625 0.174605971875 0.59082249375 0.16222530625 0.57402445 0.1670420828125 0.5390870999999999 0.1625635515625 0.5337843890625 0.1372450765625 0.5551420140625
2 0.357328221875 0.229647309375 0.363856959375 0.245933428125 0.3495655375 0.2525407109375 0.34813247187499996 0.2700947109375 0.3632599265625 0.2773111734375 0.36298135625 0.30478803125 0.375202790625 0.32353652187500004 0.3755611390625 0.343211603125 0.40681131718749997 0.3695178390625 0.42036626093749996 0.35989956875 0.4361306375 0.35931425781250004 0.45195468125 0.3459657421875 0.4543032375 0.2931331109375 0.45177534531249997 0.288001040625 0.43406032968749997 0.2884157078125 0.42516293125000004 0.265047075 0.4118268890625 0.25995169375 0.41501148125 0.220942815625 0.3997844640625 0.20291358593750003 0.3882398359375 0.199939290625 0.357328221875 0.229647309375
2 0.73410038125 0.1025108125 0.7176394203124999 0.123661103125 0.7139372500000001 0.1449453484375 0.7186745734375 0.159110378125 0.713857796875 0.19404772812499999 0.7274328453125001 0.24434460625 0.72747273125 0.267920575 0.7571503984375 0.2773920734375 0.7879624546875 0.23687129062499998 0.8013980546875 0.25277943281250004 0.8068121843749999 0.2827186609375 0.81576925 0.2933240875 0.8285877156250001 0.28069483125 0.8288662890625 0.253217975 0.8205461390625001 0.2348107671875 0.82635818125 0.21174672499999997 0.8038461671875 0.2107595671875 0.78782300625 0.2024825609375 0.80092004375 0.1623764421875 0.7920823171875 0.1262446015625 0.77948275 0.12416020937500001 0.7588617125 0.1361069 0.7463814890625 0.1084960953125 0.73410038125 0.1025108125
2 0.52281571875 0.633070028125 0.533006734375 0.6044959390625 0.5328076171875 0.5828704109375 0.5244278 0.5772264140625001 0.50802650625 0.5856135 0.49996514375 0.5760686125000001 0.5122660328124999 0.5457147171875001 0.5133806390625 0.5320616140625 0.4992085609375 0.5131424796874999 0.5079266234375 0.478546415625 0.48784294375000004 0.47187856874999995 0.48627043125 0.45504383437499996 0.47478547187500003 0.43930633124999996 0.46449489687499995 0.4570676640625 0.464694015625 0.47869318437499997 0.44279914062500003 0.5062434296875 0.441525303125 0.5218469812500001 0.45609561718749997 0.5840171578125 0.463261271875 0.5925015015625 0.46493334375 0.6201489984374999 0.4534286015625 0.6407506781250001 0.4504032390625 0.6778091093749999 0.4215019390625 0.6949245656249999 0.440212221875 0.7063832062500001 0.44277999843750004 0.7350912453125 0.4621272 0.7387481078125 0.478090696875 0.759788321875 0.490690259375 0.7618727171875 0.49065037343749995 0.738296746875 0.4974576796875 0.727106009375 0.47126328281249996 0.7110639125 0.4795435453125 0.705895153125 0.476279175 0.6977520921875 0.48656974999999997 0.6799907625 0.5112911953125 0.69001088125 0.5329074968749999 0.6899374953125 0.534559465625 0.657669846875 0.541526003125 0.6445286671875 0.5373659265625 0.6353250640625 0.52281571875 0.633070028125