2 0.2802734359375 0.763671875 0.3095703140625 0.767578125 0.3203125 0.7626953140625 0.3203125 0.7509765640625 0.3017578140625 0.7265625 0.2900390640625 0.72265625 0.2783203140625 0.728515625 0.2685546859375 0.71875 0.2607421859375 0.7265625 0.26171875 0.7158203140625 0.25 0.7158203140625 0.251953125 0.6904296859375 0.244140625 0.6552734359375 0.236328125 0.6552734359375 0.236328125 0.6396484359375 0.2294921859375 0.63671875 0.216796875 0.6494140640625 0.216796875 0.6787109359375 0.2021484359375 0.693359375 0.1796875 0.6845703140625 0.197265625 0.7021484359375 0.17578125 0.7939453140625 0.1826171859375 0.798828125 0.1943359359375 0.794921875 0.2294921859375 0.75 0.236328125 0.7900390640625 0.25390625 0.8076171859375 0.2626953140625 0.798828125 0.2705078140625 0.802734375 0.275390625 0.7978515640625 0.2802734359375 0.763671875
2 0.0009765640625 0 0 0.040039064062500004 0.021484375 0.0556640640625 0.016601564062499997 0.076171875 0 0.0576171859375 0 0.1318359359375 0.013671875 0.1298828140625 0.01171875 0.1533203140625 0.017578125 0.1630859359375 0 0.1826171859375 0 0.2041015640625 0.022460935937500003 0.20703125 0.03125 0.2509765640625 0.040039064062500004 0.259765625 0.0556640640625 0.25390625 0.0625 0.2646484359375 0.0595703140625 0.2734375 0.044921875 0.2802734359375 0.0546875 0.3134765640625 0.037109375 0.3564453140625 0.06933593593750001 0.390625 0.076171875 0.3779296859375 0.076171875 0.3564453140625 0.0859375 0.3505859359375 0.087890625 0.3759765640625 0.1015625 0.3935546859375 0.08300781406249999 0.396484375 0.078125 0.4169921859375 0.099609375 0.4306640640625 0.103515625 0.4697265640625 0.119140625 0.4716796859375 0.123046875 0.4287109359375 0.1376953140625 0.42578125 0.146484375 0.4150390640625 0.1328125 0.3857421859375 0.134765625 0.3681640640625 0.1484375 0.3466796859375 0.146484375 0.3134765640625 0.12207031406249999 0.310546875 0.12109375 0.2880859359375 0.146484375 0.2529296859375 0.1484375 0.2353515640625 0.1376953140625 0.2265625 0.115234375 0.2333984359375 0.107421875 0.1943359359375 0.111328125 0.1650390640625 0.103515625 0.1552734359375 0.1015625 0.1357421859375 0.107421875 0.10644531406249999 0.095703125 0.08691406406249999 0.10546875 0.043945314062500004 0.09863281406249999 0.037109375 0.07324218593750001 0.04296875 0.0625 0.022460935937500003 0.034179685937499996 0 0.0009765640625 0
2 0.2099609359375 0.611328125 0.2236328140625 0.587890625 0.2451171859375 0.595703125 0.2607421859375 0.59375 0.263671875 0.5712890640625 0.279296875 0.5556640640625 0.279296875 0.5185546859375 0.259765625 0.5087890640625 0.2490234359375 0.478515625 0.2373046859375 0.482421875 0.2314453140625 0.47265625 0.2197265640625 0.47265625 0.2119140640625 0.451171875 0.203125 0.4560546859375 0.1943359359375 0.48828125 0.1630859359375 0.455078125 0.15234375 0.4677734359375 0.146484375 0.4990234359375 0.107421875 0.5205078140625 0.11816406406249999 0.53515625 0.134765625 0.5400390640625 0.13671875 0.5634765640625 0.1435546859375 0.572265625 0.15234375 0.5693359359375 0.1591796859375 0.541015625 0.1796875 0.5654296859375 0.1787109359375 0.583984375 0.16015625 0.5810546859375 0.171875 0.5986328140625 0.15625 0.6376953140625 0.1640625 0.6455078140625 0.1806640640625 0.626953125 0.1953125 0.6357421859375 0.1943359359375 0.599609375 0.2099609359375 0.611328125
2 0.2998046859375 0.642578125 0.2822265640625 0.654296875 0.28125 0.6376953140625 0.2666015640625 0.6328125 0.24609375 0.6552734359375 0.248046875 0.6708984359375 0.26171875 0.6845703140625 0.25390625 0.6904296859375 0.2705078140625 0.705078125 0.2822265640625 0.697265625 0.2900390640625 0.708984375 0.298828125 0.7080078140625 0.29296875 0.6787109359375 0.3173828140625 0.6796875 0.322265625 0.6630859359375 0.2998046859375 0.642578125
2 0.369140625 0.8642578140625 0.365234375 0.7958984359375 0.341796875 0.7783203140625 0.337890625 0.7548828140625 0.3271484359375 0.74609375 0.318359375 0.7626953140625 0.3017578140625 0.76953125 0.30078125 0.7822265640625 0.27734375 0.8037109359375 0.267578125 0.8486328140625 0.267578125 0.8583984359375 0.28515625 0.8779296859375 0.28515625 0.9072265640625 0.3056640640625 0.923828125 0.326171875 0.9248046859375 0.3330078140625 0.91015625 0.369140625 0.9130859359375 0.361328125 0.8798828140625 0.369140625 0.8642578140625
2 0.3076171859375 0.923828125 0.283203125 0.9697265640625 0.2841796859375 0.9765625 0.291015625 0.9755859359375 0.3017578140625 0.966796875 0.3095703140625 0.97265625 0.31640625 0.9697265640625 0.3076171859375 0.923828125
2 0.37890625 0.9423828140625 0.376953125 0.9580078140625 0.3623046859375 0.962890625 0.3447265640625 0.98828125 0.3154296859375 0.98828125 0.306640625 0.9970703140625 0.40625 0.9990234359375 0.39453125 0.9521484359375 0.41015625 0.9384765640625 0.4072265640625 0.921875 0.37890625 0.9423828140625
2 0.06738281406249999 0.908203125 0 0.9970703140625 0.103515625 0.9990234359375 0.109375 0.9755859359375 0.078125 0.9560546859375 0.08203125 0.9443359359375 0.06738281406249999 0.908203125
2 0 0.9697265640625 0.005859375 0.9697265640625 0.01953125 0.9580078140625 0.0625 0.8916015640625 0.0625 0.8798828140625 0.08203125 0.8583984359375 0.078125 0.8291015640625 0.08300781406249999 0.80078125 0.049804685937499996 0.81640625 0.036132814062500004 0.796875 0.03125 0.7998046859375 0.015625 0.9208984359375 0 0.9560546859375 0 0.9697265640625
2 0.5517578140625 0.65625 0.552734375 0.7001953140625 0.572265625 0.7041015640625 0.572265625 0.6826171859375 0.58203125 0.6708984359375 0.5673828140625 0.658203125 0.5517578140625 0.65625
2 0.5419921859375 0.59375 0.5283203140625 0.59375 0.5078125 0.6103515640625 0.517578125 0.6298828140625 0.509765625 0.6650390640625 0.53125 0.6806640640625 0.544921875 0.6376953140625 0.55859375 0.6259765640625 0.552734375 0.6025390640625 0.5419921859375 0.59375
2 0.4072265640625 0.31640625 0.412109375 0.3095703140625 0.40234375 0.2744140640625 0.3798828140625 0.263671875 0.36328125 0.2822265640625 0.359375 0.3095703140625 0.3798828140625 0.31640625 0.38671875 0.3291015640625 0.369140625 0.3759765640625 0.3818359359375 0.380859375 0.390625 0.3994140640625 0.3984375 0.4013671859375 0.40625 0.3623046859375 0.390625 0.3291015640625 0.3955078140625 0.31640625 0.4072265640625 0.31640625
2 0.5 0.4541015640625 0.4892578140625 0.439453125 0.4814453140625 0.439453125 0.4716796859375 0.451171875 0.4365234359375 0.466796875 0.4111328140625 0.427734375 0.3759765640625 0.435546875 0.373046875 0.4404296859375 0.3935546859375 0.44921875 0.400390625 0.4599609359375 0.4033203140625 0.51171875 0.4208984359375 0.484375 0.4326171859375 0.48828125 0.4404296859375 0.482421875 0.458984375 0.4970703140625 0.462890625 0.5166015640625 0.443359375 0.5537109359375 0.45703125 0.5556640640625 0.4609375 0.5908203140625 0.470703125 0.5908203140625 0.48046875 0.5517578140625 0.501953125 0.5458984359375 0.4921875 0.5166015640625 0.5 0.4541015640625
2 0.2373046859375 0 0.244140625 0.036132814062500004 0.2578125 0.047851564062500004 0.2685546859375 0.0703125 0.283203125 0.07128906406249999 0.2890625 0.10449218593750001 0.306640625 0.11230468593750001 0.318359375 0.1396484359375 0.3203125 0.1552734359375 0.3115234359375 0.162109375 0.287109375 0.1494140640625 0.291015625 0.1669921859375 0.28125 0.1982421859375 0.3076171859375 0.21484375 0.31640625 0.2119140640625 0.322265625 0.2646484359375 0.328125 0.2724609359375 0.3369140640625 0.248046875 0.35546875 0.2529296859375 0.33984375 0.2119140640625 0.33984375 0.1943359359375 0.3564453140625 0.1875 0.3720703140625 0.203125 0.3828125 0.1767578140625 0.37890625 0.1416015640625 0.388671875 0.12207031406249999 0.390625 0.09472656406249999 0.3828125 0.09667968593750001 0.3681640640625 0.119140625 0.35546875 0.11230468593750001 0.361328125 0.06542968593750001 0.34375 0.0537109359375 0.32421875 0.024414064062499997 0.3291015640625 0 0.2373046859375 0
2 0.53125 0.3544921859375 0.525390625 0.3291015640625 0.5048828140625 0.318359375 0.47265625 0.3310546859375 0.47265625 0.2666015640625 0.4619140640625 0.24609375 0.455078125 0.2568359359375 0.455078125 0.2880859359375 0.4453125 0.3076171859375 0.443359375 0.3349609359375 0.435546875 0.3525390640625 0.41796875 0.3681640640625 0.41015625 0.3955078140625 0.4150390640625 0.408203125 0.4423828140625 0.400390625 0.45703125 0.4189453140625 0.4716796859375 0.373046875 0.5009765640625 0.392578125 0.525390625 0.3701171859375 0.53125 0.3544921859375
2 0.7890625 0.2470703140625 0.796875 0.2509765640625 0.80859375 0.2353515640625 0.8037109359375 0.205078125 0.787109375 0.2158203140625 0.7890625 0.2470703140625
2 0.9423828140625 0.689453125 0.955078125 0.7255859359375 0.96875 0.7294921859375 0.9931640640625 0.72265625 0.99609375 0.7158203140625 0.9638671859375 0.689453125 0.9423828140625 0.689453125
2 1 0.0029296859375 0.9814453140625 0 0.974609375 0.010742185937499999 0.974609375 0.045898435937499996 0.986328125 0.06738281406249999 1 0.07324218593750001 1 0.0029296859375
2 1 0.7919921859375 0.9697265640625 0.751953125 0.9375 0.7470703140625 0.939453125 0.6884765640625 0.927734375 0.6337890640625 0.943359375 0.6181640640625 0.939453125 0.5673828140625 0.951171875 0.5595703140625 0.953125 0.5478515640625 0.93359375 0.5439453140625 0.900390625 0.4892578140625 0.8984375 0.4658203140625 0.904296875 0.4541015640625 0.8984375 0.4228515640625 0.90234375 0.4091796859375 0.9189453140625 0.40234375 0.923828125 0.3916015640625 0.890625 0.3662109359375 0.8896484359375 0.33203125 0.876953125 0.3583984359375 0.8720703140625 0.36328125 0.861328125 0.3603515640625 0.861328125 0.3466796859375 0.845703125 0.3251953140625 0.8330078140625 0.251953125 0.81640625 0.2998046859375 0.8076171859375 0.3046875 0.796875 0.2998046859375 0.765625 0.2431640640625 0.765625 0.2041015640625 0.783203125 0.1904296859375 0.783203125 0.1787109359375 0.765625 0.1669921859375 0.759765625 0.07714843593750001 0.76953125 0.034179685937499996 0.75 0.018554685937500003 0.751953125 0.0009765640625 0.6689453140625 0 0.66015625 0.0126953140625 0.673828125 0.034179685937499996 0.654296875 0.07519531406249999 0.65234375 0.10644531406249999 0.65625 0.1279296859375 0.6748046859375 0.130859375 0.6875 0.1494140640625 0.69140625 0.1865234359375 0.68359375 0.2060546859375 0.685546875 0.2333984359375 0.7001953140625 0.23828125 0.7080078140625 0.23046875 0.7265625 0.2392578140625 0.734375 0.2666015640625 0.744140625 0.2763671859375 0.7421875 0.3291015640625 0.748046875 0.3623046859375 0.759765625 0.3701171859375 0.7705078140625 0.3984375 0.7783203140625 0.3984375 0.783203125 0.3857421859375 0.779296875 0.3466796859375 0.7841796859375 0.333984375 0.794921875 0.3486328140625 0.783203125 0.4462890640625 0.75 0.5029296859375 0.748046875 0.5283203140625 0.7529296859375 0.53515625 0.7763671859375 0.529296875 0.7861328140625 0.541015625 0.7978515640625 0.5390625 0.818359375 0.5498046859375 0.826171875 0.5888671859375 0.81640625 0.5986328140625 0.830078125 0.6123046859375 0.83203125 0.6396484359375 0.859375 0.6611328140625 0.86328125 0.6923828140625 0.875 0.7060546859375 0.884765625 0.7373046859375 0.8828125 0.7568359359375 0.875 0.7646484359375 0.873046875 0.8115234359375 0.8984375 0.8369140640625 0.90625 0.8720703140625 0.927734375 0.8955078140625 0.91796875 0.9267578140625 0.9423828140625 0.93359375 0.947265625 0.9423828140625 0.9521484359375 1 1 0.9990234359375 1 0.7919921859375
2 0.708984375 0.8994140640625 0.6982421859375 0.896484375 0.6806640640625 0.90625 0.66796875 0.8955078140625 0.669921875 0.8779296859375 0.658203125 0.8193359359375 0.6279296859375 0.822265625 0.6171875 0.8017578140625 0.6220703140625 0.7890625 0.63671875 0.7861328140625 0.646484375 0.7431640640625 0.6240234359375 0.74609375 0.6123046859375 0.73828125 0.5986328140625 0.751953125 0.5830078140625 0.732421875 0.572265625 0.7451171859375 0.5625 0.7998046859375 0.5732421859375 0.798828125 0.587890625 0.8154296859375 0.6015625 0.8583984359375 0.599609375 0.8955078140625 0.619140625 0.9052734359375 0.630859375 0.9384765640625 0.611328125 0.9697265640625 0.609375 0.9990234359375 0.6376953140625 1 0.6396484359375 0.994140625 0.6416015640625 1 0.701171875 0.9990234359375 0.70703125 0.9794921859375 0.6796875 0.9443359359375 0.69921875 0.9365234359375 0.708984375 0.8994140640625