2 0.5263671859375 0.80078125 0.51171875 0.7841796859375 0.513671875 0.7529296859375 0.501953125 0.7333984359375 0.498046875 0.6826171859375 0.4912109359375 0.67578125 0.4755859359375 0.6953125 0.458984375 0.7021484359375 0.4501953140625 0.72265625 0.4296875 0.7294921859375 0.4267578140625 0.7421875 0.38671875 0.7607421859375 0.4111328140625 0.755859375 0.4208984359375 0.763671875 0.43359375 0.7412109359375 0.4521484359375 0.728515625 0.453125 0.7373046859375 0.439453125 0.7451171859375 0.458984375 0.7509765640625 0.44921875 0.7626953140625 0.458984375 0.7822265640625 0.453125 0.7978515640625 0.4609375 0.8017578140625 0.46875 0.8330078140625 0.4873046859375 0.833984375 0.4951171859375 0.828125 0.505859375 0.8486328140625 0.513671875 0.8486328140625 0.5341796859375 0.84765625 0.5546875 0.8291015640625 0.55078125 0.8095703140625 0.5263671859375 0.80078125
2 0.0595703140625 0 0.0546875 0.0126953140625 0.0595703140625 0.03515625 0.06933593593750001 0.0390625 0.08300781406249999 0.033203125 0.09765625 0.047851564062500004 0.10839843593750001 0.07421875 0.1259765640625 0.0546875 0.1357421859375 0.0546875 0.154296875 0.08300781406249999 0.173828125 0.09472656406249999 0.1796875 0.11816406406249999 0.17578125 0.1396484359375 0.154296875 0.1513671859375 0.189453125 0.1806640640625 0.1875 0.2080078140625 0.203125 0.2568359359375 0.1689453140625 0.26171875 0.16796875 0.2666015640625 0.212890625 0.2939453140625 0.212890625 0.3349609359375 0.220703125 0.3662109359375 0.2470703140625 0.36328125 0.275390625 0.3876953140625 0.27734375 0.3955078140625 0.267578125 0.4111328140625 0.287109375 0.4345703140625 0.28125 0.4931640640625 0.2900390640625 0.498046875 0.3037109359375 0.474609375 0.322265625 0.4873046859375 0.30859375 0.5126953140625 0.306640625 0.5322265640625 0.3291015640625 0.537109375 0.3486328140625 0.521484375 0.353515625 0.5341796859375 0.37890625 0.5576171859375 0.3828125 0.5888671859375 0.390625 0.5908203140625 0.4033203140625 0.572265625 0.4306640640625 0.5859375 0.4375 0.5810546859375 0.4296875 0.5205078140625 0.443359375 0.5126953140625 0.443359375 0.4931640640625 0.45703125 0.4677734359375 0.4267578140625 0.462890625 0.416015625 0.4404296859375 0.40625 0.4365234359375 0.400390625 0.4072265640625 0.40234375 0.3642578140625 0.392578125 0.3447265640625 0.392578125 0.3232421859375 0.3759765640625 0.3125 0.3564453140625 0.31640625 0.333984375 0.2939453140625 0.3359375 0.2626953140625 0.328125 0.2529296859375 0.326171875 0.2197265640625 0.310546875 0.1865234359375 0.31640625 0.1572265640625 0.3125 0.1396484359375 0.3037109359375 0.134765625 0.2861328140625 0.1484375 0.265625 0.1376953140625 0.275390625 0.11816406406249999 0.271484375 0.09863281406249999 0.2177734359375 0.013671875 0.20703125 0.020507814062499997 0.208984375 0.06347656406249999 0.1982421859375 0.080078125 0.1865234359375 0.083984375 0.166015625 0.047851564062500004 0.16796875 0.024414064062499997 0.1572265640625 0 0.10644531406249999 0 0.10058593593750001 0.005859375 0.09667968593750001 0 0.0595703140625 0
2 0.4287109359375 0.6328125 0.421875 0.6376953140625 0.421875 0.6630859359375 0.41015625 0.6982421859375 0.4140625 0.7158203140625 0.423828125 0.7197265640625 0.423828125 0.6923828140625 0.451171875 0.6845703140625 0.451171875 0.6708984359375 0.4287109359375 0.6328125
2 0.0048828140625 0.529296875 0.0009765640625 0.521484375 0.001953125 0.5947265640625 0.021484375 0.5732421859375 0.021484375 0.5556640640625 0.03125 0.5341796859375 0.0048828140625 0.529296875
2 0.029296875 0.5966796859375 0.04296875 0.6279296859375 0.049804685937499996 0.634765625 0.060546875 0.6337890640625 0.060546875 0.5908203140625 0.049804685937499996 0.580078125 0.032226564062500004 0.583984375 0.029296875 0.5966796859375
2 0.13671875 0.8095703140625 0.138671875 0.8330078140625 0.126953125 0.8486328140625 0.12890625 0.8720703140625 0.140625 0.8720703140625 0.162109375 0.8505859359375 0.15625 0.8134765640625 0.1416015640625 0.806640625 0.13671875 0.8095703140625
2 0.03125 0.3994140640625 0.0078125 0.3779296859375 0.013671875 0.3466796859375 0.0068359359375 0.3359375 0 0.3369140640625 0.00390625 0.4736328140625 0.021484375 0.4560546859375 0.017578125 0.4267578140625 0.03515625 0.4111328140625 0.03125 0.3994140640625
2 0.107421875 0.7275390640625 0.12890625 0.7138671859375 0.119140625 0.6904296859375 0.08886718593750001 0.65625 0.07128906406249999 0.658203125 0.0615234359375 0.671875 0.029296875 0.6884765640625 0.052734375 0.7236328140625 0.046875 0.7392578140625 0.060546875 0.7568359359375 0.041015625 0.7958984359375 0.052734375 0.8017578140625 0.052734375 0.8291015640625 0.0625 0.8349609359375 0.0703125 0.8291015640625 0.072265625 0.8017578140625 0.09375 0.7919921859375 0.107421875 0.7275390640625
2 0.2177734359375 0.90625 0.212890625 0.9248046859375 0.1796875 0.9794921859375 0.1796875 0.9912109359375 0.1826171859375 1 0.21875 0.9990234359375 0.22265625 0.9755859359375 0.2333984359375 0.9765625 0.244140625 0.9560546859375 0.2177734359375 0.90625
2 0.5244140640625 0.90234375 0.513671875 0.9326171859375 0.52734375 0.9462890640625 0.517578125 0.9697265640625 0.529296875 0.9912109359375 0.544921875 0.9619140640625 0.5390625 0.9541015640625 0.5390625 0.9072265640625 0.5244140640625 0.90234375
2 0.609375 0.1298828140625 0.611328125 0.09277343593750001 0.6015625 0.08105468593750001 0.60546875 0.0556640640625 0.59375 0.0029296859375 0.4794921859375 0 0.4765625 0.0263671859375 0.4951171859375 0.033203125 0.521484375 0.0576171859375 0.529296875 0.09277343593750001 0.5380859359375 0.09375 0.5458984359375 0.080078125 0.5576171859375 0.091796875 0.56640625 0.08691406406249999 0.576171875 0.11035156406249999 0.5703125 0.1513671859375 0.583984375 0.1650390640625 0.591796875 0.1943359359375 0.599609375 0.1962890640625 0.6083984359375 0.185546875 0.625 0.1845703140625 0.626953125 0.1552734359375 0.609375 0.1298828140625
2 0.720703125 0.3486328140625 0.7333984359375 0.328125 0.744140625 0.3271484359375 0.755859375 0.2783203140625 0.7314453140625 0.28515625 0.7197265640625 0.267578125 0.7119140640625 0.267578125 0.703125 0.3115234359375 0.6787109359375 0.310546875 0.67578125 0.2626953140625 0.68359375 0.2646484359375 0.6796875 0.2431640640625 0.66796875 0.2314453140625 0.669921875 0.2177734359375 0.6552734359375 0.21875 0.6328125 0.2685546859375 0.630859375 0.2880859359375 0.6484375 0.3037109359375 0.650390625 0.3466796859375 0.658203125 0.3583984359375 0.66015625 0.3818359359375 0.693359375 0.4423828140625 0.693359375 0.4638671859375 0.7001953140625 0.466796875 0.7216796859375 0.45703125 0.734375 0.4833984359375 0.744140625 0.4873046859375 0.7421875 0.4482421859375 0.751953125 0.3994140640625 0.732421875 0.3818359359375 0.720703125 0.3486328140625
2 0.75 0.6201171859375 0.7802734359375 0.64453125 0.80078125 0.6474609359375 0.796875 0.6337890640625 0.7705078140625 0.609375 0.7607421859375 0.609375 0.75 0.6201171859375
2 0.80078125 0.5322265640625 0.806640625 0.4775390640625 0.7978515640625 0.4609375 0.787109375 0.4794921859375 0.78125 0.5224609359375 0.7763671859375 0.525390625 0.7626953140625 0.515625 0.75390625 0.5205078140625 0.755859375 0.5380859359375 0.74609375 0.5439453140625 0.73828125 0.5712890640625 0.7529296859375 0.603515625 0.759765625 0.5693359359375 0.7802734359375 0.568359375 0.783203125 0.6005859359375 0.79296875 0.6044921859375 0.80078125 0.5810546859375 0.826171875 0.5654296859375 0.822265625 0.5478515640625 0.80078125 0.5322265640625
2 0.9013671859375 0.96875 0.9111328140625 0.970703125 0.91796875 0.9521484359375 0.931640625 0.9423828140625 0.916015625 0.9287109359375 0.916015625 0.8974609359375 0.900390625 0.8779296859375 0.908203125 0.8408203140625 0.8896484359375 0.84375 0.8837890640625 0.8359375 0.8515625 0.8310546859375 0.8515625 0.7978515640625 0.8310546859375 0.736328125 0.8203125 0.7412109359375 0.8173828140625 0.767578125 0.7939453140625 0.74609375 0.791015625 0.8115234359375 0.771484375 0.8291015640625 0.7998046859375 0.857421875 0.826171875 0.8427734359375 0.830078125 0.9091796859375 0.859375 0.9404296859375 0.865234375 0.9677734359375 0.8544921859375 0.9765625 0.841796875 0.9638671859375 0.8623046859375 0.998046875 0.90234375 0.9990234359375 0.8828125 0.9755859359375 0.875 0.9501953140625 0.8818359359375 0.94921875 0.9013671859375 0.96875
2 1 0.020507814062499997 0.990234375 0.0146484359375 0.9892578140625 0 0.92578125 0.0009765640625 0.92578125 0.022460935937500003 0.93359375 0.032226564062500004 0.92578125 0.0517578140625 0.92578125 0.07714843593750001 0.9375 0.10839843593750001 0.9453125 0.11035156406249999 0.9599609359375 0.078125 0.9912109359375 0.078125 1 0.07128906406249999 1 0.020507814062499997