2 0.4765625 0.8349609359375 0.4638671859375 0.8046875 0.4521484359375 0.8046875 0.435546875 0.8271484359375 0.421875 0.8759765640625 0.4248046859375 0.8828125 0.435546875 0.8818359359375 0.4541015640625 0.8671875 0.4677734359375 0.869140625 0.4765625 0.8623046859375 0.4765625 0.8349609359375
2 0.421875 0.6728515640625 0.4140625 0.6552734359375 0.3984375 0.6416015640625 0.396484375 0.5810546859375 0.3486328140625 0.576171875 0.33203125 0.5654296859375 0.3330078140625 0.54296875 0.3564453140625 0.544921875 0.376953125 0.5263671859375 0.375 0.5087890640625 0.353515625 0.4775390640625 0.357421875 0.4267578140625 0.345703125 0.4150390640625 0.345703125 0.3974609359375 0.3369140640625 0.38671875 0.3173828140625 0.4375 0.28125 0.4404296859375 0.29296875 0.4736328140625 0.271484375 0.5009765640625 0.2744140640625 0.51171875 0.2919921859375 0.513671875 0.2998046859375 0.525390625 0.3251953140625 0.53125 0.328125 0.5400390640625 0.3212890640625 0.537109375 0.3037109359375 0.552734375 0.2841796859375 0.552734375 0.279296875 0.5634765640625 0.2890625 0.5810546859375 0.291015625 0.6064453140625 0.314453125 0.6279296859375 0.3125 0.6748046859375 0.3193359359375 0.6875 0.328125 0.6884765640625 0.328125 0.7060546859375 0.34375 0.7197265640625 0.3466796859375 0.732421875 0.3740234359375 0.734375 0.380859375 0.7548828140625 0.396484375 0.7626953140625 0.4033203140625 0.755859375 0.427734375 0.7587890640625 0.4140625 0.7158203140625 0.421875 0.6728515640625
2 0.041992185937499996 0 0.060546875 0.07519531406249999 0.07324218593750001 0.078125 0.091796875 0.09667968593750001 0.103515625 0.1396484359375 0.1259765640625 0.140625 0.1328125 0.1689453140625 0.1533203140625 0.169921875 0.162109375 0.1826171859375 0.166015625 0.2021484359375 0.140625 0.2373046859375 0.134765625 0.2705078140625 0.1416015640625 0.2734375 0.1611328140625 0.263671875 0.1845703140625 0.265625 0.185546875 0.2978515640625 0.2099609359375 0.298828125 0.232421875 0.3154296859375 0.224609375 0.3798828140625 0.2275390640625 0.388671875 0.23828125 0.3896484359375 0.265625 0.3662109359375 0.265625 0.3447265640625 0.279296875 0.3408203140625 0.283203125 0.3154296859375 0.291015625 0.3115234359375 0.291015625 0.3017578140625 0.271484375 0.2744140640625 0.267578125 0.2294921859375 0.2607421859375 0.224609375 0.251953125 0.2314453140625 0.2392578140625 0.26171875 0.212890625 0.2236328140625 0.2236328140625 0.205078125 0.255859375 0.1845703140625 0.255859375 0.1728515640625 0.23828125 0.1552734359375 0.240234375 0.11035156406249999 0.224609375 0.11230468593750001 0.2119140640625 0.1484375 0.193359375 0.1396484359375 0.193359375 0.09472656406249999 0.17578125 0.0556640640625 0.189453125 0.022460935937500003 0.1826171859375 0.009765625 0.1650390640625 0.013671875 0.1416015640625 0.033203125 0.12207031406249999 0 0.041992185937499996 0
2 0.080078125 0.8779296859375 0.08984375 0.8818359359375 0.095703125 0.8779296859375 0.095703125 0.8642578140625 0.08496093593750001 0.861328125 0.080078125 0.8779296859375
2 0.036132814062500004 0.677734375 0.03125 0.6904296859375 0.046875 0.7041015640625 0.04296875 0.7158203140625 0.056640625 0.7373046859375 0.06640625 0.7294921859375 0.08203125 0.6884765640625 0.07324218593750001 0.6796875 0.036132814062500004 0.677734375
2 0.134765625 0.8876953140625 0.12011718593750001 0.876953125 0.09375 0.8994140640625 0.087890625 0.9150390640625 0.091796875 0.9462890640625 0.1015625 0.9619140640625 0.125 0.9365234359375 0.125 0.9091796859375 0.140625 0.9052734359375 0.134765625 0.8876953140625
2 0.015625 0.5458984359375 0.015625 0.5146484359375 0.0009765640625 0.513671875 0 0.5458984359375 0.015625 0.5458984359375
2 0.6826171859375 0.34375 0.662109375 0.3369140640625 0.6572265640625 0.30859375 0.650390625 0.3134765640625 0.646484375 0.3369140640625 0.630859375 0.3525390640625 0.6328125 0.3896484359375 0.64453125 0.3994140640625 0.662109375 0.3896484359375 0.6640625 0.3662109359375 0.685546875 0.3525390640625 0.6826171859375 0.34375
2 0.71875 0.4345703140625 0.6904296859375 0.42578125 0.6708984359375 0.408203125 0.666015625 0.4267578140625 0.65234375 0.4365234359375 0.650390625 0.4853515640625 0.6640625 0.4931640640625 0.6728515640625 0.51953125 0.6806640640625 0.51953125 0.6884765640625 0.50390625 0.693359375 0.5283203140625 0.69921875 0.5302734359375 0.703125 0.5126953140625 0.716796875 0.4951171859375 0.70703125 0.4755859359375 0.71875 0.4345703140625
2 0.615234375 0.2744140640625 0.6259765640625 0.279296875 0.642578125 0.2587890640625 0.642578125 0.2490234359375 0.626953125 0.2275390640625 0.6328125 0.2001953140625 0.6044921859375 0.212890625 0.5966796859375 0.1640625 0.587890625 0.1689453140625 0.5771484359375 0.19140625 0.5673828140625 0.1875 0.5625 0.1962890640625 0.5625 0.2255859359375 0.55078125 0.2470703140625 0.552734375 0.2802734359375 0.5625 0.2900390640625 0.5771484359375 0.259765625 0.5927734359375 0.275390625 0.6064453140625 0.25390625 0.615234375 0.2744140640625
2 0.5126953140625 0 0.5009765640625 0.021484375 0.498046875 0.0009765640625 0.484375 0.0009765640625 0.482421875 0.0302734359375 0.4921875 0.040039064062500004 0.482421875 0.0517578140625 0.4921875 0.06347656406249999 0.48046875 0.10449218593750001 0.486328125 0.11230468593750001 0.5087890640625 0.109375 0.5185546859375 0.09375 0.5400390640625 0.10546875 0.5498046859375 0.091796875 0.5625 0.08886718593750001 0.564453125 0.07519531406249999 0.552734375 0.06347656406249999 0.541015625 0.022460935937500003 0.5478515640625 0 0.5126953140625 0
2 0.7392578140625 0.65625 0.734375 0.6611328140625 0.736328125 0.7255859359375 0.751953125 0.7333984359375 0.76171875 0.7216796859375 0.76171875 0.7080078140625 0.751953125 0.6650390640625 0.7392578140625 0.65625
2 0.96875 0.2490234359375 0.990234375 0.2587890640625 1 0.2236328140625 0.9873046859375 0.21484375 0.96875 0.2333984359375 0.96875 0.2490234359375
2 0.9384765640625 0.1015625 0.921875 0.11816406406249999 0.9453125 0.1513671859375 0.95703125 0.1572265640625 0.96875 0.1455078140625 0.974609375 0.10644531406249999 0.9541015640625 0.111328125 0.9384765640625 0.1015625