2 1 0.275565759375 0.9756963656250001 0.2781254078125 0.9716679312500001 0.2627808125 0.9580904734375 0.2642107828125 0.9452403531250001 0.278376359375 0.9651029484375 0.2871255359375 0.9800978390624999 0.2816040640625 1 0.291880990625 1 0.275565759375
2 0.5215588624999999 0.9389697046875 0.5418504640624999 0.9289481687500001 0.546363871875 0.9186172765625 0.515441625 0.9080762328124999 0.49876819687499996 0.915745596875 0.49199808437500003 0.9312419343749999 0.5038410375 0.9388646296875001 0.5215588624999999 0.9389697046875
2 0.57279145 0.9030217296874999 0.5832169656249999 0.9147359249999999 0.6044038015625001 0.8967356703125 0.6260009 0.8964321828124999 0.6305143109375 0.8861012890625 0.6029491328125001 0.8712644640624999 0.5794123953125 0.871772234375 0.5682408125 0.883789915625 0.57279145 0.9030217296874999
2 0.8238637890625 0.326639634375 0.8390638140625001 0.32996654531249997 0.870732128125 0.3167757109375 0.8972156765625 0.294275390625 0.8961712765625001 0.286500953125 0.88348905625 0.279952203125 0.8379821828124999 0.2926294 0.8239757234375 0.3128300828125 0.8238637890625 0.326639634375
2 0.6373031578125 0.8341374703125 0.6607467 0.810971765625 0.660541565625 0.8021233828125001 0.6451364140625 0.7899480875 0.582228778125 0.7975590453125 0.595470428125 0.8375577171874999 0.6080966765625 0.8510112421875 0.6373031578125 0.8341374703125
2 0.4884173875 0.8606591437500001 0.49276289218749997 0.871042575 0.53804589375 0.8859844765625 0.5494226125 0.8828151765625 0.573444321875 0.8566319203124999 0.5428951093750001 0.8342249390625 0.5210369109374999 0.832584815625 0.5055198203125 0.8342190687500001 0.4884173875 0.8606591437500001
2 0.393992328125 0.1797304140625 0.4232547765625 0.1559518671875 0.42342268125000004 0.13523754375000002 0.391344096875 0.13073161093750002 0.37765470625 0.14597112968749998 0.3660168890625 0.1471968203125 0.32979793281249997 0.141155840625 0.330935528125 0.1715882109375 0.3047690515625 0.1891273671875 0.2929633296875 0.211067378125 0.31387032812500004 0.22759099531250002 0.338190365625 0.2329140546875 0.3531852578125 0.22739258125 0.36982145312500003 0.1901605125 0.393992328125 0.1797304140625
2 0.5001876078125 0.0916727453125 0.4657403828125 0.10614180468750001 0.4698247875 0.1145816265625 0.49168299062500004 0.1162217484375 0.5195092625 0.133002184375 0.55363941875 0.1234942859375 0.569305678125 0.137613190625 0.6029136328125 0.12421807343749999 0.605226303125 0.11214785468749999 0.634320846875 0.1090836296875 0.625200834375 0.10708748593749999 0.623634234375 0.09542582656250001 0.61153018125 0.085859521875 0.596591259375 0.08447621875 0.5912013546875 0.0663183515625 0.5666574468750001 0.08861438906249999 0.5528188890625 0.0881007515625 0.5473170484375001 0.0837524328125 0.5463845828125 0.06216844218749999 0.53260199375 0.05475003125 0.5019780796875 0.0757153046875 0.5001876078125 0.0916727453125
2 0.6695406015625001 0 0.671006284375 0.0234189359375 0.6551721234375 0.030014351562500003 0.6517590859375 0.041214909375 0.6841547343750001 0.040759675 0.6915402484375 0.0518084890625 0.6930136515624999 0.040812215624999995 0.7016114671875 0.0389211421875 0.719739559375 0.05672298437499999 0.7285052765625 0.034117590625 0.7731169125 0.0294191125 0.787067403125 0.016123203125 0.8296861046874999 0 0.6695406015625001 0
2 0.446994675 0.98427383125 0.43179464999999995 0.9809469171874999 0.4280273125 0.9675459375000001 0.4545108578125 0.945045615625 0.44813251718749997 0.9122085328124999 0.455480796875 0.8936946406249999 0.44725601875 0.8837197734375 0.42502478281249995 0.893945590625 0.41096235937500003 0.9210510484375 0.3413965484375 0.9303487968749999 0.3059421515625 0.966606125 0.30247314531249997 0.9847114593749999 0.303404275 0.9916427140625 0.5158358078124999 0.984224440625 0.515665246875 0.9829548046875001 0.503561196875 0.9733884984375001 0.503356065625 0.9645401171874999 0.446994675 0.98427383125
2 0.5480061671875001 0.4769160015625 0.5608003187499999 0.46965520312500003 0.5934011015625 0.47804835468749995 0.6047778203124999 0.4748790546875 0.6123872031250001 0.4583087703125 0.62014575 0.45749164374999995 0.641369815625 0.4690540953125 0.670725459375 0.46793348124999995 0.679957409375 0.45612008125000003 0.6701100624999999 0.4413883296875 0.636987078125 0.429107959375 0.649315003125 0.41105516406250003 0.7345470671875 0.4158763234375 0.7514815968749999 0.4101505703125 0.7590909765625 0.3935802859375 0.7693673265625 0.3895413203125 0.7674836593750001 0.3828408296875 0.7610493515625001 0.3569085234375 0.7423430921875 0.34212423593749997 0.730444171875 0.3414063140625 0.665167896875 0.3679922671875 0.6491286046875 0.3657393 0.63894545625 0.3924361953125 0.57109540625 0.42914875781250006 0.532824878125 0.437121609375 0.529150740625 0.4463785546875 0.5442947953124999 0.456610240625 0.5419821234375 0.46868046249999995 0.5480061671875001 0.4769160015625
2 0.6331442953125 0.7665722328125 0.6693072828125 0.7795179890624999 0.718059296875 0.7763545578125 0.727962609375 0.7841815328124999 0.740738025 0.8133882140625 0.7813584546875 0.82290785 0.787494434375 0.8173338390625 0.7769197515624999 0.7898664875 0.7942273156249999 0.7722747937500001 0.8220163640625 0.7594925234375001 0.8441356609374999 0.7630762546875001 0.8506446765625 0.7456363078125 0.8684744406249999 0.7319318328125 0.868008209375 0.7211398390625 0.8292154796875 0.725225471875 0.8048954421875001 0.7199024109375001 0.7826269765625 0.7005655234375 0.7656924453125 0.706291275 0.750846721875 0.72756590625 0.7353296296875 0.729200159375 0.7217149421875 0.7010674234375001 0.68046038125 0.7014701171875 0.672384765625 0.7072484078125 0.6682816218750001 0.7352760671875 0.6329391640625001 0.75772385 0.6331442953125 0.7665722328125
2 0.25083202031249996 0.28547898125 0.25120505312499997 0.2736130421875 0.24906028593750001 0.2649689421875 0.2352777 0.257550528125 0.22196134218750002 0.260924109375 0.1705983328125 0.24465144374999998 0.12042888593750001 0.2519063734375 0.11177510156249999 0.2607022203125 0.03870305625 0.25854259062499996 0.02753146875 0.270560271875 0.0215446546875 0.2918874421875 0.0187531640625 0.29263908125000004 0.023015646875 0.3591542046875 0.1806320703125 0.3046990578125 0.2218866390625 0.3042963640625 0.2264000453125 0.293965471875 0.25083202031249996 0.28547898125
2 1 0.62576953125 0.997273990625 0.6217824046875 0.9906345515625 0.587001715625 0.9723385562500001 0.5899141953125 0.9455566796875001 0.5809082 0.9185509375 0.5995212999999999 0.9049734796875001 0.6009512703125 0.8940070296875 0.6218173375 0.882369209375 0.6230430265625 0.8700412875 0.641095821875 0.8684559500000001 0.6659016453125 0.85707923125 0.66907094375 0.852845659375 0.6448779640625 0.8442478437500001 0.6467690375 0.8513162875000001 0.662779015625 0.848481415625 0.6709620171874999 0.8699665812499999 0.684468078125 0.8693324453125 0.694390403125 0.88997834375 0.7089704109375 0.906856903125 0.7101494296875 0.9081624046875 0.7198674828125 0.882462159375 0.7481986265625 0.8884302328125001 0.763338940625 0.874367809375 0.790444403125 0.8890456328124999 0.78988409375 0.9122840406250001 0.7578700078125 0.9393270125000001 0.7688196140625 0.9623415484375 0.764424625 0.965232390625 0.7493368515625 0.9416584234375 0.7202819140625001 0.9425536593749999 0.7123031937500001 0.9546204812499999 0.6923067890625 0.97737391875 0.6859681921874999 0.981626225 0.6736936906250001 1 0.6701849265625001 1 0.62576953125
2 0.2553074609375 0.5530783890625 0.24031256875 0.5585998609375 0.20137067343749998 0.546932334375 0.16421925312500002 0.51930736875 0.13072323125000002 0.5188929375 0.1080817328125 0.5114219859375 0.0731682765625 0.5150990546875 0.062164590625 0.506402415625 0.0343755484375 0.5191846859375 0.07374570312499999 0.8195745078125001 0.096555109375 0.8063311328125 0.1335573671875 0.8182029406250001 0.173506428125 0.8080822 0.1592576078125 0.7898717937499999 0.132419765625 0.7877705703125 0.13389316874999999 0.7767742953125001 0.1444306203125 0.774678940625 0.1314873015625 0.7661865859375 0.1398240125 0.762351903125 0.14254695312500001 0.76797845 0.145120725 0.7578518390625 0.152301103125 0.76005226875 0.153345503125 0.7678267078125 0.1527113671875 0.777749034375 0.14353538593749998 0.7826576609375 0.1587354078125 0.785984575 0.16298771875 0.773710071875 0.176042971875 0.7683928812499999 0.2014821171875 0.7381181234375 0.2302036296875 0.7469198375 0.270674890625 0.740686315625 0.27461013125 0.7333729765625 0.2660682859375 0.7283592765625 0.266702421875 0.7184369453125 0.2498798296875 0.710353153125 0.2466346921875 0.7008393828124999 0.26929493125000004 0.671842853125 0.28816909375 0.6659128187500001 0.2882810328125 0.6521032703125 0.330953034375 0.647609075 0.3319042359375 0.6327255796875 0.318643846875 0.6291943875 0.31676017968750003 0.62249389375 0.3344780078125 0.6225989703125 0.3266262625 0.6007581640625 0.33789104999999997 0.6113984140625 0.371014034375 0.623678784375 0.39261113124999997 0.623375296875 0.406039421875 0.6061921671875 0.4240743203125 0.601336078125 0.428065528125 0.5871179640624999 0.4234029546875 0.5816957015625001 0.44910319843749996 0.5533645500000001 0.44365732343750003 0.54211145625 0.452105975 0.5244672265625 0.490637603125 0.5184379859375 0.49179393749999994 0.5124028765624999 0.4863480625 0.5011497828125 0.4311430109375 0.5148483859375 0.3843306359375 0.5178075343749999 0.3613160984375 0.5222025234375 0.33598889062500004 0.5386677328125 0.32382887031249996 0.536006203125 0.3145037234375 0.5251616718750001 0.2984644328125 0.52290870625 0.26784051249999996 0.5438739796875 0.2716078515625 0.5572749640625 0.259970034375 0.5585006546875 0.2553074609375 0.5530783890625