2 0.26331037031250004 0.7319439203125 0.2830783703125 0.7411299312499999 0.34851828125 0.7453839234374999 0.3668083984375 0.7357090546875 0.301283475 0.7265114296874999 0.2662878796875 0.726211746875 0.26331037031250004 0.7319439203125
2 0.1213044796875 0.054092909375 0.10513084375 0.030326228125 0.068221425 0.0081744609375 0.055535384374999996 0.008337412499999999 0.051409185937500004 0.036710209375000004 0.0620746265625 0.0532054734375 0.0900732765625 0.049099825 0.11106410781250001 0.062315814062499995 0.1213044796875 0.054092909375
2 0.22573170937499998 0.6485161140625 0.2255508015625 0.6603558125 0.25984452343750003 0.66456035625 0.2579939625 0.6911058406249999 0.2722537703125 0.6930204343749999 0.2798784421875 0.6668503015625 0.294053234375 0.6638212640625001 0.300891025 0.636612359375 0.285589290625 0.6188280890625 0.27089353437499997 0.6139222890625 0.2526884296875 0.6285407921874999 0.23851363281250001 0.6315698296875001 0.22573170937499998 0.6485161140625
2 0.750401678125 0.4811480625 0.7764647453125 0.49864426406250006 0.789937671875 0.4995200859375 0.8112903125 0.48905667968750005 0.8154797796875 0.5090814499999999 0.8547607265625 0.5126225718749999 0.8603756828125 0.48138369062499997 0.8564412625 0.4761898203125 0.815320621875 0.47746721562500005 0.8030814078124999 0.4588944046875 0.7712333515625 0.46274981562499995 0.7506675953124999 0.4742519984375 0.750401678125 0.4811480625
2 0.9143850140625001 0.42464971093750004 0.8947761703125 0.4470779328125 0.867479390625 0.44727872187499995 0.8630981468750001 0.46082061406249997 0.8858436515625 0.464274453125 0.8958072234375001 0.4846745765625 0.9089292140625 0.48750282812499995 0.9294099546875 0.47105701250000004 0.9547820343750001 0.47073111093750003 0.9695928109375 0.46382791875 0.9705981328125001 0.446567203125 0.9558457125 0.443146853125 0.9355458765625 0.44775296875 0.9259332328125 0.4254004171875 0.9143850140625001 0.42464971093750004
2 0.6767093609375 0.5336396609375 0.6782722578125 0.557444175 0.7118641109375 0.5655535796875 0.7551862468749999 0.53577826875 0.7484552203125 0.5244768750000001 0.710663025 0.51806966875 0.7096210968750001 0.5021999921875 0.6907249984375 0.49899638749999997 0.6735835734375 0.4860306328125 0.6544215578125 0.4897230921875 0.649242553125 0.5239531796875 0.6767093609375 0.5336396609375
2 0.3247972703125 0 0.3269294203125 0.004252003125 0.317125 0.0154661140625 0.324557890625 0.022862646875 0.3483562 0.0204591953125 0.36742233125 0.0335500671875 0.37696083125 0.029232020312500002 0.380555190625 0.014651353124999999 0.40917069687499996 0.0016972140625 0.4082644796875 0 0.3247972703125 0
2 0.33722019375 0.2449129921875 0.3144638140625 0.2631861203125 0.277011678125 0.27655344843749996 0.2736832328125 0.2842380515625 0.30272381249999997 0.2960020796875 0.3219599703125 0.3189802203125 0.40227654375000005 0.3163003140625 0.410241275 0.3099047203125 0.40727464375 0.2939099265625 0.4186637078125 0.263046396875 0.41543115625000004 0.25394766562500004 0.3816583984375 0.2576779609375 0.3878793328125 0.23931755 0.3832430390625 0.2380285421875 0.3638151046875 0.2486170671875 0.33722019375 0.2449129921875
2 0.233242715625 0.32506451875 0.22588396249999998 0.344338584375 0.2050631578125 0.3410098640625 0.2052440671875 0.3291701640625 0.1859120171875 0.3229753578125 0.1937067234375 0.30669249375 0.18180756874999998 0.3078942203125 0.1762885015625 0.322349771875 0.1651762296875 0.32459026875 0.1174204609375 0.29778293749999996 0.0654317203125 0.3378587 0.0727687234375 0.362038565625 0.10426584375 0.360135584375 0.11633503125 0.3688211265625 0.128064153125 0.3577321328125 0.15921033906249998 0.35778158125 0.16068822031250002 0.3766424625 0.175819928125 0.3845394640625 0.20102197500000002 0.3743262921875 0.22831875625000003 0.37412550625 0.22613900625 0.359169484375 0.2422493765625 0.3345386 0.233242715625 0.32506451875
2 0.11290947031250001 0 0.116339003125 0.011302396874999999 0.1640947796875 0.038109728125 0.1934971671875 0.026194362500000002 0.214317965625 0.02952308125 0.22718490937500002 0.017520434374999998 0.2288856921875 0 0.11290947031250001 0
2 0.5351383671875001 0.909609078125 0.468645653125 0.9112123750000001 0.459107153125 0.9155304203125001 0.45393902031250005 0.9280335421875 0.4282160109375 0.9303118765624999 0.404938665625 0.940650165625 0.42067635000000003 0.9614256421875 0.4414971546875 0.9647543625000001 0.44160262031249997 0.9708872859375001 0.598562175 0.9617454328124999 0.5967071203125001 0.9570667671875001 0.55436365 0.9543141828125 0.5520138734375 0.9294708937499999 0.5351383671875001 0.909609078125
2 0.797684896875 0.9276638203124999 0.8103818125 0.9057739 0.8299797812499999 0.90507264375 0.8499395578125 0.8806919921875 0.8917620609375 0.8755097359375 0.8985039625000001 0.8650841625 0.8671027328124999 0.8502038140625 0.8594147937500001 0.827976378125 0.854512584375 0.8335834343749999 0.849791275 0.8273507906249999 0.812520046875 0.8288784203124999 0.7887958765625 0.8579524703124999 0.78555245 0.870580709375 0.7593084734375 0.8649242046875001 0.7353292578125 0.8791673546875 0.72116534375 0.8604694265624999 0.7134665296875 0.85996895625 0.7032261578125001 0.8681918625 0.7026093046875 0.877040359375 0.6637643046874999 0.876490440625 0.6392532515625 0.9045257187500001 0.599355446875 0.9098330921875 0.596027003125 0.9175176953124999 0.6373176703125 0.9261275687499999 0.654108159375 0.9410457531249999 0.6691548515625 0.943999121875 0.6814158156250001 0.9191179999999999 0.7167623421875 0.917465253125 0.7127317859375 0.9550958109375 0.7511376484375 0.9528589234375 0.7617215171875 0.938165059375 0.811242834375 0.9334832734375 0.8049477578124999 0.925173084375 0.797684896875 0.9276638203124999
2 0.9371982765625001 0 0.91047631875 0.01848318125 0.908721646875 0.028245329687499997 0.919387090625 0.0447405921875 0.8836896281250001 0.0483457734375 0.847800384375 0.0855176140625 0.8546164234375 0.1017626421875 0.8401757140624999 0.11168774374999998 0.795737509375 0.09892277499999999 0.7778833390625 0.11158884531249999 0.762134778125 0.1125403375 0.7611669875 0.12334126406249998 0.7402502953125001 0.136795871875 0.7305417656250001 0.13122665 0.728277003125 0.111326996875 0.720493175 0.10588289375 0.6627412015624999 0.1238563390625 0.6289466906250001 0.171040565625 0.5908035578125 0.1665857875 0.570503721875 0.171191903125 0.5652505765625 0.17875138906250002 0.5700568984375 0.1899276671875 0.5614753109375 0.20517175625 0.565409734375 0.21036562343749998 0.5969068562500001 0.2084626421875 0.6112516765625 0.21532087187500001 0.6359327578125 0.1971728609375 0.653255090625 0.19829891718749998 0.6716193453125 0.21529465 0.690175384375 0.19872371875 0.7167702953124999 0.20242779375 0.7339225953125 0.19366658125 0.76629161875 0.1977460078125 0.794120234375 0.1837530921875 0.827712090625 0.1918624953125 0.8325292875000001 0.18131180625 0.8237885468749999 0.164941659375 0.8335929671875 0.1537275484375 0.8332529078125 0.1339530109375 0.838942 0.12938473125 0.860464675 0.12880859218750002 0.874809496875 0.1356668234375 0.9112088296874999 0.1281567859375 0.9495219859375 0.1424988328125 0.9597623593750001 0.1342759234375 0.9705454437500001 0.090533921875 0.9871659062499999 0.09556483906249999 0.99076496875 0.10031599843750001 0.9966077109375 0 0.9810829671875 0 0.9795956078125 0.013100135937499998 0.9548295078125 0.0263045140625 0.9416392015625 0 0.9371982765625001 0