2 0 0.403819290625 0.014756221875 0.4050327171875 0.0234365078125 0.3929323796875 0.006694246875 0.3807129078125 0 0.38676049687499997 0 0.403819290625
2 0.0837122140625 0.0657071953125 0.0915086171875 0.0594483875 0.04796446875 0.0174252875 0.040598790625 0.06610472187500001 0.0597628015625 0.055852178125 0.0837122140625 0.0657071953125
2 0.7705980593749999 0.518443275 0.7860613937500001 0.5197148484375 0.806863696875 0.511568428125 0.8100108 0.5295698640625 0.8494882828125 0.533801859375 0.8517448828124999 0.4994878359375 0.8089260859375 0.49793818749999996 0.794181475 0.47898307031250004 0.7620762984375 0.48422863125 0.74373143125 0.49553424062499996 0.74366669375 0.50242883125 0.7705980593749999 0.518443275
2 0.906679071875 0.4468344125 0.8950168328125001 0.452775328125 0.8918406734375001 0.467299684375 0.856164290625 0.47028017499999997 0.8527582328125 0.47985711562500005 0.8557401859375 0.4860165421875 0.886372228125 0.490506865625 0.8933851703125001 0.5088261968750001 0.9085538796874999 0.512044946875 0.9179885703125 0.5078922609375 0.9250305640625 0.4936858 0.9462926515625 0.4954342125 0.9764314468749999 0.4827510234375 0.9771517718749999 0.46728535468750004 0.9529396 0.464438321875 0.9285660890624999 0.4703196703125 0.9179819453125001 0.44973527031250005 0.906679071875 0.4468344125
2 0.9445804499999999 0.7072194546875 0.7295021687500001 0.686576134375 0.7262612703125 0.707995084375 0.9369491984374999 0.725320275 0.9350810203125001 0.7182667328125001 0.943401940625 0.715008165625 0.9445804499999999 0.7072194546875
2 0.6471860109375001 0.5063235078125 0.6454182484375 0.518006571875 0.644045528125 0.546479065625 0.675202090625 0.5539696296875001 0.6741887328125 0.5736003484375 0.737615625 0.587687359375 0.73892360625 0.5661094656250001 0.7545164140625 0.5535918468750001 0.7529428593749999 0.5445911296875 0.710713315625 0.5391471250000001 0.7037003796875 0.5208277953125 0.6918082515624999 0.52182129375 0.664582259375 0.507754028125 0.6471860109375001 0.5063235078125
2 0.5511467578125 0.9341065625 0.5324068421875 0.9286227421875 0.505511159375 0.9382394984375001 0.4771066640625 0.93196094375 0.4739952359375 0.93959070625 0.487331446875 0.9613871156249999 0.48045460625 0.9874355906250001 0.48109652187499996 0.9877182921875001 0.5817734437500001 0.9853750109374999 0.5730694546875 0.983223021875 0.558554740625 0.9692153234375 0.5612063843749999 0.9516907234374999 0.5511467578125 0.9341065625
2 0.2594701390625 0 0.25756768281250003 0.0031187984375 0.27067399999999997 0.0199677921875 0.2925253375 0.01782185 0.2978999859375 0.03403505625 0.32912128281249997 0.034631024999999996 0.34474977500000004 0.0477446109375 0.3564120109375 0.041803698437499995 0.3568361109375 0.0260673328125 0.383731790625 0.016450575000000002 0.3845809828125 0 0.2594701390625 0
2 0.30061381875 0.27476963125 0.2615313875 0.2873270625 0.25812533125 0.296904003125 0.2878734921875 0.3072358609375 0.3039617625 0.330244278125 0.37636356875 0.33028377343750004 0.3863875140625 0.322236734375 0.401779484375 0.272245909375 0.3976837625 0.2669806015625 0.36839538125 0.2665435765625 0.37157154375 0.25201922187500003 0.3610878171875 0.250171425 0.341629171875 0.26237114687499996 0.318728796875 0.25851660781249997 0.30061381875 0.27476963125
2 0.0948276015625 0 0.094254053125 0.0025034015625 0.07902060625 0.0061792453125 0.10998295625000001 0.0343535921875 0.19116546406249998 0.041029353125 0.20341695624999998 0.031194082812500003 0.20560881874999998 0.003774653125 0.2166360578125 0 0.0948276015625 0
2 0.22078160468750002 0.3303041671875 0.23250857812499998 0.31746865468749996 0.216520725 0.3131968421875 0.197651340625 0.321502209375 0.17504559375 0.31570049375 0.1611558109375 0.3234296375 0.1563413609375 0.3358478734375 0.1210890734375 0.32309199843749997 0.10188938125 0.30771334375000003 0.055930103125 0.3463192484375 0.05304856718749999 0.3588964296875 0.0587178453125 0.3731624578125 0.0927559421875 0.368075840625 0.10288030937499999 0.37876540937500003 0.1181784859375 0.3681949703125 0.14553394687500001 0.3684730484375 0.156872503125 0.3970051046875 0.1815406390625 0.389176578125 0.2166277703125 0.390090440625 0.216527353125 0.37135383437499997 0.22707581718749997 0.366307040625 0.2297274625 0.3487824390625 0.22078160468750002 0.3303041671875
2 0.809008153125 0.9306683390625 0.835903834375 0.9210515812500001 0.8326919937499999 0.9099447375 0.8225028906249999 0.9061497624999999 0.8210588109374999 0.8833598578125 0.807693546875 0.8940892421875001 0.7975691828125 0.883399675 0.7894134125 0.8985002546875 0.761598171875 0.88832734375 0.7418449 0.9024742421875 0.7332940890625 0.9007853953125 0.7306715031250001 0.885784196875 0.726381565625 0.9012026687500001 0.668099434375 0.8983814453125 0.6459891515625 0.9281057640625001 0.61640614375 0.9296159171875 0.6085450078125 0.9427693203124999 0.6507745484374999 0.948213325 0.664470121875 0.9611679609375001 0.6815717421875 0.9645456593749999 0.6865156671875 0.9383382359375 0.7216675312499999 0.9323575078124999 0.7332002984375 0.940205784375 0.7219331062500001 0.962936125 0.725374840625 0.9789903843750001 0.7319360359375 0.9818799374999999 0.75074086875 0.98144225 0.772253678125 0.96017414375 0.8079300609375 0.9571936531249999 0.8136283953125 0.9389338890625 0.809008153125 0.9306683390625
2 0.9247476609374999 0.0234824375 0.916491478125 0.0198464125 0.8867142609374999 0.04204035 0.9002803609375001 0.0687841734375 0.8624411703125 0.066658303125 0.8576267171874999 0.0790765375 0.830896190625 0.10053530625 0.8312264984375 0.124219328125 0.8234300953125 0.130478134375 0.7740581390625 0.12050398749999999 0.7606928749999999 0.131233371875 0.745229540625 0.1299617984375 0.7396606828125 0.1344323734375 0.7420533812500001 0.14448615781250002 0.7272797203125 0.1580568328125 0.7118811203125001 0.149890665625 0.7065712046875 0.1267828640625 0.67060019375 0.131710534375 0.6359081109375 0.1475861 0.612849209375 0.1900465421875 0.566753834375 0.1842846453125 0.5545670781250001 0.18722531874999998 0.5492281109375 0.1966433125 0.554078240625 0.2098562765625 0.5467416171874999 0.22600992031249997 0.5801904609374999 0.22481765937499998 0.598635746875 0.23224865781249998 0.625071646875 0.21273706718750002 0.641878640625 0.21806194375 0.653346671875 0.2328048109375 0.673689190625 0.2147635578125 0.6982278578125001 0.22072421874999998 0.7193247890625 0.21063062187499998 0.7515951171874999 0.21722707031250002 0.77908005625 0.20371595937500003 0.81105575625 0.212259584375 0.8155755828125001 0.20178853125 0.8063350968749999 0.18525743125 0.8183566984375 0.1704747453125 0.8140310843749999 0.1602620140625 0.8201891953124999 0.151897084375 0.84010761875 0.149592196875 0.8585529046874999 0.157023196875 0.8973407171875 0.1464129421875 0.9055321624999999 0.1569435625 0.9317091171874999 0.1650103484375 0.941733065625 0.1569633125 0.9485094890625 0.11217822968749999 0.95407835 0.10770765468750002 0.9811748671875 0.1355641078125 0.9925583390625 0.13650018749999998 0.997659940625 0.026966753125 0.9570827281250001 0.02318429375 0.9516790234375 0.03949688125 0.9297629468749999 0.048537415625000004 0.9247476609374999 0.0234824375