2 0.9576927546875 0.908353528125 0.9590869468750001 0.8784196453125 0.9520506671875 0.881460746875 0.9287030953125001 0.872519028125 0.9198027296875001 0.88160946875 0.9576927546875 0.908353528125
2 0.20774800937500001 0.5210840343750001 0.17860335624999998 0.506491 0.1629624765625 0.507036303125 0.1491629609375 0.517273121875 0.135704684375 0.49823091093749994 0.10251331875 0.4954858125 0.0975686671875 0.50053605625 0.09720467187500001 0.5317670203125 0.10396793124999999 0.538360225 0.13145321875 0.5276462656249999 0.16639494999999999 0.5478906171875 0.1919023828125 0.53919675625 0.20774800937500001 0.5210840343750001
2 0 0.5787424640625 0.011645520312500001 0.5786506578124999 0.0273546484375 0.5722495484375 0.0369254484375 0.5894761500000001 0.054498690625 0.5908146171875 0.0704125671875 0.5668460890625 0.09778410781249999 0.56589180625 0.1037859328125 0.5539757062499999 0.09214627187499999 0.54657694375 0.070662815625 0.5453748015625 0.0610692609375 0.5301001359375 0.043518773437500005 0.5268097328125 0.0276503953125 0.546874390625 0.006144184375 0.5476241843749999 0 0.5514919171875 0 0.5787424640625
2 0.7137709203125 0.281987396875 0.7128957375 0.27323776875 0.7010968281250001 0.279502553125 0.6798181203125 0.26073299375 0.6582891578125001 0.26343472343749996 0.6296329421875 0.2907742125 0.6354300234375 0.29642553125000004 0.6369983875 0.3295402640625 0.669155325 0.3371992828125 0.67322479375 0.3233994109375 0.6986867265625001 0.3186094203125 0.7115883125 0.3015749125 0.703927121875 0.288184015625 0.7137709203125 0.281987396875
2 0.30216203125 0.4690138265625 0.270994021875 0.460344759375 0.26926640625 0.4408935703125 0.2282546 0.43842112499999997 0.21468257500000001 0.42913859062500004 0.2075553203125 0.45377634999999994 0.1898000828125 0.46805336718749996 0.1984729515625 0.478482275 0.2375524015625 0.47907094843750003 0.24516809374999998 0.4963657140625 0.2821559359375 0.5087341609375 0.29880849375 0.5052268703125 0.30216203125 0.4690138265625
2 0 0.34209029375 0.1962234640625 0.33612733125 0.198428825 0.31458788125 0 0.3197376421875 0 0.34209029375
2 0.664285509375 0.9227116828125 0.661091221875 0.94526118125 0.6394712625000001 0.955770653125 0.639221015625 0.9772419375 0.6538047140625001 0.9835624890625001 0.6988404953125 0.9761389328125001 0.718209596875 0.9910727843749999 0.7514464640625 0.9899140109375001 0.76356386875 0.9563221343749999 0.7539703203125 0.9410474687500001 0.7285538875 0.9419335890625 0.7228250593750001 0.930426465625 0.6915205515625 0.9334690109375 0.664285509375 0.9227116828125
2 0.3395059171875 0.031631615625 0.32575189843749996 0.037964565625 0.32754775937499997 0.0515599453125 0.3419949625 0.0695921078125 0.35756759374999997 0.074902609375 0.373299471875 0.0665495640625 0.416311890625 0.0650499765625 0.42240471562500004 0.045326134375 0.4478211484375 0.044440015625 0.46753149687500006 0.0300948375 0.4521181140625 0.011120790625 0.434522121875 0.0117342578125 0.4108560546875 0.03011963125 0.4081395125 0.011678493750000001 0.39162345 0.0034741703125000002 0.29973328593750004 0.0066778343749999995 0.29865335625 0.0154956265625 0.28087536874999997 0.031724575 0.326763578125 0.0350025796875 0.32982136562500003 0.0241646890625 0.3386534875 0.020930054687499998 0.3395059171875 0.031631615625
2 0.6767000296875 0.6959463828125 0.7199171953125 0.676879378125 0.7220088078125 0.6650996046875 0.6947055171875001 0.66019808125 0.673472303125 0.6375246531250001 0.589311578125 0.64826340625 0.584366928125 0.653313653125 0.583752684375 0.7060159015624999 0.5924710546874999 0.7125409421875 0.6160006250000001 0.7058671796875 0.61676205625 0.72437648125 0.6255486734375 0.7250457156250001 0.6433266640624999 0.7088167671875001 0.666765234375 0.7099507453125 0.6767000296875 0.6959463828125
2 0.8442011265625 0.9125368093749999 0.8305608515625 0.9091100796875 0.8157496546875 0.9223088828125 0.8173635203125 0.9515197453124999 0.8007109625 0.9550270359375 0.797584921875 0.971720728125 0.7817620453125 0.9878815140625001 0.8785286125 0.9854834109375 0.874800390625 0.97000425625 0.847428853125 0.9709585390625 0.84657641875 0.9602569781250001 0.8884861578125 0.9695271140624999 0.92174578125 0.9664164062499999 0.9306233984375 0.9592778984375 0.9268269265625 0.9496545515625 0.9337266874999999 0.9445361406250001 0.9454118484375 0.9480310328125 0.9530957890625 0.9594699921875 0.9552927828125 0.9598818890624999 0.9560548296875 0.9435204453124999 0.9377279062499999 0.9365920734375001 0.9300894640624999 0.9212492453125 0.88728179375 0.905181415625 0.8442011265625 0.9125368093749999
2 0.743367828125 0.5931382578125 0.743208578125 0.6068018015625001 0.76920444375 0.6400404671875 0.8142857171875001 0.628713040625 0.811500928125 0.6161277046875 0.8203558 0.610941134375 0.8767354875000001 0.6362914984375 0.9192594734374999 0.5928593828125 0.91845254375 0.578253953125 0.910723103125 0.5707188640624999 0.8813509515625 0.57564518125 0.8638687125000001 0.566498971875 0.85788963125 0.5764631375 0.8284492359375 0.587245259375 0.821663225 0.58260399375 0.8199128625000001 0.5651047375 0.80144169375 0.5569685796875 0.7856870640625 0.5672735609374999 0.7504950859374999 0.5685004953125 0.7512565171875 0.587009796875 0.743367828125 0.5931382578125
2 0 0.1625265265625 0.026175767187499997 0.170355384375 0.03961129375 0.19134952968750002 0.0709385515625 0.18635505000000002 0.0856815 0.1790120546875 0.080873346875 0.1723506875 0.1053690984375 0.1666188125 0.103709734375 0.141311815625 0.10867713125 0.1343096359375 0.132024703125 0.1432513546875 0.1576458828125 0.12479781875 0.16723943125000001 0.140072484375 0.1987031875 0.12336639375 0.228029840625 0.12234394687500001 0.2420568546875 0.09258777812499999 0.2753392265625 0.08752513437500001 0.28522852187500003 0.07742464375 0.27749908125 0.0698895546875 0.2403519953125 0.071184653125 0.222938 0.0561826390625 0.20729712031249997 0.056727943749999996 0.2030911546875 0.082239428125 0.1698087875 0.08730207031250001 0.1652963828125 0.0552655484375 0.156623509375 0.0448366375 0.1410281296875 0.041478071875 0.1302181515625 0.046732804687500004 0.1172483140625 0.069623121875 0.089808525 0.0764332109375 0.07929429375 0.0563127859375 0.0739067109375 0.0155266390625 0.06707519843750001 0.014789240625 0.0753613234375 0.05840105156249999 0.0691774984375 0.08593263281249999 0.07479258125 0.10719942812500001 0.046318360937500004 0.1189234375 0.042157893749999995 0.1405310515625 0.018673824999999998 0.14330094375 0.0106941359375 0.1572371421875 0 0.15807376875 0 0.1625265265625
2 0.11762734999999999 1 0.12702770624999998 0.99119679375 0.1214353734375 0.9679780609374999 0.11170532343749999 0.96441500625 0.1419754015625 0.9662863828124999 0.1488751625 0.9611679750000001 0.150944021875 0.9513401328125 0.17865680625 0.9211068250000001 0.1760085171875 0.8968098781249999 0.2267731265625 0.90089344375 0.24648347343750002 0.886548265625 0.258214134375 0.8861392875 0.26134016875 0.8694455921875001 0.2702177890625 0.8623070859374999 0.2858359203125 0.8637137171875 0.2992486890625 0.8866597984375 0.33259930937500004 0.87574135 0.3630968859375 0.858093371875 0.36521124375 0.844361665625 0.381034121875 0.8282008781249999 0.38218229843749996 0.8135272812500001 0.42717258124999996 0.8100075953125 0.44090384687500006 0.8056265828125 0.446905678125 0.7937104828125 0.43825555625 0.7813296359375 0.4433139546875 0.766519715625 0.4080764765625 0.771650521875 0.392503846875 0.7663400203124999 0.366814415625 0.7906493640625001 0.35312865000000004 0.7911265046875 0.3357146546875 0.776124490625 0.3179139203125 0.794305375 0.2925202375 0.7932395609375 0.2709002828125 0.8037490296875 0.24161912968750002 0.80086760625 0.21406559218750001 0.8174373718749999 0.18285208125000002 0.812672175 0.1778391859375 0.8235782281249999 0.18740998749999999 0.8408048265625 0.1774979375 0.8528572531249999 0.1851818796875 0.8642962109375001 0.180168984375 0.8752022640625 0.1566849140625 0.87797215625 0.145045253125 0.87057339375 0.10382869218749999 0.8856683656250001 0.0648857421875 0.87336808125 0.055962625 0.88441045625 0.054404953125 0.9342188874999999 0.0214638265625 0.9100025015625001 0.0058229484375 0.91054780625 0 0.916495109375 0 1 0.0735831328125 1 0.08304910625 0.9917544968750001 0.0865448578125 1 0.11762734999999999 1