2 0.06640625 0.9990234359375 0.1171875 0.9990234359375 0.10546875 0.9833984359375 0.1171875 0.9521484359375 0.10449218593750001 0.947265625 0.06640625 0.9990234359375
2 0 0.9208984359375 0.0146484359375 0.9140625 0.021484375 0.9521484359375 0.052734375 0.9580078140625 0.037109375 0.9833984359375 0.04296875 0.9873046859375 0.091796875 0.9091796859375 0.076171875 0.8916015640625 0.08203125 0.8505859359375 0.06738281406249999 0.83984375 0.041992185937499996 0.845703125 0.037109375 0.8232421859375 0.018554685937500003 0.818359375 0.01171875 0.8017578140625 0.016601564062499997 0.7890625 0.034179685937499996 0.794921875 0.052734375 0.7802734359375 0.05078125 0.7568359359375 0.064453125 0.7470703140625 0.06640625 0.6962890640625 0.0517578140625 0.693359375 0.036132814062500004 0.671875 0.024414064062499997 0.66796875 0.017578125 0.6748046859375 0.015625 0.7373046859375 0 0.7490234359375 0 0.9208984359375
2 0.125 0.7744140640625 0.12011718593750001 0.82421875 0.115234375 0.8232421859375 0.109375 0.7958984359375 0.10058593593750001 0.8125 0.09667968593750001 0.78515625 0.091796875 0.7919921859375 0.095703125 0.8935546859375 0.103515625 0.8955078140625 0.12890625 0.8564453140625 0.1279296859375 0.75390625 0.115234375 0.7626953140625 0.125 0.7744140640625
2 0.3447265640625 0.61328125 0.3173828140625 0.615234375 0.3037109359375 0.60546875 0.2919921859375 0.60546875 0.291015625 0.6396484359375 0.2734375 0.6396484359375 0.28515625 0.6650390640625 0.283203125 0.6884765640625 0.302734375 0.7041015640625 0.31640625 0.7431640640625 0.330078125 0.7451171859375 0.333984375 0.7177734359375 0.357421875 0.6923828140625 0.3515625 0.6201171859375 0.3447265640625 0.61328125
2 0.41015625 0.8818359359375 0.408203125 0.8486328140625 0.4248046859375 0.845703125 0.43359375 0.8369140640625 0.423828125 0.8037109359375 0.427734375 0.7744140640625 0.4208984359375 0.76953125 0.4052734359375 0.775390625 0.3994140640625 0.765625 0.3896484359375 0.765625 0.3759765640625 0.76953125 0.3662109359375 0.78125 0.3505859359375 0.76953125 0.34765625 0.7919921859375 0.359375 0.8095703140625 0.35546875 0.8349609359375 0.375 0.8486328140625 0.365234375 0.8818359359375 0.3515625 0.9013671859375 0.3798828140625 0.921875 0.3916015640625 0.94140625 0.41015625 0.9423828140625 0.41796875 0.9326171859375 0.412109375 0.9013671859375 0.421875 0.8876953140625 0.41015625 0.8818359359375
2 0.236328125 0.4150390640625 0.216796875 0.3935546859375 0.216796875 0.3798828140625 0.232421875 0.3603515640625 0.212890625 0.3427734359375 0.216796875 0.3193359359375 0.205078125 0.2939453140625 0.208984375 0.2646484359375 0.1953125 0.2431640640625 0.201171875 0.2119140640625 0.1962890640625 0.205078125 0.1728515640625 0.21484375 0.1611328140625 0.20703125 0.1474609359375 0.212890625 0.13671875 0.2099609359375 0.134765625 0.1845703140625 0.142578125 0.1728515640625 0.130859375 0.1337890640625 0.142578125 0.09277343593750001 0.1357421859375 0.0859375 0.08984375 0.07910156406249999 0.09765625 0.07519531406249999 0.109375 0.043945314062500004 0.08984375 0.0009765640625 0.0009765640625 0 0 0.08886718593750001 0.01953125 0.10058593593750001 0.0234375 0.11425781406249999 0 0.1318359359375 0.0263671859375 0.16015625 0.049804685937499996 0.140625 0.05078125 0.1767578140625 0.09082031406249999 0.20703125 0.10644531406249999 0.197265625 0.11328125 0.2041015640625 0.1171875 0.2158203140625 0.111328125 0.2587890640625 0.123046875 0.2705078140625 0.123046875 0.2880859359375 0.1376953140625 0.287109375 0.150390625 0.3056640640625 0.1396484359375 0.318359375 0.12402343593750001 0.322265625 0.12109375 0.3310546859375 0.142578125 0.3857421859375 0.1513671859375 0.39453125 0.1591796859375 0.390625 0.1728515640625 0.404296875 0.1865234359375 0.40625 0.1953125 0.4169921859375 0.19140625 0.4580078140625 0.197265625 0.4716796859375 0.205078125 0.4736328140625 0.2197265640625 0.46484375 0.234375 0.4697265640625 0.23046875 0.4345703140625 0.236328125 0.4150390640625
2 0.490234375 0.1689453140625 0.48828125 0.1552734359375 0.5048828140625 0.166015625 0.513671875 0.1630859359375 0.51953125 0.1298828140625 0.5146484359375 0.12109375 0.5029296859375 0.126953125 0.48046875 0.12402343593750001 0.482421875 0.1708984359375 0.46484375 0.1845703140625 0.482421875 0.2314453140625 0.490234375 0.2333984359375 0.49609375 0.2119140640625 0.505859375 0.2041015640625 0.505859375 0.1904296859375 0.490234375 0.1689453140625
2 0.48828125 0.06738281406249999 0.46484375 0.0556640640625 0.46875 0.0302734359375 0.453125 0.0009765640625 0.4384765640625 0 0.4375 0.0263671859375 0.447265625 0.0537109359375 0.4306640640625 0.060546875 0.423828125 0.07519531406249999 0.4306640640625 0.0859375 0.44921875 0.08691406406249999 0.44921875 0.12207031406249999 0.458984375 0.1298828140625 0.466796875 0.12011718593750001 0.46875 0.09082031406249999 0.484375 0.08691406406249999 0.48828125 0.06738281406249999
2 0.580078125 0.2509765640625 0.5595703140625 0.240234375 0.5419921859375 0.21484375 0.53515625 0.2294921859375 0.537109375 0.2509765640625 0.5283203140625 0.267578125 0.515625 0.2685546859375 0.515625 0.2822265640625 0.498046875 0.3173828140625 0.5009765640625 0.32421875 0.5263671859375 0.318359375 0.5390625 0.3271484359375 0.544921875 0.2880859359375 0.5703125 0.2919921859375 0.5703125 0.2587890640625 0.580078125 0.2509765640625
2 0.720703125 0.6728515640625 0.6962890640625 0.658203125 0.6708984359375 0.65234375 0.65625 0.6884765640625 0.681640625 0.6904296859375 0.671875 0.7138671859375 0.685546875 0.7216796859375 0.69140625 0.7412109359375 0.693359375 0.7294921859375 0.70703125 0.7255859359375 0.697265625 0.7001953140625 0.720703125 0.6728515640625
2 1 0.3154296859375 0.98828125 0.3115234359375 0.9794921859375 0.29296875 0.97265625 0.2939453140625 0.97265625 0.3408203140625 0.9501953140625 0.34765625 0.9296875 0.3642578140625 0.94140625 0.4072265640625 0.935546875 0.4365234359375 0.9423828140625 0.443359375 0.955078125 0.4404296859375 0.955078125 0.4619140640625 0.970703125 0.4951171859375 0.994140625 0.4677734359375 0.9951171859375 0.45703125 1 0.4658203140625 1 0.3154296859375
2 0.955078125 0.2275390640625 0.9443359359375 0.220703125 0.9296875 0.2216796859375 0.92578125 0.1923828140625 0.9306640640625 0.181640625 0.9638671859375 0.181640625 0.974609375 0.1572265640625 0.9453125 0.1376953140625 0.9404296859375 0.109375 0.9150390640625 0.10546875 0.9072265640625 0.11328125 0.888671875 0.11425781406249999 0.9365234359375 0.09765625 0.94140625 0.08886718593750001 0.9345703140625 0.08203125 0.9150390640625 0.087890625 0.90234375 0.06542968593750001 0.8828125 0.0517578140625 0.873046875 0.0048828140625 0.8642578140625 0 0.849609375 0.040039064062500004 0.826171875 0.0595703140625 0.830078125 0.10839843593750001 0.8564453140625 0.119140625 0.8720703140625 0.119140625 0.880859375 0.11230468593750001 0.8828125 0.12011718593750001 0.8671875 0.1279296859375 0.873046875 0.1318359359375 0.87109375 0.1494140640625 0.880859375 0.1728515640625 0.8671875 0.1904296859375 0.8671875 0.2001953140625 0.888671875 0.2197265640625 0.890625 0.2451171859375 0.91796875 0.2607421859375 0.923828125 0.3017578140625 0.93359375 0.3076171859375 0.94140625 0.2841796859375 0.939453125 0.2626953140625 0.955078125 0.2412109359375 0.955078125 0.2275390640625