0 0.7353515640625 0.16015625 0.7197265640625 0.158203125 0.708984375 0.1669921859375 0.6953125 0.2177734359375 0.703125 0.2451171859375 0.7216796859375 0.2421875 0.740234375 0.2080078140625 0.744140625 0.1787109359375 0.7353515640625 0.16015625
2 0.384765625 0.5771484359375 0.3916015640625 0.552734375 0.4033203140625 0.560546875 0.41015625 0.5556640640625 0.392578125 0.4833984359375 0.3857421859375 0.48046875 0.3662109359375 0.5 0.3603515640625 0.498046875 0.365234375 0.4599609359375 0.3427734359375 0.4609375 0.3271484359375 0.4296875 0.310546875 0.4384765640625 0.314453125 0.4541015640625 0.30859375 0.4775390640625 0.328125 0.5107421859375 0.3193359359375 0.52734375 0.3056640640625 0.529296875 0.294921875 0.5400390640625 0.30078125 0.5615234359375 0.318359375 0.5693359359375 0.310546875 0.6103515640625 0.310546875 0.6416015640625 0.31640625 0.6435546859375 0.3427734359375 0.60546875 0.3525390640625 0.6171875 0.361328125 0.6142578140625 0.384765625 0.5771484359375
2 0.12011718593750001 0 0.12109375 0.018554685937500003 0.140625 0.0556640640625 0.126953125 0.08300781406249999 0.126953125 0.09667968593750001 0.13671875 0.10449218593750001 0.13671875 0.12402343593750001 0.158203125 0.1650390640625 0.140625 0.1748046859375 0.13671875 0.1962890640625 0.1806640640625 0.25390625 0.224609375 0.2666015640625 0.232421875 0.3134765640625 0.2421875 0.3212890640625 0.2861328140625 0.30859375 0.291015625 0.2939453140625 0.2734375 0.2646484359375 0.27734375 0.2216796859375 0.2578125 0.2099609359375 0.283203125 0.1669921859375 0.25390625 0.1357421859375 0.255859375 0.11035156406249999 0.240234375 0.08691406406249999 0.23828125 0.0283203140625 0.216796875 0.016601564062499997 0.2119140640625 0 0.12011718593750001 0
2 0.484375 0.9599609359375 0.48046875 0.9755859359375 0.4609375 0.9990234359375 0.5234375 0.9990234359375 0.5234375 0.9814453140625 0.5087890640625 0.978515625 0.4931640640625 0.955078125 0.484375 0.9599609359375
2 0.470703125 0.7978515640625 0.478515625 0.7900390640625 0.48046875 0.7626953140625 0.47265625 0.7392578140625 0.486328125 0.7001953140625 0.4814453140625 0.681640625 0.451171875 0.6884765640625 0.451171875 0.6376953140625 0.4462890640625 0.6328125 0.4287109359375 0.63671875 0.4189453140625 0.623046875 0.4052734359375 0.640625 0.392578125 0.6455078140625 0.38671875 0.6787109359375 0.36328125 0.7080078140625 0.365234375 0.7470703140625 0.3857421859375 0.7421875 0.4013671859375 0.72265625 0.3984375 0.7490234359375 0.4140625 0.7587890640625 0.4111328140625 0.775390625 0.38671875 0.7802734359375 0.392578125 0.7998046859375 0.412109375 0.8134765640625 0.40234375 0.8896484359375 0.40625 0.9052734359375 0.4140625 0.9091796859375 0.43359375 0.8779296859375 0.4375 0.8173828140625 0.474609375 0.8076171859375 0.470703125 0.7978515640625
2 0.12011718593750001 0.82421875 0.109375 0.8330078140625 0.115234375 0.8408203140625 0.109375 0.8447265640625 0.109375 0.8603515640625 0.1171875 0.8603515640625 0.109375 0.8779296859375 0.11230468593750001 0.888671875 0.123046875 0.8896484359375 0.134765625 0.8798828140625 0.134765625 0.8681640640625 0.123046875 0.8583984359375 0.12011718593750001 0.82421875
2 0 0.7666015640625 0.021484375 0.7666015640625 0.00390625 0.7939453140625 0.009765625 0.8447265640625 0.020507814062499997 0.828125 0.044921875 0.8251953140625 0.04296875 0.7763671859375 0.06738281406249999 0.75390625 0.07519531406249999 0.75390625 0.0859375 0.7685546859375 0.09375 0.8134765640625 0.09667968593750001 0.818359375 0.1015625 0.8134765640625 0.1015625 0.7900390640625 0.08984375 0.7705078140625 0.107421875 0.7509765640625 0.107421875 0.7333984359375 0.09765625 0.7216796859375 0.111328125 0.7099609359375 0.10253906406249999 0.697265625 0.06933593593750001 0.705078125 0.0595703140625 0.6796875 0.043945314062500004 0.68359375 0.0390625 0.6767578140625 0.046875 0.6494140640625 0.029296875 0.6142578140625 0.040039064062500004 0.603515625 0.037109375 0.6142578140625 0.0517578140625 0.623046875 0.0546875 0.6181640640625 0.04296875 0.6025390640625 0.05078125 0.5673828140625 0.029296875 0.5380859359375 0.041015625 0.5126953140625 0.016601564062499997 0.494140625 0.009765625 0.5048828140625 0.015625 0.5126953140625 0 0.5126953140625 0 0.7666015640625
2 0.150390625 0.9501953140625 0.15625 0.9677734359375 0.1513671859375 0.970703125 0.1396484359375 0.962890625 0.126953125 0.9931640640625 0.1318359359375 1 0.1875 0.9990234359375 0.19140625 0.9501953140625 0.1787109359375 0.9296875 0.1552734359375 0.927734375 0.150390625 0.9501953140625
2 0.4716796859375 0.849609375 0.4580078140625 0.8515625 0.458984375 0.8759765640625 0.47265625 0.8857421859375 0.474609375 0.9111328140625 0.482421875 0.9111328140625 0.484375 0.8857421859375 0.4921875 0.8740234359375 0.474609375 0.8681640640625 0.4716796859375 0.849609375
2 0.8662109359375 0.966796875 0.8466796859375 0.95703125 0.8359375 0.9755859359375 0.8408203140625 1 0.9140625 0.9990234359375 0.9033203140625 0.974609375 0.88671875 0.9736328140625 0.8818359359375 0.951171875 0.8662109359375 0.966796875
2 0.7998046859375 0.662109375 0.7958984359375 0.669921875 0.78515625 0.6708984359375 0.7900390640625 0.65625 0.8095703140625 0.658203125 0.818359375 0.6474609359375 0.8125 0.6298828140625 0.81640625 0.6181640640625 0.802734375 0.6064453140625 0.818359375 0.5810546859375 0.810546875 0.5263671859375 0.7998046859375 0.51953125 0.7861328140625 0.5390625 0.7705078140625 0.54296875 0.751953125 0.5322265640625 0.7509765640625 0.513671875 0.7431640640625 0.53125 0.7275390640625 0.525390625 0.724609375 0.5419921859375 0.705078125 0.5595703140625 0.69921875 0.5771484359375 0.705078125 0.5947265640625 0.72265625 0.6044921859375 0.728515625 0.6376953140625 0.7353515640625 0.64453125 0.7470703140625 0.638671875 0.75390625 0.6455078140625 0.744140625 0.6962890640625 0.7724609359375 0.705078125 0.7822265640625 0.689453125 0.7958984359375 0.689453125 0.7998046859375 0.705078125 0.8154296859375 0.6953125 0.822265625 0.7158203140625 0.8349609359375 0.7265625 0.8466796859375 0.720703125 0.861328125 0.7255859359375 0.861328125 0.7080078140625 0.841796875 0.6865234359375 0.8525390640625 0.66796875 0.7998046859375 0.662109375
2 0.6044921859375 0.15234375 0.6357421859375 0.169921875 0.6484375 0.1650390640625 0.638671875 0.12402343593750001 0.65234375 0.10644531406249999 0.662109375 0.06933593593750001 0.6572265640625 0.0625 0.6337890640625 0.068359375 0.6298828140625 0.041015625 0.6181640640625 0.048828125 0.6064453140625 0.04296875 0.59765625 0.0556640640625 0.5966796859375 0.1015625 0.587890625 0.07910156406249999 0.57421875 0.06933593593750001 0.58984375 0.0595703140625 0.58984375 0.040039064062500004 0.580078125 0.022460935937500003 0.5859375 0.0009765640625 0.5361328140625 0 0.529296875 0.049804685937499996 0.5185546859375 0.052734375 0.51171875 0.06738281406249999 0.53125 0.07910156406249999 0.5361328140625 0.10546875 0.54296875 0.10058593593750001 0.544921875 0.07519531406249999 0.5517578140625 0.068359375 0.56640625 0.08691406406249999 0.56640625 0.1279296859375 0.546875 0.1474609359375 0.546875 0.1689453140625 0.564453125 0.1904296859375 0.5703125 0.2255859359375 0.578125 0.2275390640625 0.5859375 0.2177734359375 0.59375 0.1806640640625 0.607421875 0.1728515640625 0.6044921859375 0.15234375
0 0.6845703140625 0.1015625 0.67578125 0.12402343593750001 0.666015625 0.1318359359375 0.666015625 0.1435546859375 0.673828125 0.1552734359375 0.671875 0.1748046859375 0.6796875 0.1943359359375 0.6904296859375 0.205078125 0.697265625 0.2041015640625 0.708984375 0.1650390640625 0.69921875 0.1474609359375 0.701171875 0.11230468593750001 0.6845703140625 0.1015625
2 1 0.0009765640625 0.9599609359375 0 0.955078125 0.010742185937499999 0.9609375 0.034179685937499996 0.943359375 0.0556640640625 0.943359375 0.07128906406249999 0.9580078140625 0.078125 0.9638671859375 0.0625 0.962890625 0.08300781406249999 0.9462890640625 0.08984375 0.9287109359375 0.0859375 0.921875 0.09863281406249999 0.9287109359375 0.109375 0.939453125 0.11035156406249999 0.9462890640625 0.126953125 0.966796875 0.1376953140625 0.96484375 0.1611328140625 0.9921875 0.1748046859375 1 0.2158203140625 1 0.0009765640625
2 1 0.2607421859375 0.9892578140625 0.259765625 0.97265625 0.2802734359375 0.984375 0.2861328140625 0.9892578140625 0.298828125 1 0.2998046859375 1 0.2607421859375
0 0.90625 0.2802734359375 0.912109375 0.2978515640625 0.919921875 0.2998046859375 0.9296875 0.2783203140625 0.9267578140625 0.255859375 0.91015625 0.2666015640625 0.90625 0.2802734359375