2 0.427734375 0.3544921859375 0.42578125 0.3681640640625 0.439453125 0.4052734359375 0.451171875 0.4130859359375 0.462890625 0.3564453140625 0.4501953140625 0.34375 0.4384765640625 0.341796875 0.427734375 0.3544921859375
2 0.71484375 0.9541015640625 0.7099609359375 0.9375 0.697265625 0.9423828140625 0.673828125 0.9931640640625 0.6748046859375 1 0.703125 0.9990234359375 0.7138671859375 0.99609375 0.720703125 0.9853515640625 0.7109375 0.9736328140625 0.71484375 0.9541015640625
2 0.19921875 0.8115234359375 0.193359375 0.8369140640625 0.1943359359375 0.841796875 0.220703125 0.8447265640625 0.240234375 0.8330078140625 0.23828125 0.7998046859375 0.2216796859375 0.78125 0.19921875 0.8115234359375
2 0.09082031406249999 0.337890625 0.0595703140625 0.333984375 0.046875 0.3427734359375 0.041015625 0.3681640640625 0.044921875 0.3935546859375 0.0517578140625 0.40625 0.060546875 0.4052734359375 0.068359375 0.3759765640625 0.099609375 0.3564453140625 0.099609375 0.3466796859375 0.09082031406249999 0.337890625
2 0.032226564062500004 0.216796875 0.015625 0.2060546859375 0.01171875 0.1767578140625 0.0029296859375 0.173828125 0 0.2744140640625 0.0126953140625 0.275390625 0.020507814062499997 0.2890625 0.03125 0.2880859359375 0.044921875 0.2802734359375 0.05078125 0.2255859359375 0.045898435937499996 0.216796875 0.032226564062500004 0.216796875
2 0.6474609359375 0.85546875 0.625 0.8896484359375 0.642578125 0.9052734359375 0.64453125 0.9267578140625 0.6533203140625 0.9375 0.6796875 0.9365234359375 0.69140625 0.8701171859375 0.6865234359375 0.84765625 0.6728515640625 0.859375 0.6474609359375 0.85546875
2 0.841796875 0.2783203140625 0.841796875 0.2646484359375 0.8017578140625 0.244140625 0.791015625 0.2724609359375 0.78125 0.2802734359375 0.76953125 0.3271484359375 0.7802734359375 0.33984375 0.7958984359375 0.3359375 0.8134765640625 0.357421875 0.82421875 0.3583984359375 0.8359375 0.3427734359375 0.828125 0.3271484359375 0.828125 0.2978515640625 0.841796875 0.2783203140625
2 0.37109375 0.047851564062500004 0.365234375 0.020507814062499997 0.3447265640625 0.001953125 0.287109375 0.0009765640625 0.287109375 0.018554685937500003 0.26953125 0.041992185937499996 0.267578125 0.0556640640625 0.2841796859375 0.0625 0.296875 0.07714843593750001 0.3095703140625 0.060546875 0.3427734359375 0.076171875 0.3515625 0.0576171859375 0.37109375 0.047851564062500004
2 1 0.8037109359375 0.9697265640625 0.796875 0.958984375 0.7802734359375 0.96484375 0.7587890640625 0.95703125 0.7275390640625 0.966796875 0.7080078140625 0.966796875 0.6884765640625 0.9365234359375 0.6875 0.91796875 0.7294921859375 0.927734375 0.7607421859375 0.9296875 0.7998046859375 0.9658203140625 0.810546875 0.97265625 0.8427734359375 0.9873046859375 0.845703125 0.986328125 0.8564453140625 0.994140625 0.8603515640625 1 0.8583984359375 1 0.8037109359375
2 0.203125 0.6611328140625 0.1875 0.6513671859375 0.185546875 0.6318359359375 0.21484375 0.6083984359375 0.212890625 0.5810546859375 0.19921875 0.5654296859375 0.201171875 0.5302734359375 0.1962890640625 0.525390625 0.1728515640625 0.548828125 0.1591796859375 0.548828125 0.146484375 0.5693359359375 0.16015625 0.6044921859375 0.150390625 0.6298828140625 0.173828125 0.6396484359375 0.150390625 0.6708984359375 0.169921875 0.6806640640625 0.171875 0.7236328140625 0.181640625 0.7333984359375 0.189453125 0.7216796859375 0.189453125 0.6826171859375 0.205078125 0.6708984359375 0.203125 0.6611328140625
2 0.466796875 0.2607421859375 0.4638671859375 0.255859375 0.4462890640625 0.2578125 0.435546875 0.2353515640625 0.421875 0.2314453140625 0.421875 0.1923828140625 0.4052734359375 0.17578125 0.3935546859375 0.173828125 0.365234375 0.2060546859375 0.373046875 0.2216796859375 0.359375 0.2294921859375 0.359375 0.2470703140625 0.375 0.2529296859375 0.376953125 0.2802734359375 0.390625 0.2978515640625 0.392578125 0.3173828140625 0.42578125 0.3408203140625 0.4384765640625 0.330078125 0.4541015640625 0.328125 0.46875 0.3134765640625 0.466796875 0.2607421859375
2 0.830078125 0.1474609359375 0.8076171859375 0.1484375 0.791015625 0.1416015640625 0.80078125 0.10058593593750001 0.7890625 0.06542968593750001 0.7763671859375 0.064453125 0.7568359359375 0.078125 0.7421875 0.0517578140625 0.7294921859375 0.046875 0.71484375 0.06933593593750001 0.712890625 0.09082031406249999 0.71875 0.10449218593750001 0.716796875 0.1396484359375 0.734375 0.1884765640625 0.736328125 0.2119140640625 0.7666015640625 0.21875 0.7939453140625 0.17578125 0.80859375 0.1904296859375 0.81640625 0.2197265640625 0.826171875 0.2294921859375 0.837890625 0.2158203140625 0.8359375 0.1884765640625 0.826171875 0.1708984359375 0.830078125 0.1474609359375
2 0.525390625 0.6689453140625 0.521484375 0.6611328140625 0.5302734359375 0.642578125 0.5556640640625 0.650390625 0.5771484359375 0.6484375 0.576171875 0.6162109359375 0.58203125 0.6025390640625 0.5771484359375 0.59375 0.5625 0.5927734359375 0.5703125 0.5634765640625 0.568359375 0.5419921859375 0.5595703140625 0.537109375 0.5439453140625 0.546875 0.53515625 0.5380859359375 0.544921875 0.5068359359375 0.544921875 0.4931640640625 0.529296875 0.4755859359375 0.53515625 0.4404296859375 0.5146484359375 0.435546875 0.51171875 0.4189453140625 0.4990234359375 0.404296875 0.490234375 0.4228515640625 0.4921875 0.4443359359375 0.47265625 0.4736328140625 0.47265625 0.4892578140625 0.4921875 0.5498046859375 0.5 0.5576171859375 0.50390625 0.5849609359375 0.494140625 0.6064453140625 0.494140625 0.6435546859375 0.466796875 0.6630859359375 0.486328125 0.6728515640625 0.4912109359375 0.701171875 0.5107421859375 0.703125 0.5283203140625 0.72265625 0.541015625 0.7236328140625 0.5390625 0.7001953140625 0.544921875 0.6884765640625 0.517578125 0.6748046859375 0.525390625 0.6689453140625