1 0.1875 0.7119140640625 0.1923828140625 0.673828125 0.1728515640625 0.69921875 0.1416015640625 0.71484375 0.12890625 0.7294921859375 0.142578125 0.7431640640625 0.14453125 0.7685546859375 0.1630859359375 0.748046875 0.1767578140625 0.76171875 0.1953125 0.7529296859375 0.1875 0.7119140640625
2 0.03515625 0.9736328140625 0.03125 0.9990234359375 0.0859375 0.9990234359375 0.087890625 0.9794921859375 0.0615234359375 0.9765625 0.0517578140625 0.953125 0.03515625 0.9736328140625
2 0 0.9990234359375 0.009765625 0.9990234359375 0.046875 0.9462890640625 0.0703125 0.8857421859375 0.056640625 0.8486328140625 0.068359375 0.8291015640625 0.072265625 0.8056640640625 0.0576171859375 0.796875 0.034179685937499996 0.80078125 0 0.8486328140625 0 0.9990234359375
2 0.111328125 0.2470703140625 0.111328125 0.2724609359375 0.099609375 0.2880859359375 0.10546875 0.3154296859375 0.140625 0.3017578140625 0.1328125 0.2646484359375 0.11621093593750001 0.24609375 0.111328125 0.2470703140625
2 0 0.06738281406249999 0.041015625 0.11230468593750001 0.015625 0.11816406406249999 0.017578125 0.1298828140625 0.03515625 0.1474609359375 0.01171875 0.1845703140625 0.025390625 0.1962890640625 0.03125 0.2158203140625 0.041015625 0.2177734359375 0.044921875 0.1806640640625 0.0625 0.1728515640625 0.060546875 0.1513671859375 0.08105468593750001 0.13671875 0.09667968593750001 0.13671875 0.1015625 0.1279296859375 0.078125 0.09472656406249999 0.087890625 0.07519531406249999 0.087890625 0.049804685937499996 0.07910156406249999 0.046875 0.0615234359375 0.0546875 0.049804685937499996 0.0390625 0.0302734359375 0.03125 0.022460935937500003 0.048828125 0 0.045898435937499996 0 0.06738281406249999
2 0.2275390640625 0.478515625 0.201171875 0.4716796859375 0.2265625 0.3623046859375 0.2099609359375 0.357421875 0.201171875 0.3330078140625 0.1943359359375 0.330078125 0.17578125 0.3720703140625 0.154296875 0.3876953140625 0.162109375 0.4033203140625 0.162109375 0.4228515640625 0.15625 0.4306640640625 0.158203125 0.4501953140625 0.146484375 0.4677734359375 0.16015625 0.4736328140625 0.1669921859375 0.509765625 0.1884765640625 0.501953125 0.1953125 0.5224609359375 0.208984375 0.5263671859375 0.2177734359375 0.515625 0.2314453140625 0.51953125 0.240234375 0.4970703140625 0.2275390640625 0.478515625
2 0.26953125 0.6416015640625 0.302734375 0.6103515640625 0.294921875 0.5869140640625 0.267578125 0.5771484359375 0.2568359359375 0.537109375 0.2353515640625 0.560546875 0.2255859359375 0.560546875 0.2158203140625 0.544921875 0.1982421859375 0.5546875 0.1650390640625 0.546875 0.1640625 0.5537109359375 0.1875 0.5791015640625 0.1923828140625 0.609375 0.201171875 0.6064453140625 0.20703125 0.5830078140625 0.2158203140625 0.57421875 0.220703125 0.5791015640625 0.21484375 0.6103515640625 0.21484375 0.6337890640625 0.22265625 0.6494140640625 0.220703125 0.6787109359375 0.2353515640625 0.681640625 0.2763671859375 0.720703125 0.283203125 0.7197265640625 0.279296875 0.6826171859375 0.294921875 0.6650390640625 0.2763671859375 0.66015625 0.26953125 0.6416015640625
2 0.3828125 0.9326171859375 0.353515625 0.9228515640625 0.34765625 0.8818359359375 0.3603515640625 0.875 0.3681640640625 0.884765625 0.3720703140625 0.875 0.3818359359375 0.873046875 0.40234375 0.8447265640625 0.40234375 0.8310546859375 0.3955078140625 0.826171875 0.3720703140625 0.83984375 0.369140625 0.7998046859375 0.3564453140625 0.78515625 0.349609375 0.7998046859375 0.35546875 0.8466796859375 0.345703125 0.8466796859375 0.3330078140625 0.822265625 0.326171875 0.8505859359375 0.2958984359375 0.85546875 0.28515625 0.8759765640625 0.2958984359375 0.892578125 0.330078125 0.8955078140625 0.33203125 0.9404296859375 0.326171875 0.9501953140625 0.349609375 0.9560546859375 0.34765625 0.9990234359375 0.359375 0.9990234359375 0.365234375 0.9833984359375 0.36328125 0.9443359359375 0.3818359359375 0.939453125 0.3828125 0.9326171859375
2 0.755859375 0.9462890640625 0.7421875 0.9404296859375 0.7373046859375 0.923828125 0.7216796859375 0.923828125 0.7099609359375 0.90625 0.703125 0.9404296859375 0.693359375 0.9482421859375 0.70703125 0.9619140640625 0.70703125 0.9853515640625 0.7275390640625 0.990234375 0.7314453140625 1 0.78125 0.9990234359375 0.76953125 0.9814453140625 0.775390625 0.9599609359375 0.7548828140625 0.962890625 0.755859375 0.9462890640625
2 0.61328125 0.5439453140625 0.611328125 0.5126953140625 0.5927734359375 0.509765625 0.5869140640625 0.4921875 0.578125 0.4970703140625 0.564453125 0.5302734359375 0.5498046859375 0.53125 0.546875 0.5419921859375 0.55859375 0.5537109359375 0.5576171859375 0.587890625 0.5751953140625 0.57421875 0.6015625 0.5908203140625 0.60546875 0.5771484359375 0.6220703140625 0.572265625 0.62890625 0.5576171859375 0.61328125 0.5439453140625
2 0.634765625 0.7138671859375 0.65234375 0.7001953140625 0.658203125 0.6865234359375 0.65625 0.6533203140625 0.640625 0.6435546859375 0.64453125 0.6240234359375 0.6376953140625 0.611328125 0.5888671859375 0.59765625 0.580078125 0.6025390640625 0.576171875 0.6181640640625 0.5849609359375 0.634765625 0.60546875 0.6435546859375 0.607421875 0.6552734359375 0.587890625 0.6767578140625 0.58984375 0.6943359359375 0.580078125 0.7177734359375 0.6142578140625 0.720703125 0.611328125 0.7666015640625 0.6357421859375 0.75 0.64453125 0.7802734359375 0.65234375 0.7841796859375 0.6552734359375 0.77734375 0.66796875 0.7802734359375 0.671875 0.7548828140625 0.634765625 0.7138671859375
2 0.5283203140625 0.349609375 0.513671875 0.3681640640625 0.513671875 0.3798828140625 0.525390625 0.3955078140625 0.51953125 0.4111328140625 0.52734375 0.4208984359375 0.52734375 0.4404296859375 0.533203125 0.4423828140625 0.546875 0.4072265640625 0.537109375 0.3994140640625 0.541015625 0.3818359359375 0.5283203140625 0.349609375
2 0.427734375 0.032226564062500004 0.4189453140625 0.001953125 0.4140625 0.0068359359375 0.4140625 0.0576171859375 0.3984375 0.07324218593750001 0.404296875 0.12207031406249999 0.416015625 0.1318359359375 0.443359375 0.08105468593750001 0.44921875 0.0517578140625 0.4443359359375 0.037109375 0.427734375 0.032226564062500004
2 0.546875 0.2314453140625 0.55078125 0.2197265640625 0.5458984359375 0.212890625 0.5283203140625 0.22265625 0.509765625 0.2177734359375 0.509765625 0.2099609359375 0.517578125 0.2060546859375 0.517578125 0.1865234359375 0.505859375 0.1630859359375 0.51171875 0.1259765640625 0.5009765640625 0.12890625 0.49609375 0.12402343593750001 0.494140625 0.09277343593750001 0.4833984359375 0.083984375 0.4736328140625 0.095703125 0.45703125 0.09472656406249999 0.466796875 0.1396484359375 0.44140625 0.1611328140625 0.453125 0.1787109359375 0.4453125 0.2060546859375 0.458984375 0.2119140640625 0.4658203140625 0.240234375 0.4892578140625 0.21484375 0.49609375 0.2197265640625 0.49609375 0.2490234359375 0.5078125 0.2724609359375 0.5224609359375 0.2578125 0.5361328140625 0.267578125 0.556640625 0.2431640640625 0.546875 0.2314453140625
2 1 0.5732421859375 0.9794921859375 0.56640625 0.9697265640625 0.54296875 0.9443359359375 0.556640625 0.9296875 0.5185546859375 0.9228515640625 0.515625 0.9296875 0.5595703140625 0.92578125 0.5888671859375 0.9306640640625 0.59765625 0.943359375 0.5966796859375 0.9453125 0.6162109359375 0.953125 0.6220703140625 0.9677734359375 0.607421875 0.9775390640625 0.611328125 1 0.5908203140625 1 0.5732421859375
2 0.9150390640625 0.39453125 0.9345703140625 0.41015625 0.9423828140625 0.388671875 0.970703125 0.3798828140625 0.923828125 0.3603515640625 0.923828125 0.3505859359375 0.939453125 0.3349609359375 0.9375 0.3154296859375 0.923828125 0.2900390640625 0.93359375 0.2529296859375 0.9287109359375 0.25 0.9130859359375 0.26953125 0.9013671859375 0.22265625 0.8916015640625 0.224609375 0.875 0.2451171859375 0.85546875 0.1669921859375 0.8408203140625 0.158203125 0.8359375 0.1708984359375 0.841796875 0.2060546859375 0.8310546859375 0.212890625 0.8056640640625 0.189453125 0.8046875 0.2353515640625 0.78125 0.2529296859375 0.78125 0.2607421859375 0.802734375 0.2685546859375 0.8046875 0.2919921859375 0.8134765640625 0.30078125 0.8251953140625 0.296875 0.8310546859375 0.28515625 0.8427734359375 0.283203125 0.845703125 0.3291015640625 0.8681640640625 0.33203125 0.890625 0.3623046859375 0.861328125 0.3759765640625 0.8828125 0.4072265640625 0.8828125 0.4541015640625 0.890625 0.4619140640625 0.89453125 0.5009765640625 0.91015625 0.5048828140625 0.921875 0.4658203140625 0.908203125 0.4326171859375 0.91015625 0.3994140640625 0.9150390640625 0.39453125
1 0.87890625 0.7470703140625 0.90625 0.7373046859375 0.84375 0.7158203140625 0.8662109359375 0.748046875 0.87890625 0.7470703140625
2 0.0126953140625 0 0.009765625 0.018554685937500003 0.01953125 0.0263671859375 0.029296875 0.022460935937500003 0.029296875 0.008789064062500001 0.024414064062499997 0 0.0126953140625 0