2 0.345703125 0.0595703140625 0.326171875 0.034179685937499996 0.3330078140625 0 0.25390625 0.0009765640625 0.259765625 0.024414064062499997 0.244140625 0.038085935937499996 0.2421875 0.049804685937499996 0.267578125 0.06542968593750001 0.2734375 0.09863281406249999 0.2568359359375 0.09765625 0.24609375 0.11035156406249999 0.24609375 0.12207031406249999 0.26953125 0.1435546859375 0.26171875 0.1865234359375 0.271484375 0.1904296859375 0.3056640640625 0.1484375 0.3232421859375 0.150390625 0.35546875 0.10644531406249999 0.345703125 0.0595703140625
2 0.396484375 0.3037109359375 0.404296875 0.2744140640625 0.38671875 0.2626953140625 0.39453125 0.2275390640625 0.373046875 0.2158203140625 0.376953125 0.1494140640625 0.3662109359375 0.14453125 0.3525390640625 0.16796875 0.328125 0.1650390640625 0.28515625 0.2333984359375 0.2890625 0.2724609359375 0.322265625 0.2919921859375 0.3203125 0.3232421859375 0.3447265640625 0.328125 0.34765625 0.2978515640625 0.3603515640625 0.294921875 0.36328125 0.3017578140625 0.353515625 0.3154296859375 0.357421875 0.3505859359375 0.376953125 0.3583984359375 0.3828125 0.3369140640625 0.4033203140625 0.34765625 0.408203125 0.3271484359375 0.396484375 0.3037109359375
2 0.4609375 0.4736328140625 0.455078125 0.4560546859375 0.4609375 0.4365234359375 0.4501953140625 0.4296875 0.4345703140625 0.43359375 0.4189453140625 0.419921875 0.4140625 0.4248046859375 0.41796875 0.4521484359375 0.40625 0.4892578140625 0.423828125 0.4931640640625 0.4345703140625 0.47265625 0.4423828140625 0.47265625 0.4482421859375 0.482421875 0.4609375 0.4736328140625
2 0.634765625 0.9287109359375 0.64453125 0.8876953140625 0.61328125 0.8720703140625 0.619140625 0.8427734359375 0.6064453140625 0.822265625 0.587890625 0.8662109359375 0.591796875 0.9111328140625 0.626953125 0.9482421859375 0.62109375 0.9794921859375 0.62890625 0.9970703140625 0.658203125 0.9990234359375 0.654296875 0.9677734359375 0.66796875 0.9443359359375 0.6533203140625 0.931640625 0.634765625 0.9287109359375
2 0.576171875 0.7587890640625 0.55859375 0.7490234359375 0.546875 0.7255859359375 0.54296875 0.6904296859375 0.552734375 0.6787109359375 0.55078125 0.6572265640625 0.55859375 0.6396484359375 0.5380859359375 0.638671875 0.5263671859375 0.626953125 0.5166015640625 0.626953125 0.50390625 0.6396484359375 0.5 0.6767578140625 0.490234375 0.6806640640625 0.498046875 0.7021484359375 0.48828125 0.7490234359375 0.5029296859375 0.734375 0.53515625 0.7353515640625 0.53125 0.7568359359375 0.537109375 0.7763671859375 0.52734375 0.8330078140625 0.54296875 0.8388671859375 0.55078125 0.8173828140625 0.5849609359375 0.802734375 0.5859375 0.7919921859375 0.576171875 0.7587890640625
2 0.036132814062500004 0.265625 0.0009765640625 0.2578125 0 0.3037109359375 0.0078125 0.3076171859375 0.0126953140625 0.322265625 0.021484375 0.3212890640625 0.034179685937499996 0.318359375 0.048828125 0.3017578140625 0.044921875 0.2802734359375 0.036132814062500004 0.265625
2 0.09765625 0.5048828140625 0.09765625 0.4912109359375 0.11328125 0.4560546859375 0.09277343593750001 0.45703125 0.05078125 0.4287109359375 0.07128906406249999 0.40234375 0.09667968593750001 0.416015625 0.103515625 0.4091796859375 0.06542968593750001 0.369140625 0.047851564062500004 0.3671875 0.03515625 0.3955078140625 0.033203125 0.4169921859375 0.04296875 0.4267578140625 0.033203125 0.4462890640625 0.060546875 0.4814453140625 0.029296875 0.5107421859375 0.04296875 0.5224609359375 0.052734375 0.5576171859375 0.072265625 0.5634765640625 0.087890625 0.5556640640625 0.08984375 0.5302734359375 0.111328125 0.5205078140625 0.09765625 0.5048828140625
2 0.216796875 0.7119140640625 0.1982421859375 0.70703125 0.185546875 0.6923828140625 0.1875 0.6845703140625 0.17578125 0.6806640640625 0.193359375 0.6669921859375 0.19140625 0.6396484359375 0.19921875 0.6279296859375 0.1650390640625 0.61328125 0.15234375 0.5849609359375 0.1376953140625 0.5703125 0.125 0.5947265640625 0.125 0.6044921859375 0.1328125 0.6044921859375 0.1328125 0.6298828140625 0.11425781406249999 0.640625 0.1171875 0.6240234359375 0.11230468593750001 0.623046875 0.10644531406249999 0.638671875 0.09277343593750001 0.640625 0.09375 0.6630859359375 0.072265625 0.6904296859375 0.08496093593750001 0.69921875 0.11621093593750001 0.69140625 0.12890625 0.7275390640625 0.1435546859375 0.712890625 0.1533203140625 0.744140625 0.1689453140625 0.736328125 0.1865234359375 0.740234375 0.189453125 0.7607421859375 0.181640625 0.7783203140625 0.208984375 0.8056640640625 0.2109375 0.7763671859375 0.228515625 0.7607421859375 0.212890625 0.7509765640625 0.216796875 0.7119140640625
2 0.2744140640625 0.888671875 0.2578125 0.9169921859375 0.2734375 0.9423828140625 0.2734375 0.9619140640625 0.28125 0.9638671859375 0.291015625 0.9521484359375 0.29296875 0.9208984359375 0.2890625 0.9013671859375 0.2744140640625 0.888671875
2 0.248046875 0.8173828140625 0.2412109359375 0.810546875 0.236328125 0.8134765640625 0.236328125 0.8564453140625 0.228515625 0.8759765640625 0.216796875 0.8837890640625 0.23046875 0.9208984359375 0.251953125 0.9052734359375 0.25 0.8818359359375 0.255859375 0.8681640640625 0.248046875 0.8173828140625
2 0.7890625 0.3154296859375 0.7861328140625 0.2734375 0.7626953140625 0.291015625 0.751953125 0.2666015640625 0.73828125 0.2666015640625 0.736328125 0.3154296859375 0.74609375 0.3193359359375 0.7626953140625 0.318359375 0.7705078140625 0.298828125 0.7841796859375 0.318359375 0.7890625 0.3154296859375
2 0.73046875 0.1728515640625 0.7275390640625 0.1484375 0.7099609359375 0.177734375 0.69140625 0.1826171859375 0.701171875 0.2373046859375 0.7109375 0.2412109359375 0.716796875 0.2177734359375 0.7314453140625 0.216796875 0.75 0.1904296859375 0.73046875 0.1728515640625
2 0.703125 0.047851564062500004 0.71484375 0.0009765640625 0.6474609359375 0 0.640625 0.020507814062499997 0.642578125 0.045898435937499996 0.6689453140625 0.0859375 0.685546875 0.08300781406249999 0.693359375 0.10449218593750001 0.69921875 0.08105468593750001 0.71484375 0.06738281406249999 0.71484375 0.0537109359375 0.703125 0.047851564062500004
2 0.931640625 0.7744140640625 0.9453125 0.7548828140625 0.9384765640625 0.75 0.9150390640625 0.7578125 0.916015625 0.7294921859375 0.8876953140625 0.7265625 0.875 0.7392578140625 0.873046875 0.7548828140625 0.8818359359375 0.775390625 0.908203125 0.7763671859375 0.91015625 0.8076171859375 0.916015625 0.8115234359375 0.9189453140625 0.8046875 0.94140625 0.8017578140625 0.943359375 0.7919921859375 0.931640625 0.7744140640625