2 0.6591796859375 0.9375 0.6484375 0.9560546859375 0.65234375 0.9716796859375 0.63671875 0.9951171859375 0.6376953140625 1 0.65625 0.9990234359375 0.65625 0.9677734359375 0.671875 0.9658203140625 0.671875 0.9521484359375 0.6591796859375 0.9375
2 0.05078125 0.4111328140625 0.048828125 0.4287109359375 0.056640625 0.4501953140625 0.06640625 0.4560546859375 0.080078125 0.4267578140625 0.07421875 0.4091796859375 0.0595703140625 0.400390625 0.05078125 0.4111328140625
2 0.07910156406249999 0.484375 0.06640625 0.4931640640625 0.08203125 0.5166015640625 0.080078125 0.5380859359375 0.08984375 0.5439453140625 0.107421875 0.5185546859375 0.109375 0.4951171859375 0.09863281406249999 0.482421875 0.07910156406249999 0.484375
2 0.6240234359375 0.810546875 0.619140625 0.8251953140625 0.62890625 0.8583984359375 0.6484375 0.8876953140625 0.65625 0.8876953140625 0.6640625 0.8759765640625 0.65625 0.8291015640625 0.6376953140625 0.8125 0.6240234359375 0.810546875
2 0.126953125 0.5263671859375 0.140625 0.5576171859375 0.1611328140625 0.583984375 0.169921875 0.5849609359375 0.18359375 0.5712890640625 0.1826171859375 0.5078125 0.1416015640625 0.515625 0.126953125 0.5263671859375
2 0.1298828140625 0.40625 0.119140625 0.4091796859375 0.099609375 0.4521484359375 0.1015625 0.4638671859375 0.125 0.4912109359375 0.150390625 0.4638671859375 0.154296875 0.4423828140625 0.154296875 0.4267578140625 0.1298828140625 0.40625
2 0.859375 0.3447265640625 0.8291015640625 0.341796875 0.814453125 0.3134765640625 0.7939453140625 0.298828125 0.775390625 0.3173828140625 0.767578125 0.3408203140625 0.771484375 0.3564453140625 0.806640625 0.3779296859375 0.814453125 0.4033203140625 0.8349609359375 0.435546875 0.85546875 0.4384765640625 0.86328125 0.4072265640625 0.849609375 0.3916015640625 0.849609375 0.3798828140625 0.859375 0.3447265640625
2 0.8876953140625 0.6171875 0.90625 0.6142578140625 0.88671875 0.5869140640625 0.888671875 0.5732421859375 0.8935546859375 0.568359375 0.9150390640625 0.5703125 0.923828125 0.5576171859375 0.90625 0.5244140640625 0.890625 0.5205078140625 0.8798828140625 0.484375 0.87109375 0.4873046859375 0.8671875 0.5087890640625 0.84765625 0.5341796859375 0.853515625 0.5693359359375 0.837890625 0.5830078140625 0.84765625 0.6181640640625 0.859375 0.6220703140625 0.859375 0.6513671859375 0.8623046859375 0.642578125 0.8740234359375 0.642578125 0.884765625 0.6318359359375 0.8876953140625 0.6171875
2 1 0.7763671859375 0.9873046859375 0.779296875 0.970703125 0.7626953140625 0.96875 0.7490234359375 0.982421875 0.7197265640625 0.9765625 0.7080078140625 0.9677734359375 0.701171875 0.9404296859375 0.69921875 0.935546875 0.6826171859375 0.9248046859375 0.677734375 0.921875 0.7099609359375 0.91015625 0.7158203140625 0.9208984359375 0.71875 0.921875 0.7275390640625 0.90234375 0.7431640640625 0.923828125 0.7548828140625 0.923828125 0.7998046859375 0.935546875 0.8154296859375 0.94921875 0.8681640640625 0.96875 0.8818359359375 0.994140625 0.8662109359375 0.98828125 0.8271484359375 1 0.8232421859375 1 0.7763671859375
2 0 0.4169921859375 0.005859375 0.4169921859375 0.016601564062499997 0.40625 0.025390625 0.4072265640625 0.01171875 0.3486328140625 0.016601564062499997 0.333984375 0.0302734359375 0.33203125 0.049804685937499996 0.361328125 0.08300781406249999 0.359375 0.10058593593750001 0.369140625 0.111328125 0.3623046859375 0.103515625 0.3388671859375 0.078125 0.3212890640625 0.076171875 0.2509765640625 0.043945314062500004 0.2109375 0.0263671859375 0.205078125 0.0146484359375 0.205078125 0 0.2216796859375 0 0.4169921859375
2 0.599609375 0.6474609359375 0.603515625 0.6318359359375 0.578125 0.6181640640625 0.548828125 0.5458984359375 0.544921875 0.5068359359375 0.5361328140625 0.501953125 0.5244140640625 0.515625 0.5126953140625 0.51171875 0.50390625 0.5166015640625 0.509765625 0.5302734359375 0.498046875 0.5615234359375 0.5 0.5732421859375 0.515625 0.5830078140625 0.515625 0.5908203140625 0.501953125 0.6103515640625 0.5 0.6396484359375 0.5107421859375 0.650390625 0.5263671859375 0.642578125 0.5419921859375 0.611328125 0.55859375 0.6259765640625 0.544921875 0.7099609359375 0.548828125 0.7275390640625 0.564453125 0.7373046859375 0.5673828140625 0.748046875 0.57421875 0.7470703140625 0.6005859359375 0.744140625 0.6171875 0.7275390640625 0.619140625 0.7158203140625 0.599609375 0.6474609359375
2 0.25390625 0.7021484359375 0.234375 0.6845703140625 0.234375 0.6689453140625 0.263671875 0.6591796859375 0.267578125 0.6181640640625 0.2626953140625 0.609375 0.2353515640625 0.6015625 0.216796875 0.5634765640625 0.2080078140625 0.5625 0.19140625 0.5966796859375 0.189453125 0.6455078140625 0.1806640640625 0.654296875 0.150390625 0.6630859359375 0.13671875 0.7021484359375 0.1416015640625 0.708984375 0.169921875 0.7021484359375 0.185546875 0.7216796859375 0.1953125 0.7509765640625 0.189453125 0.7724609359375 0.2060546859375 0.78125 0.2177734359375 0.80078125 0.228515625 0.8017578140625 0.228515625 0.7626953140625 0.236328125 0.7392578140625 0.2578125 0.7197265640625 0.25390625 0.7021484359375
2 0.6728515640625 0 0.712890625 0.1748046859375 0.708984375 0.2158203140625 0.71875 0.2216796859375 0.724609375 0.2470703140625 0.736328125 0.2490234359375 0.7451171859375 0.248046875 0.75390625 0.2353515640625 0.751953125 0.2216796859375 0.7734375 0.1728515640625 0.771484375 0.12207031406249999 0.763671875 0.11230468593750001 0.7734375 0.040039064062500004 0.7626953140625 0.02734375 0.7421875 0.018554685937500003 0.7392578140625 0 0.6728515640625 0
2 0.359375 0.8974609359375 0.34375 0.8681640640625 0.34375 0.8544921859375 0.32421875 0.8408203140625 0.32421875 0.8291015640625 0.3076171859375 0.814453125 0.283203125 0.8095703140625 0.28125 0.7978515640625 0.3056640640625 0.796875 0.3046875 0.7880859359375 0.2880859359375 0.79296875 0.2802734359375 0.7890625 0.2646484359375 0.80859375 0.2548828140625 0.806640625 0.23828125 0.8251953140625 0.2353515640625 0.841796875 0.2255859359375 0.841796875 0.2001953140625 0.8125 0.1845703140625 0.81640625 0.1591796859375 0.798828125 0.158203125 0.8134765640625 0.1875 0.8408203140625 0.173828125 0.8662109359375 0.17578125 0.8896484359375 0.1904296859375 0.89453125 0.2216796859375 0.875 0.2294921859375 0.876953125 0.248046875 0.8916015640625 0.251953125 0.9150390640625 0.263671875 0.9208984359375 0.265625 0.9443359359375 0.259765625 0.9521484359375 0.2685546859375 0.962890625 0.27734375 0.9619140640625 0.3134765640625 0.943359375 0.3486328140625 0.94140625 0.34765625 0.9228515640625 0.359375 0.8974609359375
2 0.478515625 0.3251953140625 0.46484375 0.2978515640625 0.46875 0.2861328140625 0.48046875 0.2783203140625 0.484375 0.2626953140625 0.466796875 0.2294921859375 0.453125 0.2314453140625 0.453125 0.2197265640625 0.458984375 0.2158203140625 0.455078125 0.2001953140625 0.470703125 0.1630859359375 0.501953125 0.1298828140625 0.505859375 0.09667968593750001 0.515625 0.07519531406249999 0.515625 0.040039064062500004 0.525390625 0.0302734359375 0.515625 0.0009765640625 0.2138671859375 0 0.224609375 0.024414064062499997 0.208984375 0.0595703140625 0.21484375 0.10058593593750001 0.234375 0.08886718593750001 0.2392578140625 0.0625 0.25 0.06542968593750001 0.2509765640625 0.076171875 0.2607421859375 0.064453125 0.263671875 0.07324218593750001 0.2578125 0.07519531406249999 0.267578125 0.07910156406249999 0.2646484359375 0.0859375 0.2568359359375 0.0859375 0.2470703140625 0.083984375 0.2431640640625 0.07421875 0.23828125 0.08886718593750001 0.25 0.09472656406249999 0.25390625 0.10839843593750001 0.28125 0.1376953140625 0.26953125 0.1650390640625 0.271484375 0.2060546859375 0.2783203140625 0.2109375 0.2841796859375 0.203125 0.2939453140625 0.205078125 0.3037109359375 0.189453125 0.3134765640625 0.1875 0.33984375 0.2138671859375 0.34375 0.2333984359375 0.357421875 0.2353515640625 0.357421875 0.2783203140625 0.3720703140625 0.28125 0.376953125 0.2685546859375 0.3837890640625 0.267578125 0.3818359359375 0.28515625 0.404296875 0.2802734359375 0.392578125 0.2900390640625 0.376953125 0.3212890640625 0.375 0.3427734359375 0.390625 0.3583984359375 0.3935546859375 0.376953125 0.4072265640625 0.3828125 0.4130859359375 0.37890625 0.4384765640625 0.408203125 0.4501953140625 0.404296875 0.466796875 0.4150390640625 0.46875 0.4541015640625 0.474609375 0.4560546859375 0.486328125 0.4521484359375 0.478515625 0.3955078140625 0.48046875 0.3486328140625 0.478515625 0.3251953140625