1 0.665380240625 0.10055944375 0.6685793203125 0.0793858234375 0.6572208953125 0.0722574203125 0.66752838125 0.046977929687499996 0.55145530625 0.035108928125 0.5478019609375 0.0640605265625 0.5544849468749999 0.117640984375 0.5431649843749999 0.1770570421875 0.547878884375 0.197149446875 0.557401021875 0.2021175328125 0.5624556187499999 0.21637645781249998 0.559957165625 0.2591553421875 0.5734925765625001 0.26261056875 0.591154825 0.2626084515625 0.588513959375 0.25742348437499996 0.5767012734375 0.2580730625 0.5725648156250001 0.24489429999999998 0.585740296875 0.22091078125000002 0.625418765625 0.2135602 0.6286178453125 0.1923865796875 0.6413486749999999 0.19281715625 0.656824325 0.1798520921875 0.658754946875 0.146795678125 0.6880970875 0.11481624374999999 0.665380240625 0.10055944375
1 0.5396480765625 0.6404921328125 0.5485831515624999 0.6219104625 0.5647498109375 0.613914540625 0.5443235140625 0.594040078125 0.5498131468749999 0.567248790625 0.572747509375 0.560980484375 0.57434705 0.550393675 0.5445121859375 0.5236066296875 0.5352075671875001 0.4981134375 0.5027414484375 0.4827775390625 0.48977387187500004 0.46959983593750004 0.4872561859375 0.4791064890625 0.4825422875 0.45901408281249995 0.4713070453125 0.46657730312499995 0.4629494140625 0.49207261406249997 0.45939040468750003 0.48580749218749997 0.44138746093750003 0.491643096875 0.42819274687500003 0.4823543828125 0.409498790625 0.48322084062500004 0.41283066718750006 0.49337495468750003 0.3996551875 0.5173584671875 0.4095372515625 0.5497653 0.3843219515625 0.578287384375 0.3815771359375 0.5916830296875 0.3885815890625 0.6061577687499999 0.38434118281249996 0.6115596171875 0.3917999 0.618256375 0.37966574375 0.658011671875 0.3930875875 0.6634113968750001 0.40400136093750005 0.6949538890625 0.4216636125 0.69495176875 0.43280451875 0.722605275 0.45196235625 0.73059695 0.45084592656250005 0.7833141312499999 0.45348679062499997 0.7884990953125001 0.464722034375 0.7809358750000001 0.48011296249999996 0.819823646875 0.483879871875 0.7889275515625 0.4912154078125 0.78093269375 0.510600378125 0.7850353828125 0.523208028125 0.7707743406249999 0.5326165953124999 0.7776869203125 0.5680450453125 0.7591020687500001 0.5694078375 0.73576813125 0.5578030515625 0.6992564906250001 0.5604343 0.687805340625 0.5725876875 0.681322278125 0.5426392546875001 0.6564797296875 0.5396480765625 0.6404921328125
2 0.07007405156249999 0.5826461843749999 0.0803911515625 0.574002809375 0.08531295156249999 0.55693399375 0.07532693593749999 0.543107771875 0.057787868750000006 0.5578015109375001 0.056652209375 0.577246459375 0.07007405156249999 0.5826461843749999
2 0.0204828546875 0.306103715625 0.007411321875 0.311506621875 0.007563351562499999 0.376106584375 0.016848740625 0.36832754687499997 0.04356924375 0.3644353734375 0.0382682828125 0.32079321250000004 0.025651015625000002 0.318418140625 0.0204828546875 0.306103715625
2 0.1933288125 0.3203424921875 0.2140573453125 0.2678390109375 0.1947763234375 0.24515571249999998 0.186976909375 0.244292434375 0.168775678125 0.3039253734375 0.1826614 0.318183234375 0.1933288125 0.3203424921875
2 0.046300287499999995 0.9225011296875 0.05974136249999999 0.9611730812499999 0.0749994921875 0.9687331234375 0.09883276875 0.93027274375 0.0737021875 0.9069419890624999 0.058330490624999995 0.9013264453125001 0.04686811875 0.9127786515625 0.046300287499999995 0.9225011296875
2 0.3277587859375 0.7403342671875001 0.292878934375 0.7159244171875 0.2858841 0.7180857921875 0.285789765625 0.75330251875 0.2712322609375 0.7673477390625 0.2712514921875 0.8006199671875001 0.28066006250000003 0.80753255 0.321710940625 0.793484146875 0.337527284375 0.7746855984375001 0.3277587859375 0.7403342671875001
2 0.083265125 0.18877914843750002 0.09107415156250001 0.206278540625 0.097955425 0.20606166093749997 0.1184760546875 0.19071940468749998 0.11720759843749999 0.1788366171875 0.1279789609375 0.1624152578125 0.0964213734375 0.1315234015625 0.088839475 0.11013502187499999 0.06176865625 0.10322456093750002 0.061891839062499995 0.1179161828125 0.0475614671875 0.128072415625 0.0487163578125 0.1418996953125 0.067647065625 0.153780365625 0.0719067 0.18165075 0.083265125 0.18877914843750002
2 0.7897454546875 0.1720582078125 0.7966267234375 0.17184132968750002 0.8083066140625 0.1398640125 0.8058640359375 0.08088171250000001 0.8109090203125 0.07850451875 0.8182541703125 0.0871457765625 0.83408013125 0.084983340625 0.8391154984375 0.06597003125 0.777524759375 0.0620884625 0.7757077015625 0.0932003796875 0.7610366328125 0.1091901 0.7576104203125 0.134252709375 0.782968134375 0.15369447812499998 0.7897454546875 0.1720582078125
2 0.419176634375 1 0.421145678125 0.989432690625 0.4004922515625 0.97344721875 0.41183144218749995 0.9473033875000001 0.4090673953125 0.9274268015624999 0.38738225625 0.9123056625 0.37729229375 0.9170600500000001 0.3520577609375 0.9123099046875 0.3474862734375 0.9401813499999999 0.3349921890625 0.9524978953125001 0.34555565 0.9732377578125 0.335610696875 1 0.419176634375 1
2 0 0.9746584671875 0.0079095078125 0.9750067265625001 0.0239626 0.9689553015625 0.030834256249999997 0.9521023109375 0.0169389171875 0.9212083312500001 0.0201379984375 0.9000347124999999 0.00752073125 0.8976596359375 0.0051069984375 0.8885856796875 0.0081925140625 0.8693565515625 0.0164461921875 0.8624418500000001 0.0207809328125 0.8218232828125001 0.006308146874999999 0.7840156625 0 0.79678844375 0 0.9746584671875
2 0.7761485046875001 1 0.775886240625 0.9973840765625 0.7882667578125 0.9870120234374999 0.791579403125 0.96389390625 0.778034378125 0.9438025624999999 0.763003378125 0.9323535328125001 0.755090396875 0.93343475 0.7476412984375 0.9433741031249999 0.7409503265625 1 0.7761485046875001 1
2 0.7211790734375 1 0.7208360734375 0.9991191140625 0.726987871875 0.92738863125 0.7244605703125 0.92025916875 0.7011758921875 0.915724840625 0.6636840265624999 0.93603836875 0.6672622671874999 0.9755757218750001 0.658440759375 0.9922128953125 0.6584199 1 0.7211790734375 1
2 0.21602824843750001 0.5029049359375 0.20686604218750002 0.5253755953125 0.1857679640625 0.5338042125 0.180155153125 0.54590388125 0.199095471875 0.5744206625 0.20964931875 0.578524409375 0.202229065625 0.6383721125 0.21496951250000002 0.6554388062500001 0.21131616874999998 0.684390403125 0.215906884375 0.689791190625 0.2647667953125 0.693242178125 0.276816228125 0.705339728125 0.299968109375 0.6785463171874999 0.3006495046875 0.666879346875 0.2881458046875 0.6625597812499999 0.2707010734375 0.6420367984375 0.2677098953125 0.626049203125 0.270227578125 0.6165425453125 0.28433081875 0.6102753015625 0.29038827968750003 0.5737615421875 0.268125696875 0.5517267625 0.262597603125 0.511973590625 0.23104963125000003 0.4977178484375 0.21602824843750001 0.5029049359375
2 0.9358612921875 0.1735530359375 0.958558909375 0.154537609375 0.9717343906250001 0.130554090625 0.980896596875 0.1080834296875 0.974810290625 0.09468885 0.9491214906250001 0.09771668125 0.909121559375 0.14417297812500002 0.8808958453125 0.12343523593750001 0.867937884375 0.12689364375 0.8617572421874999 0.1487157875 0.835604565625 0.1428854828125 0.8263287921875 0.167300640625 0.8317433203125001 0.2089983046875 0.7882979421874999 0.24724498281249999 0.7857802578124999 0.256751640625 0.7895760125 0.2757638859375 0.81160185 0.285051540625 0.8111668171874999 0.3261017515625 0.8208025171875001 0.329125340625 0.82938728125 0.299741040625 0.8371866953125 0.30060431875 0.8462545640625001 0.3133503828125 0.8615030812500001 0.304274309375 0.8683747359374999 0.2874213109375 0.8670870484375 0.24226629531250002 0.8850899953125 0.236430690625 0.8882890765625 0.215257065625 0.9030833250000001 0.21395896875 0.9121511999999999 0.22670503437499998 0.9366947187499999 0.2264860359375 0.9358612921875 0.1735530359375
2 0.6385323984375 0.67785750625 0.61593873125 0.6782923234375 0.6125683921875 0.60159375625 0.626765965625 0.5601097859374999 0.6086398359375 0.55125376875 0.5935048875 0.55838535 0.5884695203125 0.5773986578125 0.5965152984375 0.6076451796875 0.5914799296875 0.6266584875000001 0.60066136875 0.6374600546875 0.6003399015625 0.6765657703125 0.6154844671874999 0.686070303125 0.58307604375 0.7705511 0.591452903125 0.7783280171875 0.6072788640625 0.7761655828125 0.6153150265625 0.7897759859375 0.5996218625 0.8232661562500001 0.633697134375 0.8446513546875 0.6160541171875 0.8779257062499999 0.627071840625 0.890887590625 0.6299494546875 0.9088196843749999 0.6376353031249999 0.9116274546875 0.6847628734375 0.8943375203124999 0.7041478453125001 0.8984402078124999 0.7145688906250001 0.8712162234375 0.7290128296875 0.8591154921875 0.732325475 0.835997375 0.7049043453125 0.8182842859375 0.689863728125 0.79019914375 0.72104215625 0.76038001875 0.7195465671875 0.7523862203125 0.6784764609375 0.7331623953124999 0.644050875 0.7009745625 0.6385323984375 0.67785750625
2 0.918930340625 0.44664664062500004 0.9213440703125 0.455720596875 0.9055277265624999 0.4745191453125 0.8839657687500001 0.47408962656250003 0.880075678125 0.4902941046875 0.9042785 0.49590858750000005 0.9197733781249999 0.51621575 0.9254054234375 0.537388315625 0.9371045453125 0.5386832312500001 0.9513213468749999 0.5304714921875 0.9647431937500001 0.5358712171875 0.9687660796875001 0.550994478125 0.9653302515625001 0.5594209734375 0.9520219781250001 0.5520767531249999 0.937114159375 0.555319346875 0.9309431296874999 0.5937776046875001 0.9224623203125001 0.6045812953125 0.9372661875 0.619919309375 0.9463532890625 0.6659376078125 0.9415450546875 0.681061928125 0.92698755 0.69510715 0.9214979187499999 0.7218984374999999 0.93996474375 0.7249209671875 0.96142275 0.74393109375 0.9470172734375 0.822576284375 0.9408270156249999 0.8277623078125 0.9452002171875 0.8536882015625 0.9222754703125 0.8765926171875 0.919530653125 0.8899882640625 0.9396066359375 0.8990600984375 0.9468382203125 0.9096458484375001 0.9654186125 0.9107238859375 0.9630337250000001 0.951558271875 0.9743921500000001 0.9586866765625001 0.9970149125000001 0.5713363390625 0.9972613734375001 0.5289732218750001 0.9749467234375 0.5291723359375 0.9575019921875001 0.50864935 0.9579562578124999 0.5008713703125001 0.9928072578125 0.47537288125000005 0.997650353125 0.462113409375 0.9977768906250001 0.440363365625 0.984411165625 0.43432373125 0.960558659375 0.439511878125 0.9315572171875001 0.46565782968749997 0.92352105625 0.4520474265625 0.947354334375 0.41358704687500003 0.971897853125 0.41336804843749997 0.9878277656250001 0.3926250046875 0.9982370421875 0.3612702046875 0.9983727578125 0.3379425609375 0.994102740625 0.3355861375 0.9147746515625 0.40019564687500003 0.8991950546874999 0.43174131875 0.918930340625 0.44664664062500004
2 0.391842515625 0.09670332499999999 0.41029973125 0.08308974218750001 0.42936322968749996 0.12629814374999998 0.4659369546875 0.10490446093750001 0.4683506890625 0.1139784140625 0.4574657609375 0.13234426562499998 0.45655723125 0.1479002234375 0.47112435 0.1504911171875 0.4773242265625 0.1619412046875 0.4702254375 0.1826831921875 0.47391724375 0.22027604687500002 0.4499704015625 0.26068091875 0.44928900625 0.2723478875 0.44034431406249996 0.27429344375000003 0.4097144859375 0.2611178609375 0.4003155328125 0.27084139375 0.40273888125 0.2965514671875 0.4301696296875 0.3309006734375 0.4296017984375 0.34062314374999997 0.4013953203125 0.35315763125 0.3922331140625 0.3756282921875 0.42390426562499994 0.4045756546875 0.43057763437499996 0.4415199921875 0.46751129062499996 0.4475650546875 0.4763520265625 0.464200109375 0.48816471406249995 0.46355053125 0.48976425468749996 0.45296371874999997 0.49664552500000003 0.45274683906249996 0.494014278125 0.4641979890625 0.51328568125 0.470245171875 0.5184538437499999 0.4825595984375 0.5377252484375 0.48860678125 0.5436979921875 0.5039458625 0.5578108484375 0.51431473125 0.566064528125 0.5074000296875 0.5743278187499999 0.517121440625 0.580252484375 0.4492799484375 0.5960784453125 0.4471175140625 0.5968734078125 0.433506046875 0.6156713171875 0.4140589828125 0.6076255390624999 0.38381245937499997 0.6306446234374999 0.32569131875 0.6144683468750001 0.317051121875 0.587634278125 0.3228877859375 0.603327440625 0.289397615625 0.6043495359375 0.271897165625 0.597922528125 0.264336065625 0.580146715625 0.26628268125 0.5694696890625 0.24748731249999997 0.5523945 0.2710391890625 0.5404586296875 0.2569971484375 0.5548833375 0.21162419062499999 0.5467336078125 0.19995828124999998 0.5301030703125 0.1990960625 0.5183847187499999 0.1645289203125 0.5226058921875001 0.12585484375 0.5440350515625 0.0949566234375 0.5397754140625 0.0670862390625 0.5272717140625 0.062766671875 0.52221711875 0.0485077515625 0.5117864515625 0.0590956234375 0.50198909375 0.029237535937499996 0.37291015625 0.02171954375 0.3723151359375 0.0446367859375 0.383105728125 0.061487659375 0.3814022390625 0.090655084375 0.391842515625 0.09670332499999999