2 0 0.8798828140625 0.036132814062500004 0.875 0.05078125 0.8876953140625 0.068359375 0.8486328140625 0.068359375 0.8388671859375 0.05859375 0.8310546859375 0.05859375 0.8154296859375 0.07421875 0.8095703140625 0.072265625 0.7314453140625 0.080078125 0.7158203140625 0.06738281406249999 0.71875 0.0537109359375 0.701171875 0.041015625 0.6962890640625 0.0390625 0.6826171859375 0.05078125 0.6787109359375 0.041015625 0.6748046859375 0.05078125 0.6650390640625 0.05078125 0.6494140640625 0.017578125 0.6240234359375 0.015625 0.5888671859375 0.0048828140625 0.580078125 0 0.5869140640625 0 0.7548828140625 0.0126953140625 0.7578125 0.0263671859375 0.74609375 0.029296875 0.7568359359375 0.01953125 0.7841796859375 0 0.8056640640625 0 0.8798828140625
2 0.020507814062499997 0 0.021484375 0.024414064062499997 0.046875 0.034179685937499996 0.068359375 0.08691406406249999 0.0703125 0.1416015640625 0.083984375 0.1572265640625 0.080078125 0.1669921859375 0.087890625 0.1787109359375 0.09375 0.2158203140625 0.10449218593750001 0.21875 0.11621093593750001 0.205078125 0.138671875 0.2216796859375 0.1328125 0.2626953140625 0.1435546859375 0.240234375 0.1533203140625 0.255859375 0.16015625 0.2509765640625 0.169921875 0.2216796859375 0.18359375 0.2099609359375 0.181640625 0.1865234359375 0.166015625 0.1650390640625 0.162109375 0.11621093593750001 0.1474609359375 0.103515625 0.1376953140625 0.10546875 0.12109375 0.09667968593750001 0.11328125 0.040039064062500004 0.10546875 0.032226564062500004 0.107421875 0.018554685937500003 0.09667968593750001 0 0.020507814062499997 0
2 0.40625 0.7041015640625 0.380859375 0.6865234359375 0.3671875 0.6552734359375 0.369140625 0.6357421859375 0.349609375 0.6220703140625 0.359375 0.5751953140625 0.33984375 0.5615234359375 0.3359375 0.5439453140625 0.310546875 0.5166015640625 0.314453125 0.4931640640625 0.30078125 0.4736328140625 0.296875 0.4521484359375 0.2763671859375 0.439453125 0.2646484359375 0.439453125 0.25390625 0.4150390640625 0.25390625 0.3974609359375 0.2373046859375 0.396484375 0.216796875 0.4267578140625 0.22265625 0.4560546859375 0.2392578140625 0.4609375 0.244140625 0.4716796859375 0.25 0.4990234359375 0.23828125 0.5244140640625 0.2568359359375 0.529296875 0.26953125 0.5498046859375 0.26953125 0.6005859359375 0.25390625 0.6318359359375 0.25390625 0.6455078140625 0.2646484359375 0.65625 0.2802734359375 0.638671875 0.287109375 0.6513671859375 0.26953125 0.7080078140625 0.2763671859375 0.7109375 0.2978515640625 0.697265625 0.3115234359375 0.708984375 0.3251953140625 0.689453125 0.3427734359375 0.681640625 0.34765625 0.7041015640625 0.337890625 0.7177734359375 0.333984375 0.7646484359375 0.3408203140625 0.7578125 0.3564453140625 0.759765625 0.357421875 0.7431640640625 0.3720703140625 0.732421875 0.37890625 0.7490234359375 0.375 0.7724609359375 0.384765625 0.7939453140625 0.390625 0.7880859359375 0.38671875 0.7587890640625 0.3984375 0.7490234359375 0.40625 0.7041015640625
2 0.59375 0.3603515640625 0.5927734359375 0.341796875 0.6064453140625 0.3515625 0.623046875 0.3466796859375 0.611328125 0.3173828140625 0.6162109359375 0.302734375 0.5810546859375 0.3046875 0.578125 0.3408203140625 0.5634765640625 0.333984375 0.537109375 0.3564453140625 0.5380859359375 0.37109375 0.5546875 0.3681640640625 0.556640625 0.3974609359375 0.564453125 0.4033203140625 0.572265625 0.3876953140625 0.572265625 0.3662109359375 0.5849609359375 0.3671875 0.59375 0.3603515640625
2 0.603515625 0.2490234359375 0.591796875 0.2197265640625 0.59765625 0.1982421859375 0.583984375 0.1806640640625 0.587890625 0.1552734359375 0.5830078140625 0.146484375 0.57421875 0.1533203140625 0.5615234359375 0.18359375 0.5478515640625 0.17578125 0.537109375 0.1806640640625 0.541015625 0.2275390640625 0.521484375 0.2607421859375 0.5029296859375 0.265625 0.49609375 0.2744140640625 0.5009765640625 0.28515625 0.51171875 0.2880859359375 0.509765625 0.3154296859375 0.5146484359375 0.322265625 0.5390625 0.3037109359375 0.541015625 0.3388671859375 0.544921875 0.3154296859375 0.57421875 0.2646484359375 0.5927734359375 0.259765625 0.603515625 0.2490234359375
1 0.5390625 0.5712890640625 0.5185546859375 0.544921875 0.4931640640625 0.537109375 0.482421875 0.5830078140625 0.486328125 0.6025390640625 0.5126953140625 0.630859375 0.529296875 0.6337890640625 0.5390625 0.6220703140625 0.53125 0.5966796859375 0.541015625 0.5869140640625 0.5390625 0.5712890640625
2 0.912109375 0.2880859359375 0.9140625 0.3330078140625 0.923828125 0.3154296859375 0.939453125 0.3076171859375 0.9306640640625 0.28125 0.912109375 0.2880859359375
2 0.869140625 0.0615234359375 0.8662109359375 0.0234375 0.853515625 0.0595703140625 0.837890625 0.06738281406249999 0.84765625 0.08300781406249999 0.83984375 0.10449218593750001 0.8544921859375 0.11328125 0.87890625 0.11230468593750001 0.884765625 0.10644531406249999 0.8828125 0.09667968593750001 0.861328125 0.08886718593750001 0.869140625 0.0615234359375
1 0.625 0.3603515640625 0.6279296859375 0.3671875 0.634765625 0.3662109359375 0.64453125 0.3486328140625 0.64453125 0.3115234359375 0.6259765640625 0.3046875 0.625 0.3603515640625
2 0.4619140640625 0.96484375 0.4453125 0.9833984359375 0.4501953140625 0.994140625 0.46875 0.9990234359375 0.4736328140625 0.98828125 0.482421875 0.9873046859375 0.4775390640625 0.9609375 0.4619140640625 0.96484375
1 0.548828125 0.7412109359375 0.5322265640625 0.732421875 0.5244140640625 0.75 0.5029296859375 0.728515625 0.5 0.7490234359375 0.490234375 0.7587890640625 0.486328125 0.7900390640625 0.49609375 0.8291015640625 0.494140625 0.8486328140625 0.5166015640625 0.8515625 0.5205078140625 0.845703125 0.5224609359375 0.85546875 0.50390625 0.8583984359375 0.5224609359375 0.859375 0.5263671859375 0.869140625 0.54296875 0.8720703140625 0.548828125 0.8369140640625 0.5625 0.8271484359375 0.546875 0.7880859359375 0.548828125 0.7412109359375