2 0.8837890640625 0.2265625 0.890625 0.2255859359375 0.90625 0.1982421859375 0.8779296859375 0.193359375 0.876953125 0.2158203140625 0.8837890640625 0.2265625
2 0.205078125 0.3212890640625 0.244140625 0.3369140640625 0.244140625 0.3037109359375 0.2177734359375 0.283203125 0.2080078140625 0.283203125 0.205078125 0.3212890640625
2 0.01171875 0.6181640640625 0.0009765640625 0.603515625 0 0.6728515640625 0.0048828140625 0.67578125 0.016601564062499997 0.666015625 0.01953125 0.6767578140625 0.03125 0.6806640640625 0.041015625 0.6689453140625 0.041015625 0.6494140640625 0.01171875 0.6298828140625 0.01171875 0.6181640640625
2 0.9462890640625 0.431640625 0.939453125 0.4423828140625 0.951171875 0.4580078140625 0.921875 0.4853515640625 0.9287109359375 0.494140625 0.962890625 0.4990234359375 0.9814453140625 0.482421875 0.9990234359375 0.48046875 1 0.4619140640625 0.9462890640625 0.431640625
2 0.810546875 0.8310546859375 0.826171875 0.8154296859375 0.8251953140625 0.796875 0.81640625 0.8017578140625 0.8037109359375 0.826171875 0.7919921859375 0.814453125 0.7763671859375 0.814453125 0.767578125 0.8427734359375 0.755859375 0.8564453140625 0.763671875 0.8662109359375 0.7626953140625 0.890625 0.798828125 0.8935546859375 0.80859375 0.8837890640625 0.8046875 0.8583984359375 0.8125 0.8466796859375 0.810546875 0.8310546859375
2 0.123046875 0.9521484359375 0.115234375 0.9423828140625 0.11230468593750001 0.9140625 0.09667968593750001 0.9296875 0.07519531406249999 0.927734375 0.0546875 0.9345703140625 0.05859375 0.9619140640625 0.07421875 0.9736328140625 0.06640625 0.9990234359375 0.078125 0.9990234359375 0.08691406406249999 0.98828125 0.09863281406249999 0.99609375 0.11328125 0.9951171859375 0.123046875 0.9521484359375
2 0 0.9169921859375 0.03125 0.9189453140625 0.037109375 0.9091796859375 0.029296875 0.8798828140625 0.03515625 0.8583984359375 0.029296875 0.8388671859375 0.03125 0.7724609359375 0.016601564062499997 0.765625 0.017578125 0.8115234359375 0 0.8212890640625 0 0.9169921859375
2 0.8759765640625 0.951171875 0.86328125 0.9560546859375 0.8544921859375 0.984375 0.8369140640625 0.982421875 0.822265625 0.9521484359375 0.8232421859375 0.921875 0.8115234359375 0.921875 0.783203125 0.9482421859375 0.78125 0.9638671859375 0.7978515640625 1 0.943359375 0.9990234359375 0.9345703140625 0.982421875 0.9052734359375 0.9765625 0.8974609359375 0.955078125 0.8759765640625 0.951171875
2 0.4140625 0.8115234359375 0.408203125 0.7939453140625 0.4140625 0.7392578140625 0.4013671859375 0.736328125 0.3818359359375 0.74609375 0.3642578140625 0.7265625 0.3525390640625 0.724609375 0.345703125 0.7412109359375 0.353515625 0.7724609359375 0.3671875 0.7900390640625 0.361328125 0.8134765640625 0.3671875 0.8427734359375 0.3740234359375 0.84765625 0.4072265640625 0.8359375 0.4189453140625 0.857421875 0.4375 0.8603515640625 0.44921875 0.8505859359375 0.447265625 0.8349609359375 0.4287109359375 0.8125 0.4140625 0.8115234359375
2 0.2685546859375 0.435546875 0.2841796859375 0.41015625 0.2880859359375 0.42578125 0.2939453140625 0.419921875 0.2978515640625 0.42578125 0.310546875 0.4208984359375 0.3125 0.4013671859375 0.302734375 0.3759765640625 0.310546875 0.3310546859375 0.3037109359375 0.322265625 0.2802734359375 0.330078125 0.2685546859375 0.310546875 0.2578125 0.3134765640625 0.26171875 0.3740234359375 0.2431640640625 0.375 0.23828125 0.3935546859375 0.208984375 0.4169921859375 0.2265625 0.4638671859375 0.23828125 0.4521484359375 0.23828125 0.4404296859375 0.2509765640625 0.421875 0.2685546859375 0.435546875
2 0.8603515640625 0 0.8564453140625 0.015625 0.84375 0.0048828140625 0.84375 0.0595703140625 0.8564453140625 0.078125 0.8759765640625 0.080078125 0.884765625 0.08886718593750001 0.890625 0.12402343593750001 0.8828125 0.1552734359375 0.892578125 0.1669921859375 0.916015625 0.1396484359375 0.916015625 0.11425781406249999 0.931640625 0.09277343593750001 0.931640625 0.07910156406249999 0.919921875 0.07519531406249999 0.9140625 0.0556640640625 0.9189453140625 0.048828125 0.9423828140625 0.0546875 0.94921875 0.049804685937499996 0.935546875 0.022460935937500003 0.9365234359375 0 0.9111328140625 0 0.9033203140625 0.01171875 0.8994140640625 0.00390625 0.8857421859375 0 0.8603515640625 0
2 0.7470703140625 0.642578125 0.7783203140625 0.646484375 0.794921875 0.6337890640625 0.798828125 0.6142578140625 0.7890625 0.5947265640625 0.794921875 0.5771484359375 0.7900390640625 0.564453125 0.7607421859375 0.591796875 0.720703125 0.5908203140625 0.720703125 0.5478515640625 0.705078125 0.5419921859375 0.705078125 0.5283203140625 0.71484375 0.5029296859375 0.73046875 0.4853515640625 0.72265625 0.4501953140625 0.732421875 0.4228515640625 0.732421875 0.3974609359375 0.7216796859375 0.388671875 0.703125 0.4208984359375 0.689453125 0.4228515640625 0.6875 0.4541015640625 0.6552734359375 0.482421875 0.642578125 0.4853515640625 0.640625 0.5087890640625 0.642578125 0.5517578140625 0.658203125 0.5751953140625 0.662109375 0.6123046859375 0.65625 0.6337890640625 0.666015625 0.6435546859375 0.666015625 0.6689453140625 0.6826171859375 0.697265625 0.673828125 0.6552734359375 0.6884765640625 0.638671875 0.7109375 0.6474609359375 0.716796875 0.6611328140625 0.7041015640625 0.658203125 0.701171875 0.6630859359375 0.703125 0.7041015640625 0.71875 0.7353515640625 0.71875 0.7783203140625 0.734375 0.7802734359375 0.7734375 0.7392578140625 0.748046875 0.7294921859375 0.732421875 0.6728515640625 0.7470703140625 0.642578125
2 0.5087890640625 0 0.4970703140625 0.015625 0.4814453140625 0.009765625 0.474609375 0.036132814062500004 0.4560546859375 0.037109375 0.4453125 0.0595703140625 0.4541015640625 0.076171875 0.4765625 0.08300781406249999 0.4892578140625 0.125 0.4951171859375 0.126953125 0.501953125 0.11230468593750001 0.5107421859375 0.111328125 0.52734375 0.1259765640625 0.537109375 0.1806640640625 0.51953125 0.2041015640625 0.53125 0.2294921859375 0.515625 0.2412109359375 0.509765625 0.2626953140625 0.529296875 0.2685546859375 0.52734375 0.2919921859375 0.517578125 0.2958984359375 0.515625 0.3115234359375 0.53125 0.3115234359375 0.5341796859375 0.296875 0.568359375 0.2919921859375 0.564453125 0.2861328140625 0.576171875 0.2646484359375 0.580078125 0.2373046859375 0.6083984359375 0.234375 0.61328125 0.2294921859375 0.609375 0.2216796859375 0.630859375 0.2001953140625 0.634765625 0.1826171859375 0.611328125 0.1572265640625 0.623046875 0.10839843593750001 0.6201171859375 0.076171875 0.60546875 0.08300781406249999 0.5908203140625 0.111328125 0.57421875 0.11035156406249999 0.572265625 0.1455078140625 0.5634765640625 0.158203125 0.541015625 0.1376953140625 0.546875 0.11621093593750001 0.56640625 0.10644531406249999 0.564453125 0.08300781406249999 0.552734375 0.06347656406249999 0.5703125 0.016601564062499997 0.5458984359375 0 0.5087890640625 0