2 0.211270103125 0.817762671875 0.2113434109375 0.83928813125 0.2187959421875 0.8433753890625001 0.22956051562500002 0.8318862703125 0.2370368953125 0.7909698781250001 0.219805896875 0.7758926374999999 0.1995066203125 0.79596450625 0.211270103125 0.817762671875
2 0.0266799375 0.1814410265625 0.040586090625 0.1563282640625 0.0419497671875 0.1407064359375 0.0342901234375 0.127809175 0.0076948812500000005 0.1193619578125 0.0036405 0.17699016875 0.0266799375 0.1814410265625
2 0.7556096734375 0.0614757375 0.7344819453125 0.0463075984375 0.70249249375 0.06610676875 0.706876753125 0.1053431359375 0.720344834375 0.1076140125 0.7264941874999999 0.093082178125 0.741192140625 0.0924466890625 0.7455269390625 0.06515394375 0.7556096734375 0.0614757375
2 0.16979364375 0.756137284375 0.168162353125 0.7971900328125 0.1759558046875 0.797371834375 0.1962917328125 0.788062690625 0.2020873625 0.7216699281250001 0.191724209375 0.69501266875 0.18284749843749998 0.740788159375 0.16979364375 0.756137284375
2 0.27987637187500003 0 0.28412968906249997 0.0054731265625 0.27200143906249996 0.032584070312500005 0.2706377609375 0.0482058984375 0.27614193125000003 0.052247706250000005 0.2933967796875 0.022321290625 0.30915414375 0.020732165625 0.31619244687500003 0.0071994171874999995 0.3397432625 0.0057920921875 0.344569284375 0 0.27987637187500003 0
2 0.867939953125 0.698068446875 0.893098209375 0.7006120328125001 0.8983586140625001 0.68508110625 0.8919288390625001 0.6692774781249999 0.9033752515625 0.6499774453125 0.876475740625 0.656198415625 0.866867734375 0.6432557015625 0.8653940984374999 0.6265893375 0.847517909375 0.6300857421875 0.83781275 0.6406212234375 0.85022141875 0.643845740625 0.8539843390625 0.656652103125 0.863385234375 0.6607848109375001 0.867939953125 0.698068446875
2 0.7914609640625 0.187541159375 0.7881727703125 0.158113884375 0.7838984703125 0.151165709375 0.7656813687499999 0.1585675703125 0.7534065015625 0.1426275921875 0.743664690625 0.142400340625 0.7381971734375 0.149121265625 0.7369068015625 0.1862685515625 0.7633315859375001 0.1966685 0.7710883859375001 0.1860875671875 0.7914609640625 0.187541159375
2 0.445409275 0.349701984375 0.44626157343750006 0.33993833906250004 0.4445808234375 0.314461975 0.42437870312500003 0.311055653125 0.404651303125 0.291028415625 0.387883990625 0.360100296875 0.40422604062499995 0.374178446875 0.425962296875 0.36001021093749996 0.43358528906249993 0.362144740625 0.445409275 0.349701984375
2 0.2932974203125 0.9292516234375 0.280511178125 0.919169825 0.2680292046875 0.8944198453125001 0.2445516921875 0.9173526328125 0.23569883125 0.9181244703125 0.2280519921875 0.9609935937499999 0.2573140921875 0.9724380796875 0.2635734046875 0.9901944359374999 0.3016517109375 0.99010435 0.30742349375 0.9687152421875 0.2932974203125 0.9292516234375
2 0.5598327624999999 0.8728546484375 0.5655806984375 0.896469190625 0.578026021875 0.9104564390625001 0.5948061421874999 0.8971509453125 0.5962669734375 0.8580509281250001 0.6096617484375 0.8387963453125 0.5782441734375 0.8184964078125001 0.5898610453125 0.79724364375 0.5891059000000001 0.7835290984375 0.5451091984375 0.76195736875 0.5388626890625 0.7999673921875 0.5417366578125 0.8117746640625001 0.5616345125 0.829849175 0.566286384375 0.843654621875 0.5598327624999999 0.8728546484375
2 0.0177188796875 0.30646109374999997 0.0236006203125 0.3173601765625 0.041343003125 0.3265792296875 0.0415867671875 0.34615196406250004 0.0085379046875 0.36690477499999996 0.022590671875000003 0.3848429296875 0.030323621875 0.41926565312499997 0.046251443749999996 0.41572379843749996 0.051414696875 0.4236710625 0.060267559375 0.422899225 0.0702769875 0.39769555625 0.0833674921875 0.3931091625 0.0872275671875 0.38243733125 0.067500171875 0.36241009375 0.08208816249999999 0.32948641562500003 0.040855470312499996 0.28743376249999997 0.05899926875 0.25850644218749996 0.043887090625 0.241521921875 0.0278254609375 0.2577792390625 0.0295062125 0.28325560312500003 0.018741639062500003 0.29474472343749997 0.0177188796875 0.30646109374999997
2 0.4720062828125 0.5146856234375 0.46411567812500004 0.5379820125 0.451573203125 0.5474729484374999 0.45232834843749997 0.5611875000000001 0.462825309375 0.5751292968749999 0.4514522046875 0.6159547953125 0.4668319921875 0.6075083921875 0.49465710781250005 0.61304924375 0.4840153015625 0.7125929375 0.49731292343750005 0.716816546875 0.5057515578125 0.6984247046875 0.5276949328125 0.693066471875 0.5395189140625 0.680623715625 0.5392018421875 0.639525515625 0.5202295921875 0.6332128328125 0.507540503125 0.5996528453125001 0.5081490343749999 0.570316471875 0.5192545265625 0.554921896875 0.528508809375 0.5160036796874999 0.5063583234375 0.5125519078125 0.48984581718750003 0.5004264859374999 0.4720062828125 0.5146856234375
2 0.103619075 0.46304460000000003 0.10758910937499999 0.48466095937500003 0.10072126249999999 0.496240978125 0.087119375 0.5066855593749999 0.05772346874999999 0.507956534375 0.0549594625 0.5284374578125 0.0332598578125 0.5533684203125 0.0449866875 0.56440385625 0.080398140625 0.561316503125 0.09113886875 0.5948310375 0.103340425 0.5892455546875001 0.1090883609375 0.61286009375 0.132468715625 0.6134054984375 0.1440250875 0.6263936578125 0.1340156578125 0.651597328125 0.1480317734375 0.6587727531249999 0.149846328125 0.6715336640625 0.1628030296875 0.6796627296875 0.1664559890625 0.660180896875 0.181287746875 0.6468299453124999 0.174443746875 0.6134063171874999 0.1782671671875 0.5919717515625 0.1310189234375 0.551735478125 0.14301336874999998 0.5373399921875001 0.15593341562500002 0.534706328125 0.1643354 0.50555175 0.133599665625 0.47744090000000006 0.1209105765625 0.44388091875 0.11062072812499998 0.43874911875 0.103619075 0.46304460000000003
2 0.3410830921875 0.03517391875 0.325362384375 0.0475257734375 0.30281048125 0.08222038125 0.2904384640625 0.08975859375 0.2874673421875 0.1014295140625 0.2899032390625 0.14062043125 0.31366116875 0.14802310937500002 0.31971336875 0.1569694625 0.314867190625 0.1901203984375 0.3384546578125 0.1994758015625 0.3493896921875 0.1860339546875 0.3511070953125 0.22227305625 0.367960521875 0.230493021875 0.3783475234375 0.21214662812500001 0.39766069375 0.2145538578125 0.40295774843750004 0.2097856625 0.40721924062500003 0.1609674546875 0.40731639375000006 0.137489265625 0.39596713437500003 0.13331110625 0.3995467890625 0.0923038078125 0.3828638203125 0.0821311171875 0.38848898906249996 0.017691078125000002 0.3785400609375 0.008653825 0.360566721875 0.0356284203125 0.3410830921875 0.03517391875