2 1 0.47204483125 0.998195815625 0.46607136093749996 0.9414631515625 0.4712035890625 0.939206521875 0.47779551875 0.9556305999999999 0.48306734687499997 0.9699335031249999 0.502987640625 1 0.49514928906250005 1 0.47204483125
2 0 0.3461959921875 0.002795746875 0.3461957296875 0.0194544328125 0.337258721875 0.010490774999999999 0.311039175 0 0.3072416171875 0 0.3461959921875
2 0.5259308421875 0.79247906875 0.5246852234375 0.802879453125 0.506324990625 0.8091799312499999 0.5088525203125001 0.8187010640624999 0.518926346875 0.8264636953125001 0.544832875 0.8184047140624999 0.55440119375 0.82426311875 0.564574171875 0.8097603828125 0.5885941296875 0.8021410265625001 0.60207104375 0.8151767124999999 0.61389599375 0.8144431875 0.6127991109375001 0.7914455203124999 0.6039213265625001 0.7844151874999999 0.569962996875 0.79232844375 0.554734953125 0.787788915625 0.5259308421875 0.79247906875
2 0.5767328875 0.772552653125 0.595968678125 0.7620040953125 0.61773200625 0.7609766687499999 0.62229484375 0.736660125 0.5902726656249999 0.7330010703125 0.5854026328125 0.710882653125 0.57615479375 0.710004628125 0.5592614984375001 0.7331504703125 0.5583363609374999 0.748531234375 0.5482129546875 0.7519012859374999 0.5524420296875 0.7640589453125 0.5767328875 0.772552653125
2 0.34539263125 0.052026396875000006 0.3592396046875 0.0589097765625 0.3738266890625 0.053488546875 0.3884633515625 0.0369346328125 0.371533765625 0.029758578125 0.2922976625 0.0482228421875 0.2762799296875 0.06712060625 0.2789924890625 0.0735655875 0.289016734375 0.09246090312500001 0.30442980625 0.0939242796875 0.33030004062499996 0.0555433984375 0.34539263125 0.052026396875000006
2 0.3627081640625 0.434197928125 0.33942831875 0.42951267499999995 0.3254326125 0.4560273453125 0.32814516875 0.4624723265625 0.36399007656250004 0.4541194453125 0.372177325 0.4623217015625 0.38400227343750004 0.46158817656249995 0.3898966046875 0.44606046250000003 0.429009146875 0.43492410625 0.42653119687499996 0.4142702890625 0.41291882968750004 0.3931780734375 0.39635929999999997 0.3798497109375 0.36930630781249996 0.37604370781249996 0.3594538046875 0.3955268203125 0.3708095421875 0.423210971875 0.3627081640625 0.434197928125
2 0.19928717499999998 0.120447525 0.1419498453125 0.1459408953125 0.1285092203125 0.163227109375 0.09933505000000001 0.1740695671875 0.0891620703125 0.188572303125 0.16752260937500002 0.17435611875 0.19024736874999998 0.18826982812499998 0.1927748984375 0.19779096406250002 0.20938400625 0.1999866375 0.2122320171875 0.21448815 0.22323098125000002 0.2068700203125 0.21730035937499997 0.192075834375 0.2274237609375 0.1887057796875 0.23313306250000002 0.176254221875 0.21234445468750002 0.150768196875 0.20867046406249998 0.12938208281250002 0.19928717499999998 0.120447525
2 1 0.8711573109374999 0.968617903125 0.8753465890625 0.9304172140625001 0.91255676875 0.9293070421875 0.931013684375 1 0.916963415625 1 0.8711573109374999
2 0.8211615046875 0.708516753125 0.8151813078125001 0.70485525 0.7896448328125001 0.7067619265625 0.772715246875 0.6995858703125 0.7991768578125 0.6822984328125 0.8133080171874999 0.6638402953125 0.8058113015625 0.654466109375 0.7746646828125 0.6465589781250001 0.77043560625 0.6344013203125 0.72893098125 0.6440730765625 0.7464156546875 0.642020675 0.7595720921875 0.6500759796875 0.743554359375 0.668973746875 0.690730290625 0.68128325625 0.6851201484375 0.671469446875 0.671593653125 0.669566446875 0.627326890625 0.6839259078125 0.627597790625 0.700038971875 0.650137525 0.717028834375 0.6729118578125 0.7198098625 0.728128009375 0.708964953125 0.7370057921875001 0.7159952828125 0.7160188749999999 0.7350399999999999 0.7240210968749999 0.7463184078125 0.7777207296875 0.7297608203125 0.8088177640625 0.7488006375 0.8182506375 0.746602509375 0.824329990625 0.72799864375 0.8185348187500001 0.7212609875 0.8211615046875 0.708516753125
2 0.9341116078124999 0.58311700625 0.9173670484375 0.57286479375 0.9212393531249999 0.5497201796875 0.9050498796875001 0.5302395109375 0.8674538484375001 0.54708855 0.8615595234375 0.5626162625 0.8479834515625001 0.57184594375 0.7917562874999999 0.5788824 0.77528263125 0.584743253125 0.7707693718749999 0.5979271140625 0.7847517921875 0.6128670265625 0.7996593562500001 0.612426175 0.79804368125 0.6289788640625 0.824171534375 0.64816563125 0.84492384375 0.6433297515625 0.8659470593749999 0.6546069359375 0.8899670109375 0.6469875796875 0.911360278125 0.652112459375 0.9266379 0.6455193046875001 0.909622440625 0.61915403125 0.9307943890624999 0.597033165625 0.9341116078124999 0.58311700625
2 0.86148433125 0.07937009687499999 0.81997970625 0.0890418546875 0.7965015484375 0.1288873375 0.76719193125 0.1316732640625 0.7490663046875 0.1237649078125 0.7534308281250001 0.1439791015625 0.74583495625 0.156870284375 0.7625795109375 0.16712249375 0.7927646937499999 0.1600884875 0.7973638265625 0.16609384375 0.793356071875 0.181181928125 0.8217405515625 0.19377676562499999 0.8418519078125 0.1789801296875 0.8909028296875 0.1675498703125 0.8993742671874999 0.15041060781249999 0.8953302187500001 0.1351767953125 0.9063787624999999 0.11642597968749999 0.88366349375 0.030858209375 0.8513927203125 0.0297312890625 0.84125080625 0.04465561875 0.8423972687499999 0.056520603125 0.8615339078125 0.06823741250000001 0.86148433125 0.07937009687499999
2 0.3147962234375 1 0.324063875 0.9942046265625001 0.3129790390625 0.9826335453124999 0.309169596875 0.9531908953125001 0.32201884375 0.9148112390625001 0.35547166875 0.90499375625 0.3881843796875 0.9074808843750001 0.40728472499999996 0.8888757937499999 0.43369675937499996 0.882721040625 0.43996114375 0.861041021875 0.49126869375000004 0.843018834375 0.500615690625 0.8216314921875 0.4975826546875 0.810206134375 0.422810234375 0.8266192203125 0.4087286546875 0.833944675 0.4004422484375 0.8480077874999999 0.37453571874999997 0.8560667671875001 0.3516622265625 0.8755511078125 0.29557051562500003 0.8906440953124999 0.28765416250000003 0.8985549015625001 0.2507982484375 0.9030993296875 0.2512541765625 0.9161362421874999 0.267998734375 0.926388446875 0.25902179062499997 0.9416234875 0.2416725703125 0.95173241875 0.2371593109375 0.9649162796875 0.2112527828125 0.9729752609375 0.18369428906250002 0.9672650296875 0.14987140625 0.98323481875 0.144852640625 0.994514453125 0.1719056328125 0.9983204546875 0.21152368125 0.989088325 0.2138529390625 1 0.3147962234375 1
2 0.2748253234375 0.586108675 0.31629365468750004 0.5461150171875 0.32949966875 0.5430376406249999 0.33901841093749996 0.5600287328125 0.3587101328125 0.5625170828125 0.375332528125 0.5232581765625001 0.39116523124999997 0.5074365640625 0.3879967453125 0.487954675 0.36112878125000003 0.4810725171875 0.3324601171875 0.4938192015625 0.3200305078125 0.5149138671875 0.30217578125 0.523118575 0.25938924375 0.512868815625 0.2370212578125 0.5342573828125 0.21097927656249998 0.534259834375 0.207021103125 0.5382152375 0.22090436875 0.5754205171875 0.197710396875 0.5899244765625 0.1931971375 0.6031083374999999 0.1707432796875 0.6053076875000001 0.1476121703125 0.567224384375 0.1303984015625 0.5853898484375 0.10587293906249999 0.591104978125 0.120582190625 0.635194865625 0.113997328125 0.6518945031250001 0.07212265 0.6677185640625 0.0516049390625 0.6583456062499999 0.026388946875000003 0.6652326625 0.049827250000000003 0.7497509296875 0.0639088296875 0.7424254734375 0.096314346875 0.6984776390625 0.10588266718749999 0.7043360437499999 0.151160440625 0.6937850359375 0.16598213125 0.67415496875 0.18949657656250002 0.6646313875 0.20280174999999998 0.6392886437499999 0.2308657546875 0.6469030984375 0.2553912125 0.6411879703125 0.255490371875 0.6189226015625 0.2814464765625 0.5997309359375 0.2748253234375 0.586108675
2 0.680270521875 0.29852515 0.66509205625 0.2828529359375 0.6839577953125 0.2784566828125 0.69881578125 0.289148515625 0.7120218015625001 0.2860711375 0.73388428125 0.26277834375000003 0.7654505281249999 0.2534004875 0.7655001078125 0.24226780468750003 0.7393226796875 0.2342137203125 0.7787689875 0.1866031609375 0.7448602375 0.1833837296875 0.7337754000000001 0.1718126453125 0.707363365625 0.1779674015625 0.6750207078125 0.16932796875 0.6556494625 0.171819996875 0.648929153125 0.180463103125 0.65283775 0.18764038593750001 0.6745514953125 0.1977456421875 0.7062531953125 0.196424315625 0.708916178125 0.21400197968749998 0.67169020625 0.2246987125 0.6342296281250001 0.24960428124999998 0.62351484375 0.2318808953125 0.6041436 0.2343729203125 0.57537578125 0.2693849734375 0.556645490625 0.281837759375 0.535252221875 0.276712878125 0.524943790625 0.283159084375 0.5108985046875001 0.3208064390625 0.4896406890625 0.323738090625 0.47202056875 0.3177339609375 0.465990790625 0.325205140625 0.4376921796875 0.3317995234375 0.440219709375 0.3413206546875 0.467123965625 0.37852470781249997 0.49394235000000003 0.3965395484375 0.501389490625 0.4170464171875 0.5356682968750001 0.41411353906250004 0.5785176984375 0.3717760296875 0.593104784375 0.3663548015625 0.6060398984375001 0.3471643625 0.640269128125 0.35536416875 0.6586293609375 0.34906368906249996 0.6619465828125 0.3351475296875 0.6570269734374999 0.3241617953125 0.680270521875 0.29852515
1 0.643331340625 0.706482725 0.6416793703125 0.692713515625 0.6789053421875 0.68201678125 0.6787698953125 0.67396025 0.6900893390625 0.671322496875 0.6951081046875001 0.6600428625 0.7012237515625 0.671760896875 0.6902247859374999 0.6793790296875 0.7053173765625 0.6758620265624999 0.7115321828125001 0.6653146921875 0.7050464765625 0.6597489640624999 0.7137888140624999 0.6587227640625 0.7173273546875001 0.6720523468749999 0.72229654375 0.6719053984375 0.7202745203124999 0.6642884921875 0.744799978125 0.6585733640625 0.7408913828125 0.6513960812499999 0.75082975625 0.6511021828125 0.749954196875 0.6553502609375 0.77070650625 0.65051438125 0.7974886 0.6382073218750001 0.80112629375 0.629271540625 0.8153433265625001 0.6300026140625 0.8152078734374999 0.621946084375 0.7970326703125 0.625170409375 0.8104237140624999 0.6190168828125 0.805824584375 0.613011528125 0.8109787984375 0.609788421875 0.7828652203125 0.6133066515625 0.76768675625 0.597634440625 0.7747771250000001 0.582839028125 0.79589949375 0.57185084375 0.8035449437500001 0.547826975 0.8337797046875 0.5296602859374999 0.74428475 0.5434380703125 0.7328794328125 0.52688660625 0.7063815265625 0.5138521468749999 0.6833725859374999 0.5252799546875 0.66686263125 0.5008189109375001 0.6541488375 0.5472551 0.638501159375 0.5600005578125 0.61774885 0.5648364359375 0.5996232234375001 0.5569280796875 0.580387425 0.5674766375 0.5545800562500001 0.5532702515625 0.544912578125 0.569677215625 0.50327250625 0.5712924390625 0.49926475156250005 0.5863805281250001 0.480534459375 0.5988333124999999 0.46065770937500006 0.5994211140625 0.44243292968750003 0.6137781234374999 0.37778391093749997 0.6268211578125 0.3643432859375 0.6441073734375 0.359559125 0.6411781703125 0.35642693593749997 0.6520181796875 0.3310259140625 0.6619813859375 0.302998203125 0.6846888296875 0.23683266718749998 0.6920191859375 0.239631096875 0.7176533796875 0.26714001718749997 0.7344962953125 0.277484740625 0.7583719875 0.3009496125 0.759981090625 0.35993890624999997 0.7482569328124999 0.376782621875 0.736243771875 0.4880904828125 0.7103058765625 0.508472740625 0.711622303125 0.558769278125 0.6897916609375 0.5810381062500001 0.6906684640625 0.5902363734375 0.7026791718750001 0.60758559375 0.6925702390625 0.643331340625 0.706482725