2 0.1962890640625 0.875 0.1796875 0.9052734359375 0.185546875 0.9423828140625 0.169921875 0.9775390640625 0.169921875 0.9990234359375 0.2265625 0.9990234359375 0.22265625 0.9560546859375 0.228515625 0.9326171859375 0.20703125 0.8779296859375 0.1962890640625 0.875
2 0.10839843593750001 0.703125 0.099609375 0.7001953140625 0.095703125 0.6923828140625 0.109375 0.6865234359375 0.115234375 0.6689453140625 0.09863281406249999 0.640625 0.06933593593750001 0.634765625 0.06640625 0.6416015640625 0.076171875 0.6591796859375 0.0517578140625 0.6796875 0.013671875 0.6943359359375 0.013671875 0.7021484359375 0.029296875 0.7119140640625 0.0283203140625 0.751953125 0.047851564062500004 0.73828125 0.06738281406249999 0.7421875 0.10839843593750001 0.71875 0.11328125 0.7255859359375 0.103515625 0.7451171859375 0.12207031406249999 0.76171875 0.1484375 0.7607421859375 0.16015625 0.7490234359375 0.154296875 0.7138671859375 0.1298828140625 0.6953125 0.10839843593750001 0.703125
2 0.37890625 0.4150390640625 0.38671875 0.3974609359375 0.3720703140625 0.369140625 0.365234375 0.4091796859375 0.37890625 0.4150390640625
2 0.4443359359375 0.521484375 0.46484375 0.5146484359375 0.44921875 0.4794921859375 0.4501953140625 0.4453125 0.4365234359375 0.46875 0.4228515640625 0.447265625 0.4150390640625 0.4453125 0.41015625 0.4521484359375 0.408203125 0.4833984359375 0.39453125 0.5029296859375 0.408203125 0.5087890640625 0.408203125 0.5380859359375 0.416015625 0.5478515640625 0.427734375 0.5185546859375 0.4267578140625 0.48046875 0.435546875 0.4814453140625 0.4443359359375 0.521484375
2 0.2001953140625 0 0.154296875 0.0009765640625 0.158203125 0.0263671859375 0.142578125 0.0595703140625 0.1494140640625 0.06640625 0.166015625 0.06738281406249999 0.203125 0.0556640640625 0.201171875 0.024414064062499997 0.20703125 0.018554685937500003 0.2001953140625 0
2 0.59375 0.8994140640625 0.587890625 0.8818359359375 0.595703125 0.8603515640625 0.55859375 0.8466796859375 0.5576171859375 0.81640625 0.548828125 0.8251953140625 0.548828125 0.8544921859375 0.529296875 0.8876953140625 0.529296875 0.9052734359375 0.541015625 0.9111328140625 0.5537109359375 0.876953125 0.564453125 0.8798828140625 0.5712890640625 0.908203125 0.59375 0.8994140640625
2 0.8759765640625 0.755859375 0.873046875 0.7666015640625 0.890625 0.7861328140625 0.892578125 0.8193359359375 0.90234375 0.8232421859375 0.908203125 0.7880859359375 0.919921875 0.7763671859375 0.8935546859375 0.75390625 0.8759765640625 0.755859375
2 0.9619140640625 0.953125 0.94140625 0.9501953140625 0.93359375 0.9677734359375 0.9501953140625 1 1 0.9990234359375 0.9990234359375 0.97265625 0.9853515640625 0.982421875 0.9736328140625 0.98046875 0.9619140640625 0.953125
2 0.9482421859375 0.826171875 0.927734375 0.8349609359375 0.923828125 0.8623046859375 0.923828125 0.8857421859375 0.939453125 0.8896484359375 0.9609375 0.8720703140625 0.962890625 0.8583984359375 0.9609375 0.8310546859375 0.9482421859375 0.826171875
2 0.9130859359375 0.650390625 0.8935546859375 0.669921875 0.8642578140625 0.6796875 0.853515625 0.6904296859375 0.859375 0.7216796859375 0.875 0.7373046859375 0.875 0.7451171859375 0.90234375 0.7490234359375 0.923828125 0.7333984359375 0.923828125 0.7236328140625 0.912109375 0.7099609359375 0.9130859359375 0.650390625
2 0.6806640640625 0.08203125 0.6689453140625 0.091796875 0.6416015640625 0.09375 0.62109375 0.11621093593750001 0.615234375 0.1337890640625 0.6220703140625 0.142578125 0.638671875 0.1435546859375 0.646484375 0.1708984359375 0.66015625 0.1767578140625 0.6689453140625 0.19921875 0.67578125 0.1982421859375 0.677734375 0.1611328140625 0.6875 0.1376953140625 0.6875 0.09277343593750001 0.6806640640625 0.08203125
2 0.720703125 0.2783203140625 0.71875 0.2158203140625 0.7099609359375 0.19921875 0.66796875 0.2412109359375 0.677734375 0.2685546859375 0.669921875 0.3173828140625 0.685546875 0.3251953140625 0.69140625 0.3466796859375 0.7177734359375 0.337890625 0.7265625 0.3271484359375 0.728515625 0.2880859359375 0.720703125 0.2783203140625
2 0.845703125 0.5927734359375 0.849609375 0.5712890640625 0.859375 0.5595703140625 0.83984375 0.5400390640625 0.8271484359375 0.509765625 0.7919921859375 0.513671875 0.78125 0.5283203140625 0.787109375 0.5478515640625 0.787109375 0.5986328140625 0.81640625 0.6669921859375 0.83203125 0.6455078140625 0.830078125 0.5966796859375 0.8388671859375 0.599609375 0.845703125 0.5927734359375
2 0.98828125 0.07910156406249999 1 0.08300781406249999 0.9990234359375 0.005859375 0.96484375 0.06542968593750001 0.9833984359375 0.05859375 0.98828125 0.07910156406249999
2 0.931640625 0.0009765640625 0.94140625 0.041992185937499996 0.947265625 0.043945314062500004 0.970703125 0.038085935937499996 0.974609375 0.0146484359375 0.9873046859375 0 0.931640625 0.0009765640625