2 0.4482421859375 1 0.455078125 0.9990234359375 0.455078125 0.9736328140625 0.4423828140625 0.966796875 0.431640625 0.9853515640625 0.4482421859375 1
2 0.068359375 0.9990234359375 0.1171875 0.9990234359375 0.10546875 0.9814453140625 0.11328125 0.9560546859375 0.10644531406249999 0.94921875 0.068359375 0.9990234359375
2 0.513671875 0.1611328140625 0.5146484359375 0.12109375 0.48046875 0.12402343593750001 0.482421875 0.1669921859375 0.46484375 0.1845703140625 0.47265625 0.2158203140625 0.4853515640625 0.232421875 0.4921875 0.2314453140625 0.505859375 0.2021484359375 0.505859375 0.1865234359375 0.49609375 0.1669921859375 0.513671875 0.1611328140625
2 0.48828125 0.06542968593750001 0.4833984359375 0.056640625 0.46875 0.0517578140625 0.46875 0.0302734359375 0.453125 0.0009765640625 0.4384765640625 0 0.4375 0.0283203140625 0.4453125 0.0517578140625 0.42578125 0.06542968593750001 0.423828125 0.07714843593750001 0.4306640640625 0.087890625 0.4453125 0.08886718593750001 0.451171875 0.12402343593750001 0.4609375 0.1259765640625 0.466796875 0.12207031406249999 0.46875 0.09082031406249999 0.486328125 0.08105468593750001 0.48828125 0.06542968593750001
2 0.6787109359375 0 0.67578125 0.2177734359375 0.697265625 0.2177734359375 0.697265625 0.0048828140625 0.6904296859375 0.0078125 0.6865234359375 0 0.6787109359375 0
2 0.5771484359375 0.224609375 0.5556640640625 0.2265625 0.5419921859375 0.212890625 0.533203125 0.2158203140625 0.53125 0.2587890640625 0.513671875 0.2685546859375 0.515625 0.2802734359375 0.50390625 0.3095703140625 0.50390625 0.3271484359375 0.515625 0.3271484359375 0.5439453140625 0.32421875 0.548828125 0.2919921859375 0.568359375 0.2900390640625 0.5771484359375 0.224609375
2 0.9990234359375 0.314453125 0.9892578140625 0.31640625 0.9853515640625 0.310546875 0.982421875 0.3291015640625 0.9697265640625 0.345703125 0.9521484359375 0.345703125 0.935546875 0.3583984359375 0.931640625 0.3779296859375 0.943359375 0.4033203140625 0.939453125 0.4326171859375 0.947265625 0.4345703140625 0.9677734359375 0.41796875 0.994140625 0.4208984359375 1 0.4033203140625 0.9990234359375 0.314453125
2 0 0.7841796859375 0.0126953140625 0.78125 0.037109375 0.7919921859375 0.052734375 0.7763671859375 0.048828125 0.7548828140625 0.064453125 0.7470703140625 0.0625 0.7158203140625 0.07421875 0.6982421859375 0.06738281406249999 0.6875 0.0517578140625 0.689453125 0.040039064062500004 0.6640625 0.020507814062499997 0.666015625 0.015625 0.6728515640625 0.01953125 0.7216796859375 0.013671875 0.7451171859375 0 0.7509765640625 0 0.7841796859375
2 0.3427734359375 0.615234375 0.2919921859375 0.607421875 0.287109375 0.6123046859375 0.2890625 0.6416015640625 0.2744140640625 0.640625 0.2734375 0.6513671859375 0.287109375 0.6689453140625 0.28515625 0.6923828140625 0.302734375 0.7080078140625 0.318359375 0.7451171859375 0.328125 0.7470703140625 0.3359375 0.7158203140625 0.357421875 0.6962890640625 0.3515625 0.6240234359375 0.3427734359375 0.615234375
2 0.041992185937499996 0.84375 0.034179685937499996 0.826171875 0.017578125 0.8232421859375 0.0009765640625 0.791015625 0 0.9169921859375 0.0048828140625 0.919921875 0.013671875 0.9111328140625 0.015625 0.8779296859375 0.0263671859375 0.873046875 0.017578125 0.9150390640625 0.01953125 0.9443359359375 0.024414064062499997 0.953125 0.049804685937499996 0.955078125 0.0546875 0.9697265640625 0.080078125 0.9345703140625 0.080078125 0.8525390640625 0.06933593593750001 0.841796875 0.041992185937499996 0.84375
2 0.41015625 0.8759765640625 0.408203125 0.8486328140625 0.435546875 0.8330078140625 0.42578125 0.8095703140625 0.423828125 0.7744140640625 0.4052734359375 0.77734375 0.3994140640625 0.767578125 0.3818359359375 0.767578125 0.3642578140625 0.779296875 0.3505859359375 0.76953125 0.34765625 0.7861328140625 0.357421875 0.8037109359375 0.353515625 0.8271484359375 0.3623046859375 0.83984375 0.375 0.8427734359375 0.365234375 0.8798828140625 0.3515625 0.9013671859375 0.3935546859375 0.94140625 0.40625 0.9423828140625 0.419921875 0.9345703140625 0.412109375 0.9013671859375 0.421875 0.8896484359375 0.41015625 0.8759765640625
2 0.9287109359375 0.22265625 0.919921875 0.1884765640625 0.9267578140625 0.17578125 0.9501953140625 0.18359375 0.9658203140625 0.177734375 0.97265625 0.1572265640625 0.943359375 0.1337890640625 0.9375 0.09863281406249999 0.9189453140625 0.095703125 0.9111328140625 0.1015625 0.8994140640625 0.076171875 0.888671875 0.08105468593750001 0.8857421859375 0.091796875 0.86328125 0.09667968593750001 0.875 0.10839843593750001 0.865234375 0.12011718593750001 0.880859375 0.1259765640625 0.873046875 0.1552734359375 0.888671875 0.1728515640625 0.8876953140625 0.181640625 0.873046875 0.1865234359375 0.888671875 0.1884765640625 0.890625 0.2470703140625 0.921875 0.2646484359375 0.92578125 0.2939453140625 0.939453125 0.2998046859375 0.94140625 0.2568359359375 0.953125 0.2412109359375 0.955078125 0.2236328140625 0.9287109359375 0.22265625
2 0.236328125 0.4169921859375 0.21484375 0.3935546859375 0.21875 0.3759765640625 0.232421875 0.3623046859375 0.212890625 0.3447265640625 0.216796875 0.3193359359375 0.205078125 0.2998046859375 0.208984375 0.2666015640625 0.193359375 0.2412109359375 0.19921875 0.2080078140625 0.1884765640625 0.205078125 0.1728515640625 0.216796875 0.1572265640625 0.20703125 0.1474609359375 0.212890625 0.138671875 0.2080078140625 0.134765625 0.1884765640625 0.140625 0.1689453140625 0.126953125 0.1318359359375 0.13671875 0.12207031406249999 0.142578125 0.09472656406249999 0.1337890640625 0.0859375 0.08886718593750001 0.0859375 0.083984375 0.08105468593750001 0.109375 0.049804685937499996 0.109375 0.038085935937499996 0.09375 0.022460935937500003 0.08984375 0.0009765640625 0.0009765640625 0 0 0.09082031406249999 0.016601564062499997 0.09375 0.02734375 0.11425781406249999 0.0029296859375 0.123046875 0 0.1318359359375 0.024414064062499997 0.158203125 0.049804685937499996 0.140625 0.05078125 0.1787109359375 0.06347656406249999 0.181640625 0.08691406406249999 0.205078125 0.11035156406249999 0.201171875 0.1171875 0.2080078140625 0.111328125 0.2587890640625 0.123046875 0.2705078140625 0.123046875 0.2861328140625 0.1279296859375 0.291015625 0.1376953140625 0.287109375 0.15234375 0.2998046859375 0.1455078140625 0.31640625 0.123046875 0.3251953140625 0.130859375 0.3603515640625 0.1494140640625 0.392578125 0.193359375 0.4091796859375 0.19140625 0.4560546859375 0.1953125 0.4677734359375 0.205078125 0.4716796859375 0.2177734359375 0.46484375 0.234375 0.4697265640625 0.23046875 0.4365234359375 0.236328125 0.4169921859375