2 0.13671875 0.8505859359375 0.1357421859375 0.833984375 0.12109375 0.8466796859375 0.103515625 0.8779296859375 0.10546875 0.9111328140625 0.11328125 0.9150390640625 0.123046875 0.9013671859375 0.123046875 0.8818359359375 0.150390625 0.8720703140625 0.13671875 0.8505859359375
2 0.09765625 0.7548828140625 0.07324218593750001 0.73046875 0.05859375 0.7451171859375 0.05859375 0.8037109359375 0.068359375 0.8056640640625 0.076171875 0.8017578140625 0.08203125 0.7783203140625 0.09765625 0.7626953140625 0.09765625 0.7548828140625
2 0.501953125 0.9833984359375 0.498046875 0.9990234359375 0.556640625 0.9990234359375 0.5546875 0.9560546859375 0.5205078140625 0.9375 0.517578125 0.9677734359375 0.501953125 0.9833984359375
2 0.3720703140625 0.646484375 0.4033203140625 0.638671875 0.408203125 0.6240234359375 0.388671875 0.5966796859375 0.390625 0.5751953140625 0.3798828140625 0.57421875 0.3564453140625 0.54296875 0.3388671859375 0.537109375 0.328125 0.6083984359375 0.31640625 0.6396484359375 0.3349609359375 0.640625 0.34375 0.6494140640625 0.3486328140625 0.62109375 0.357421875 0.6201171859375 0.361328125 0.6357421859375 0.3720703140625 0.646484375
2 0.46484375 0.7802734359375 0.46484375 0.7509765640625 0.4404296859375 0.720703125 0.4306640640625 0.71875 0.408203125 0.7392578140625 0.40234375 0.7744140640625 0.4140625 0.7880859359375 0.4140625 0.8193359359375 0.4345703140625 0.826171875 0.439453125 0.8505859359375 0.44921875 0.8505859359375 0.4931640640625 0.82421875 0.498046875 0.8095703140625 0.4853515640625 0.783203125 0.46484375 0.7802734359375
2 0.267578125 0.3134765640625 0.259765625 0.2939453140625 0.267578125 0.2822265640625 0.26171875 0.2451171859375 0.265625 0.2041015640625 0.2548828140625 0.19921875 0.2373046859375 0.208984375 0.2216796859375 0.201171875 0.21484375 0.2158203140625 0.23828125 0.2568359359375 0.2158203140625 0.275390625 0.193359375 0.2724609359375 0.208984375 0.2900390640625 0.205078125 0.3330078140625 0.2119140640625 0.33984375 0.2333984359375 0.3359375 0.240234375 0.3408203140625 0.228515625 0.3837890640625 0.25 0.3974609359375 0.25 0.4267578140625 0.28125 0.4384765640625 0.298828125 0.3994140640625 0.291015625 0.3759765640625 0.263671875 0.3505859359375 0.267578125 0.3134765640625
2 0.10449218593750001 0 0.08203125 0.024414064062499997 0.078125 0.041992185937499996 0.10644531406249999 0.044921875 0.11328125 0.0517578140625 0.126953125 0.07519531406249999 0.123046875 0.09082031406249999 0.12890625 0.10839843593750001 0.119140625 0.1337890640625 0.1337890640625 0.15234375 0.1474609359375 0.150390625 0.1552734359375 0.15625 0.16015625 0.1767578140625 0.16796875 0.1826171859375 0.177734375 0.1728515640625 0.1796875 0.1552734359375 0.1953125 0.1455078140625 0.19140625 0.1337890640625 0.205078125 0.10253906406249999 0.205078125 0.0595703140625 0.1982421859375 0.05078125 0.1787109359375 0.05078125 0.154296875 0.0263671859375 0.1455078140625 0 0.10449218593750001 0
2 0.71484375 0.7177734359375 0.7158203140625 0.701171875 0.697265625 0.7060546859375 0.7021484359375 0.716796875 0.71484375 0.7177734359375
2 0.728515625 0.6279296859375 0.724609375 0.6435546859375 0.70703125 0.6591796859375 0.7197265640625 0.6875 0.73828125 0.6865234359375 0.734375 0.6650390640625 0.751953125 0.6474609359375 0.7431640640625 0.62109375 0.728515625 0.6279296859375
2 0.4951171859375 0.0234375 0.5029296859375 0.01953125 0.509765625 0.0263671859375 0.5234375 0.0595703140625 0.537109375 0.0615234359375 0.541015625 0.020507814062499997 0.53125 0.0009765640625 0.4794921859375 0 0.4951171859375 0.0234375
2 0.60546875 0.2001953140625 0.599609375 0.1904296859375 0.6015625 0.1572265640625 0.5966796859375 0.154296875 0.5791015640625 0.16796875 0.5693359359375 0.1640625 0.5595703140625 0.12109375 0.5439453140625 0.146484375 0.5263671859375 0.134765625 0.5185546859375 0.134765625 0.515625 0.1455078140625 0.5390625 0.1904296859375 0.53125 0.2333984359375 0.5625 0.2353515640625 0.5791015640625 0.234375 0.5810546859375 0.224609375 0.6005859359375 0.21875 0.60546875 0.2001953140625
2 0.6796875 0.4560546859375 0.689453125 0.4130859359375 0.67578125 0.4033203140625 0.6708984359375 0.37890625 0.6650390640625 0.390625 0.6474609359375 0.3828125 0.626953125 0.4033203140625 0.640625 0.4677734359375 0.62109375 0.4970703140625 0.640625 0.5029296859375 0.64453125 0.5302734359375 0.654296875 0.5380859359375 0.6640625 0.5263671859375 0.671875 0.4853515640625 0.685546875 0.4814453140625 0.6796875 0.4560546859375
2 0.81640625 0.7783203140625 0.830078125 0.7626953140625 0.82421875 0.7138671859375 0.798828125 0.7080078140625 0.79296875 0.6591796859375 0.7802734359375 0.6484375 0.7587890640625 0.64453125 0.76171875 0.6748046859375 0.751953125 0.6884765640625 0.7421875 0.7373046859375 0.7529296859375 0.75 0.7626953140625 0.75 0.7734375 0.7685546859375 0.765625 0.7939453140625 0.77734375 0.8212890640625 0.7998046859375 0.830078125 0.8095703140625 0.84375 0.8203125 0.8447265640625 0.826171875 0.8154296859375 0.8359375 0.8037109359375 0.833984375 0.7919921859375 0.81640625 0.7783203140625
2 1 0.3486328140625 0.9892578140625 0.3359375 0.96875 0.3544921859375 0.984375 0.3779296859375 0.982421875 0.4208984359375 1 0.4521484359375 1 0.4033203140625 0.994140625 0.3974609359375 1 0.3896484359375 1 0.3486328140625
2 0.94921875 0.0009765640625 0.8603515640625 0 0.861328125 0.0126953140625 0.8681640640625 0.01953125 0.8798828140625 0.017578125 0.890625 0.041992185937499996 0.9130859359375 0.01953125 0.9384765640625 0.01953125 0.94921875 0.010742185937499999 0.94921875 0.0009765640625
2 0.798828125 0.040039064062500004 0.7890625 0.0615234359375 0.8076171859375 0.060546875 0.8203125 0.06738281406249999 0.833984375 0.0009765640625 0.7919921859375 0.00390625 0.78515625 0.016601564062499997 0.798828125 0.040039064062500004
2 1 0.2060546859375 0.986328125 0.2001953140625 0.994140625 0.1962890640625 0.9794921859375 0.177734375 0.9677734359375 0.1875 0.9560546859375 0.185546875 0.943359375 0.2001953140625 0.943359375 0.2119140640625 0.958984375 0.2314453140625 0.951171875 0.2880859359375 0.958984375 0.2919921859375 1 0.2626953140625 1 0.2060546859375