2 0.01953125 0.2197265640625 0.010742185937499999 0.212890625 0 0.2138671859375 0.001953125 0.3154296859375 0.00390625 0.2783203140625 0.015625 0.2724609359375 0.021484375 0.2333984359375 0.01953125 0.2197265640625
2 0.034179685937499996 0.41015625 0.029296875 0.3994140640625 0.0546875 0.3740234359375 0.0546875 0.3642578140625 0.034179685937499996 0.349609375 0.018554685937500003 0.359375 0.0009765640625 0.34765625 0 0.4521484359375 0.046875 0.4580078140625 0.044921875 0.4365234359375 0.056640625 0.4267578140625 0.05859375 0.4150390640625 0.034179685937499996 0.41015625
2 0.09277343593750001 0.4765625 0.07910156406249999 0.48046875 0.044921875 0.5166015640625 0.043945314062500004 0.529296875 0.0703125 0.5400390640625 0.08984375 0.5224609359375 0.083984375 0.5029296859375 0.095703125 0.4892578140625 0.09277343593750001 0.4765625
2 0.240234375 0.9365234359375 0.248046875 0.8974609359375 0.2451171859375 0.890625 0.2333984359375 0.89453125 0.2236328140625 0.873046875 0.2001953140625 0.88671875 0.1708984359375 0.8671875 0.166015625 0.8740234359375 0.171875 0.9013671859375 0.1953125 0.9482421859375 0.193359375 0.9990234359375 0.208984375 0.9990234359375 0.2177734359375 0.9921875 0.2333984359375 0.9921875 0.251953125 0.9716796859375 0.240234375 0.9365234359375
2 0.205078125 0.7841796859375 0.181640625 0.7724609359375 0.17578125 0.7392578140625 0.177734375 0.7275390640625 0.1884765640625 0.724609375 0.19921875 0.7099609359375 0.197265625 0.6865234359375 0.1689453140625 0.6796875 0.162109375 0.6728515640625 0.158203125 0.6435546859375 0.1318359359375 0.61328125 0.11816406406249999 0.611328125 0.119140625 0.6416015640625 0.078125 0.6787109359375 0.087890625 0.6923828140625 0.080078125 0.7099609359375 0.103515625 0.7255859359375 0.109375 0.7431640640625 0.123046875 0.7548828140625 0.134765625 0.8134765640625 0.1494140640625 0.83203125 0.173828125 0.8447265640625 0.1982421859375 0.84375 0.20703125 0.8310546859375 0.193359375 0.7998046859375 0.205078125 0.7841796859375
2 0.6220703140625 0.904296875 0.6005859359375 0.900390625 0.591796875 0.8779296859375 0.5849609359375 0.876953125 0.58203125 0.9033203140625 0.5390625 0.9228515640625 0.537109375 0.9501953140625 0.5498046859375 0.966796875 0.564453125 0.9716796859375 0.5673828140625 1 0.640625 0.9990234359375 0.6171875 0.9755859359375 0.6328125 0.9482421859375 0.638671875 0.8994140640625 0.6220703140625 0.904296875
2 0.5390625 0.7958984359375 0.529296875 0.7861328140625 0.5390625 0.7568359359375 0.55859375 0.7373046859375 0.5390625 0.7001953140625 0.54296875 0.6572265640625 0.5361328140625 0.650390625 0.515625 0.6494140640625 0.509765625 0.6259765640625 0.4951171859375 0.60546875 0.4873046859375 0.60546875 0.4775390640625 0.623046875 0.4619140640625 0.6015625 0.4296875 0.6123046859375 0.431640625 0.6298828140625 0.421875 0.6630859359375 0.4345703140625 0.673828125 0.4482421859375 0.646484375 0.48046875 0.6455078140625 0.484375 0.6728515640625 0.466796875 0.6865234359375 0.46484375 0.7041015640625 0.4736328140625 0.71875 0.490234375 0.7275390640625 0.49609375 0.7470703140625 0.4921875 0.7666015640625 0.4677734359375 0.775390625 0.46484375 0.7841796859375 0.48828125 0.7958984359375 0.484375 0.8564453140625 0.4951171859375 0.861328125 0.5068359359375 0.849609375 0.51171875 0.8642578140625 0.521484375 0.8662109359375 0.552734375 0.8369140640625 0.552734375 0.8232421859375 0.5390625 0.8134765640625 0.5390625 0.7958984359375
2 0.2548828140625 0 0.26953125 0.0615234359375 0.267578125 0.07714843593750001 0.28515625 0.10449218593750001 0.2763671859375 0.119140625 0.2548828140625 0.111328125 0.251953125 0.12402343593750001 0.26953125 0.1474609359375 0.267578125 0.1787109359375 0.294921875 0.2080078140625 0.30078125 0.2373046859375 0.3125 0.2431640640625 0.318359375 0.2353515640625 0.318359375 0.2099609359375 0.341796875 0.1748046859375 0.33203125 0.0615234359375 0.3212890640625 0.05859375 0.3056640640625 0.07421875 0.2998046859375 0.0625 0.2939453140625 0.072265625 0.287109375 0.0615234359375 0.291015625 0.032226564062500004 0.28515625 0.0126953140625 0.2939453140625 0.00390625 0.2998046859375 0.01171875 0.3115234359375 0.0078125 0.3115234359375 0 0.2548828140625 0
2 0.39453125 0.3720703140625 0.39453125 0.3623046859375 0.40625 0.3486328140625 0.400390625 0.3271484359375 0.419921875 0.3154296859375 0.40625 0.2880859359375 0.4140625 0.2470703140625 0.4033203140625 0.240234375 0.3837890640625 0.259765625 0.3681640640625 0.24609375 0.3486328140625 0.263671875 0.3310546859375 0.24609375 0.330078125 0.2744140640625 0.341796875 0.2978515640625 0.337890625 0.3251953140625 0.34765625 0.3466796859375 0.345703125 0.3564453140625 0.330078125 0.3642578140625 0.341796875 0.4091796859375 0.3544921859375 0.421875 0.3681640640625 0.419921875 0.3984375 0.4443359359375 0.40625 0.4345703140625 0.3984375 0.3974609359375 0.412109375 0.3837890640625 0.39453125 0.3720703140625
2 0.4228515640625 0.52734375 0.44140625 0.5361328140625 0.4453125 0.5048828140625 0.4306640640625 0.49609375 0.416015625 0.5146484359375 0.4228515640625 0.52734375
2 0.9462890640625 0.958984375 0.9345703140625 0.9375 0.921875 0.9384765640625 0.923828125 0.9853515640625 0.9169921859375 1 0.994140625 0.9990234359375 0.9892578140625 0.9609375 0.9716796859375 0.966796875 0.9638671859375 0.955078125 0.9462890640625 0.958984375
2 0.822265625 0.6357421859375 0.84765625 0.6162109359375 0.84375 0.5966796859375 0.8134765640625 0.572265625 0.8046875 0.5771484359375 0.802734375 0.5888671859375 0.802734375 0.6220703140625 0.810546875 0.6376953140625 0.78515625 0.6513671859375 0.78515625 0.6591796859375 0.8046875 0.6728515640625 0.8046875 0.7080078140625 0.8173828140625 0.689453125 0.83203125 0.6904296859375 0.8203125 0.6533203140625 0.822265625 0.6357421859375
2 0.9033203140625 0.87890625 0.9130859359375 0.8671875 0.9248046859375 0.869140625 0.9296875 0.8623046859375 0.916015625 0.8447265640625 0.921875 0.8251953140625 0.912109375 0.8232421859375 0.9140625 0.7900390640625 0.908203125 0.7841796859375 0.916015625 0.7685546859375 0.87890625 0.7509765640625 0.876953125 0.7392578140625 0.859375 0.7177734359375 0.861328125 0.6884765640625 0.8544921859375 0.685546875 0.83984375 0.7001953140625 0.83984375 0.7529296859375 0.822265625 0.7822265640625 0.8369140640625 0.7890625 0.89453125 0.8544921859375 0.8955078140625 0.875 0.88671875 0.8720703140625 0.8740234359375 0.8515625 0.85546875 0.8701171859375 0.865234375 0.8876953140625 0.861328125 0.9208984359375 0.8671875 0.9208984359375 0.876953125 0.9033203140625 0.890625 0.8974609359375 0.8935546859375 0.87890625 0.9033203140625 0.87890625
2 0.767578125 0.1943359359375 0.7734375 0.1962890640625 0.78125 0.10644531406249999 0.7685546859375 0.080078125 0.765625 0.1572265640625 0.767578125 0.1943359359375
2 0.7236328140625 0.181640625 0.71875 0.1708984359375 0.72265625 0.12402343593750001 0.7177734359375 0.119140625 0.6962890640625 0.12109375 0.6787109359375 0.111328125 0.671875 0.1279296859375 0.6796875 0.1435546859375 0.6640625 0.1533203140625 0.65234375 0.1806640640625 0.6767578140625 0.177734375 0.68359375 0.2138671859375 0.7080078140625 0.21484375 0.7265625 0.2373046859375 0.73828125 0.2216796859375 0.73828125 0.2001953140625 0.736328125 0.1845703140625 0.7236328140625 0.181640625