2 0.06640625 0.9990234359375 0.11328125 0.9990234359375 0.103515625 0.9775390640625 0.115234375 0.9521484359375 0.10253906406249999 0.947265625 0.06640625 0.9990234359375
2 0 0.7919921859375 0.008789064062500001 0.78515625 0.033203125 0.7919921859375 0.052734375 0.7763671859375 0.052734375 0.7607421859375 0.0625 0.7509765640625 0.0625 0.7177734359375 0.0703125 0.7060546859375 0.0703125 0.6923828140625 0.0517578140625 0.6875 0.038085935937499996 0.666015625 0.013671875 0.6728515640625 0.015625 0.7236328140625 0 0.7451171859375 0 0.7919921859375
2 0.3427734359375 0.61328125 0.3173828140625 0.615234375 0.2919921859375 0.607421875 0.28515625 0.6123046859375 0.283203125 0.6279296859375 0.2890625 0.6435546859375 0.271484375 0.6435546859375 0.283203125 0.6669921859375 0.28125 0.6865234359375 0.30859375 0.7236328140625 0.314453125 0.7470703140625 0.326171875 0.7470703140625 0.33203125 0.7197265640625 0.353515625 0.7001953140625 0.349609375 0.6259765640625 0.3427734359375 0.61328125
2 0.06738281406249999 0.841796875 0.041992185937499996 0.84375 0.033203125 0.8232421859375 0.018554685937500003 0.8203125 0.0009765640625 0.796875 0 0.9228515640625 0.0068359359375 0.9375 0.013671875 0.9189453140625 0.018554685937500003 0.95703125 0.05078125 0.9638671859375 0.0390625 0.9814453140625 0.04296875 0.9853515640625 0.091796875 0.9130859359375 0.080078125 0.9033203140625 0.080078125 0.8544921859375 0.06738281406249999 0.841796875
2 0.41015625 0.8798828140625 0.408203125 0.8525390640625 0.43359375 0.8330078140625 0.421875 0.8037109359375 0.423828125 0.7763671859375 0.4208984359375 0.771484375 0.4052734359375 0.775390625 0.3994140640625 0.767578125 0.3759765640625 0.76953125 0.3662109359375 0.779296875 0.3486328140625 0.771484375 0.34375 0.7841796859375 0.35546875 0.8115234359375 0.3515625 0.8291015640625 0.365234375 0.8603515640625 0.359375 0.8876953140625 0.349609375 0.9013671859375 0.3935546859375 0.943359375 0.404296875 0.9443359359375 0.41796875 0.9345703140625 0.412109375 0.9013671859375 0.419921875 0.8916015640625 0.41015625 0.8798828140625
2 0.212890625 0.3955078140625 0.21484375 0.3779296859375 0.23046875 0.3623046859375 0.2109375 0.3466796859375 0.21484375 0.3232421859375 0.205078125 0.3017578140625 0.20703125 0.2666015640625 0.19140625 0.2412109359375 0.197265625 0.2080078140625 0.1904296859375 0.205078125 0.1689453140625 0.216796875 0.1611328140625 0.208984375 0.1416015640625 0.212890625 0.134765625 0.2060546859375 0.1328125 0.1884765640625 0.140625 0.1689453140625 0.126953125 0.1318359359375 0.138671875 0.11230468593750001 0.140625 0.09277343593750001 0.1337890640625 0.0859375 0.087890625 0.08105468593750001 0.107421875 0.045898435937499996 0.10546875 0.032226564062500004 0.09375 0.022460935937500003 0.091796875 0.0029296859375 0.0009765640625 0 0 0.10644531406249999 0.010742185937499999 0.095703125 0.0234375 0.11230468593750001 0.0009765640625 0.12109375 0 0.1357421859375 0.022460935937500003 0.158203125 0.045898435937499996 0.146484375 0.049804685937499996 0.1796875 0.08496093593750001 0.205078125 0.11035156406249999 0.203125 0.115234375 0.2080078140625 0.107421875 0.2529296859375 0.12109375 0.2744140640625 0.12109375 0.2880859359375 0.1376953140625 0.291015625 0.146484375 0.3017578140625 0.140625 0.3173828140625 0.1259765640625 0.3203125 0.119140625 0.3291015640625 0.126953125 0.3564453140625 0.1435546859375 0.390625 0.1552734359375 0.390625 0.1728515640625 0.40625 0.189453125 0.4091796859375 0.189453125 0.4658203140625 0.201171875 0.4716796859375 0.234375 0.4677734359375 0.228515625 0.4365234359375 0.236328125 0.4189453140625 0.212890625 0.3955078140625
2 0.6943359359375 0.658203125 0.6728515640625 0.654296875 0.654296875 0.6884765640625 0.671875 0.6923828140625 0.671875 0.7158203140625 0.69140625 0.7294921859375 0.705078125 0.7255859359375 0.697265625 0.7001953140625 0.71484375 0.6748046859375 0.6943359359375 0.658203125
2 0.515625 0.1572265640625 0.517578125 0.1259765640625 0.5126953140625 0.12109375 0.478515625 0.12402343593750001 0.484375 0.1650390640625 0.462890625 0.1884765640625 0.470703125 0.2138671859375 0.490234375 0.2333984359375 0.505859375 0.2001953140625 0.494140625 0.1669921859375 0.5087890640625 0.166015625 0.515625 0.1572265640625
2 0.486328125 0.06542968593750001 0.466796875 0.0537109359375 0.466796875 0.0283203140625 0.451171875 0.0009765640625 0.4365234359375 0 0.443359375 0.0537109359375 0.4267578140625 0.0625 0.421875 0.07519531406249999 0.4306640640625 0.087890625 0.447265625 0.08886718593750001 0.447265625 0.12402343593750001 0.455078125 0.1318359359375 0.46484375 0.12011718593750001 0.466796875 0.09277343593750001 0.486328125 0.08105468593750001 0.486328125 0.06542968593750001
2 0.580078125 0.2392578140625 0.5537109359375 0.232421875 0.5400390640625 0.21484375 0.533203125 0.2236328140625 0.533203125 0.2548828140625 0.51171875 0.2724609359375 0.501953125 0.3212890640625 0.5068359359375 0.326171875 0.5244140640625 0.3203125 0.54296875 0.3251953140625 0.544921875 0.2900390640625 0.5703125 0.2900390640625 0.5703125 0.2548828140625 0.580078125 0.2392578140625
2 1 0.3154296859375 0.9892578140625 0.3125 0.9775390640625 0.294921875 0.96875 0.2998046859375 0.96875 0.3408203140625 0.9501953140625 0.345703125 0.927734375 0.3642578140625 0.9375 0.4091796859375 0.935546875 0.4365234359375 0.953125 0.4404296859375 0.966796875 0.4931640640625 0.97265625 0.4931640640625 1 0.4521484359375 0.994140625 0.4365234359375 1 0.4169921859375 1 0.3154296859375
2 0.931640625 0.2158203140625 0.92578125 0.1865234359375 0.9658203140625 0.177734375 0.974609375 0.1552734359375 0.943359375 0.1298828140625 0.939453125 0.10644531406249999 0.953125 0.09277343593750001 0.9326171859375 0.0859375 0.9091796859375 0.091796875 0.904296875 0.07128906406249999 0.876953125 0.049804685937499996 0.87109375 0.0009765640625 0.8603515640625 0 0.84765625 0.041992185937499996 0.82421875 0.0615234359375 0.830078125 0.11035156406249999 0.8427734359375 0.11328125 0.845703125 0.1259765640625 0.8583984359375 0.126953125 0.87109375 0.1416015640625 0.869140625 0.1533203140625 0.880859375 0.1748046859375 0.8671875 0.1884765640625 0.8671875 0.2021484359375 0.8828125 0.2099609359375 0.888671875 0.2470703140625 0.916015625 0.2607421859375 0.92578125 0.2978515640625 0.9375 0.3037109359375 0.94140625 0.2568359359375 0.953125 0.2412109359375 0.955078125 0.2216796859375 0.931640625 0.2158203140625
2 0.2861328140625 0.49609375 0.267578125 0.4990234359375 0.27734375 0.5224609359375 0.2734375 0.5419921859375 0.291015625 0.5712890640625 0.3046875 0.5224609359375 0.296875 0.5126953140625 0.2939453140625 0.48828125 0.2861328140625 0.49609375