2 0.423828125 0.9501953140625 0.4375 0.9833984359375 0.453125 0.9873046859375 0.46875 0.9619140640625 0.470703125 0.9482421859375 0.4638671859375 0.93359375 0.423828125 0.9501953140625
2 0.3017578140625 0.6640625 0.3330078140625 0.681640625 0.34375 0.6806640640625 0.345703125 0.6552734359375 0.3349609359375 0.6328125 0.294921875 0.6435546859375 0.3017578140625 0.6640625
2 0.33984375 0.7197265640625 0.345703125 0.7333984359375 0.359375 0.7412109359375 0.361328125 0.7607421859375 0.373046875 0.7646484359375 0.392578125 0.7431640640625 0.3798828140625 0.685546875 0.3681640640625 0.6875 0.33984375 0.7197265640625
2 0.2958984359375 0.556640625 0.28125 0.5576171859375 0.27734375 0.6064453140625 0.287109375 0.6103515640625 0.326171875 0.5830078140625 0.3271484359375 0.513671875 0.294921875 0.5439453140625 0.2958984359375 0.556640625
2 0.3095703140625 0.44140625 0.2939453140625 0.451171875 0.2724609359375 0.447265625 0.265625 0.4541015640625 0.275390625 0.4892578140625 0.2724609359375 0.49609375 0.2568359359375 0.498046875 0.25390625 0.5068359359375 0.2724609359375 0.53125 0.28515625 0.5322265640625 0.296875 0.5283203140625 0.30859375 0.5009765640625 0.314453125 0.4599609359375 0.3095703140625 0.44140625
2 0.2119140640625 0.236328125 0.1962890640625 0.248046875 0.1748046859375 0.2421875 0.173828125 0.3037109359375 0.22265625 0.3134765640625 0.234375 0.2861328140625 0.234375 0.2529296859375 0.2197265640625 0.25390625 0.2119140640625 0.236328125
2 0.359375 0.7958984359375 0.36328125 0.8408203140625 0.3759765640625 0.849609375 0.3896484359375 0.830078125 0.404296875 0.8466796859375 0.41015625 0.8681640640625 0.4208984359375 0.876953125 0.43359375 0.8759765640625 0.4375 0.8115234359375 0.4013671859375 0.8046875 0.3701171859375 0.775390625 0.359375 0.7958984359375
2 0.166015625 0.1708984359375 0.162109375 0.11816406406249999 0.1572265640625 0.111328125 0.146484375 0.11230468593750001 0.142578125 0.07519531406249999 0.1376953140625 0.06640625 0.1298828140625 0.06640625 0.119140625 0.08300781406249999 0.1171875 0.10058593593750001 0.09863281406249999 0.1015625 0.09375 0.11035156406249999 0.11328125 0.1884765640625 0.12402343593750001 0.19921875 0.1396484359375 0.197265625 0.1591796859375 0.21875 0.197265625 0.2177734359375 0.205078125 0.2080078140625 0.205078125 0.1923828140625 0.1884765640625 0.17578125 0.166015625 0.1708984359375
2 0.7314453140625 0.640625 0.7236328140625 0.640625 0.7001953140625 0.66796875 0.673828125 0.6787109359375 0.6806640640625 0.6953125 0.701171875 0.7041015640625 0.70703125 0.7216796859375 0.732421875 0.7021484359375 0.7265625 0.6865234359375 0.736328125 0.6533203140625 0.7314453140625 0.640625
2 0.6103515640625 0.208984375 0.5869140640625 0.228515625 0.5654296859375 0.208984375 0.556640625 0.2138671859375 0.560546875 0.2548828140625 0.5546875 0.2783203140625 0.56640625 0.2880859359375 0.56640625 0.3134765640625 0.583984375 0.3251953140625 0.595703125 0.3076171859375 0.58984375 0.2822265640625 0.611328125 0.2451171859375 0.6103515640625 0.208984375
2 0.4814453140625 0 0.478515625 0.018554685937500003 0.490234375 0.041992185937499996 0.482421875 0.0537109359375 0.482421875 0.06933593593750001 0.501953125 0.11425781406249999 0.5126953140625 0.12109375 0.544921875 0.12011718593750001 0.560546875 0.09082031406249999 0.5390625 0.07128906406249999 0.52734375 0.0009765640625 0.4814453140625 0
2 0.759765625 0.8486328140625 0.763671875 0.8173828140625 0.7421875 0.7978515640625 0.744140625 0.7685546859375 0.7236328140625 0.771484375 0.7119140640625 0.765625 0.716796875 0.8349609359375 0.7255859359375 0.849609375 0.75 0.8544921859375 0.740234375 0.8818359359375 0.765625 0.9091796859375 0.783203125 0.9599609359375 0.78515625 0.9990234359375 0.802734375 0.9990234359375 0.826171875 0.9306640640625 0.783203125 0.9033203140625 0.78125 0.8681640640625 0.759765625 0.8486328140625
2 0.7021484359375 0.51953125 0.671875 0.5146484359375 0.67578125 0.4814453140625 0.662109375 0.4580078140625 0.654296875 0.3974609359375 0.6474609359375 0.392578125 0.6318359359375 0.40625 0.6142578140625 0.38671875 0.607421875 0.4189453140625 0.6171875 0.4404296859375 0.6171875 0.4599609359375 0.603515625 0.4990234359375 0.626953125 0.5029296859375 0.638671875 0.5205078140625 0.6328125 0.5361328140625 0.63671875 0.5634765640625 0.6533203140625 0.591796875 0.66796875 0.5927734359375 0.6845703140625 0.576171875 0.7060546859375 0.57421875 0.71484375 0.5517578140625 0.7021484359375 0.51953125
2 0.896484375 0.3935546859375 0.9013671859375 0.40234375 0.931640625 0.4052734359375 0.94140625 0.3623046859375 0.9384765640625 0.337890625 0.908203125 0.3642578140625 0.896484375 0.3935546859375
2 0.8701171859375 0.09375 0.830078125 0.1318359359375 0.83203125 0.1533203140625 0.84765625 0.1572265640625 0.8740234359375 0.154296875 0.890625 0.1298828140625 0.888671875 0.11230468593750001 0.8701171859375 0.09375
2 0.8076171859375 0 0.798828125 0.034179685937499996 0.818359375 0.045898435937499996 0.8369140640625 0.07421875 0.84765625 0.07519531406249999 0.8671875 0.0576171859375 0.865234375 0.045898435937499996 0.841796875 0.032226564062500004 0.8349609359375 0 0.8076171859375 0
2 0.974609375 0.5849609359375 0.98046875 0.6376953140625 0.986328125 0.6435546859375 0.98046875 0.6708984359375 0.990234375 0.6787109359375 1 0.6748046859375 0.9990234359375 0.52734375 0.986328125 0.5400390640625 0.974609375 0.5849609359375
2 0.9814453140625 0.48046875 0.9619140640625 0.498046875 0.9404296859375 0.486328125 0.923828125 0.4912109359375 0.93359375 0.5205078140625 0.947265625 0.5361328140625 0.9453125 0.5576171859375 0.9609375 0.5595703140625 0.9716796859375 0.55859375 0.9765625 0.5478515640625 0.986328125 0.4990234359375 0.9814453140625 0.48046875
2 0.9111328140625 0.22265625 0.89453125 0.2236328140625 0.888671875 0.1962890640625 0.8798828140625 0.19140625 0.85546875 0.2197265640625 0.8515625 0.2685546859375 0.8798828140625 0.28515625 0.916015625 0.2841796859375 0.935546875 0.2666015640625 0.935546875 0.2529296859375 0.91796875 0.2490234359375 0.9111328140625 0.22265625