2 0.016601564062499997 0.029296875 0 0.0263671859375 0.001953125 0.038085935937499996 0.016601564062499997 0.052734375 0.034179685937499996 0.0546875 0.043945314062500004 0.068359375 0.056640625 0.06933593593750001 0.05859375 0.047851564062500004 0.0390625 0.032226564062500004 0.032226564062500004 0.0078125 0.016601564062499997 0.029296875
2 0.08496093593750001 0.2421875 0.080078125 0.2470703140625 0.083984375 0.2685546859375 0.10644531406249999 0.27734375 0.12109375 0.3056640640625 0.103515625 0.3232421859375 0.11035156406249999 0.328125 0.1279296859375 0.32421875 0.142578125 0.3369140640625 0.1484375 0.3095703140625 0.1328125 0.2666015640625 0.09863281406249999 0.2421875 0.08496093593750001 0.2421875
2 0.220703125 0.3115234359375 0.2158203140625 0.306640625 0.203125 0.3095703140625 0.18359375 0.3564453140625 0.18359375 0.3759765640625 0.169921875 0.3876953140625 0.173828125 0.4013671859375 0.19140625 0.4091796859375 0.19921875 0.4013671859375 0.201171875 0.3564453140625 0.21875 0.3505859359375 0.220703125 0.3115234359375
2 0.2861328140625 0.6015625 0.27734375 0.6142578140625 0.27734375 0.6513671859375 0.255859375 0.6572265640625 0.255859375 0.6669921859375 0.287109375 0.6904296859375 0.3046875 0.6826171859375 0.294921875 0.6416015640625 0.2939453140625 0.6015625 0.2861328140625 0.6015625
2 0.3349609359375 0.79296875 0.30859375 0.7861328140625 0.314453125 0.7626953140625 0.3076171859375 0.75390625 0.2900390640625 0.783203125 0.25390625 0.7861328140625 0.2646484359375 0.802734375 0.2802734359375 0.8046875 0.28515625 0.8193359359375 0.3046875 0.8310546859375 0.3076171859375 0.818359375 0.3251953140625 0.814453125 0.337890625 0.8017578140625 0.3349609359375 0.79296875
2 0.4111328140625 0.96875 0.390625 0.9638671859375 0.408203125 0.9228515640625 0.3896484359375 0.92578125 0.3759765640625 0.91015625 0.333984375 0.9228515640625 0.345703125 0.9736328140625 0.3603515640625 0.99609375 0.37109375 0.9970703140625 0.3818359359375 0.986328125 0.4033203140625 0.98828125 0.4140625 0.9755859359375 0.4111328140625 0.96875
2 0.3466796859375 0.861328125 0.326171875 0.8798828140625 0.326171875 0.8876953140625 0.3388671859375 0.90625 0.361328125 0.9111328140625 0.369140625 0.8974609359375 0.3671875 0.8701171859375 0.3603515640625 0.861328125 0.3466796859375 0.861328125
2 0.4921875 0.043945314062500004 0.51953125 0.0126953140625 0.5205078140625 0 0.435546875 0.0009765640625 0.44140625 0.024414064062499997 0.4326171859375 0.03515625 0.421875 0.036132814062500004 0.419921875 0.049804685937499996 0.4375 0.0595703140625 0.4375 0.08105468593750001 0.4482421859375 0.08203125 0.455078125 0.09667968593750001 0.46875 0.10449218593750001 0.474609375 0.09082031406249999 0.46484375 0.07324218593750001 0.48828125 0.06347656406249999 0.4921875 0.043945314062500004
2 0.5458984359375 0.25390625 0.5224609359375 0.275390625 0.5087890640625 0.263671875 0.5078125 0.2861328140625 0.5 0.2958984359375 0.515625 0.3134765640625 0.515625 0.3466796859375 0.52734375 0.3486328140625 0.546875 0.3251953140625 0.537109375 0.3017578140625 0.548828125 0.2626953140625 0.5458984359375 0.25390625
2 0.623046875 0.5615234359375 0.62109375 0.6083984359375 0.6298828140625 0.62109375 0.640625 0.6201171859375 0.6484375 0.6025390640625 0.666015625 0.5888671859375 0.6630859359375 0.560546875 0.623046875 0.5615234359375
2 0.662109375 0.7275390640625 0.6650390640625 0.734375 0.67578125 0.7353515640625 0.6796875 0.7041015640625 0.66796875 0.6708984359375 0.6513671859375 0.66015625 0.662109375 0.7275390640625
2 1 0.5810546859375 0.9873046859375 0.583984375 0.986328125 0.5693359359375 0.9794921859375 0.564453125 0.9541015640625 0.58203125 0.953125 0.5908203140625 0.9765625 0.6064453140625 0.984375 0.6240234359375 1 0.5986328140625 1 0.5810546859375
2 0.8515625 0.11230468593750001 0.8515625 0.12402343593750001 0.876953125 0.1416015640625 0.89453125 0.10839843593750001 0.8876953140625 0.09765625 0.8603515640625 0.103515625 0.8515625 0.11230468593750001
2 0.8291015640625 0 0.83203125 0.0302734359375 0.841796875 0.041992185937499996 0.857421875 0.020507814062499997 0.857421875 0.010742185937499999 0.8466796859375 0 0.8291015640625 0
2 0.857421875 0.1982421859375 0.87109375 0.2080078140625 0.876953125 0.1982421859375 0.8740234359375 0.173828125 0.85546875 0.1845703140625 0.857421875 0.1982421859375
2 0.955078125 0.4228515640625 0.96484375 0.4248046859375 0.98046875 0.4130859359375 0.9697265640625 0.3984375 0.94921875 0.4091796859375 0.955078125 0.4228515640625
2 0.2255859359375 0.46484375 0.21484375 0.4619140640625 0.216796875 0.4794921859375 0.205078125 0.5009765640625 0.212890625 0.5087890640625 0.2333984359375 0.49609375 0.244140625 0.4970703140625 0.2353515640625 0.45703125 0.2255859359375 0.46484375