2 0.134765625 0.09863281406249999 0.1396484359375 0.09375 0.1591796859375 0.09765625 0.1640625 0.08105468593750001 0.1591796859375 0.064453125 0.1494140640625 0.07421875 0.14453125 0.07128906406249999 0.1416015640625 0.03125 0.1328125 0.034179685937499996 0.1279296859375 0.05078125 0.1171875 0.0537109359375 0.1328125 0.09082031406249999 0.1259765640625 0.09375 0.103515625 0.07910156406249999 0.115234375 0.09863281406249999 0.103515625 0.11425781406249999 0.103515625 0.1279296859375 0.109375 0.1416015640625 0.12109375 0.1474609359375 0.1318359359375 0.111328125 0.1474609359375 0.123046875 0.15234375 0.12011718593750001 0.134765625 0.09863281406249999
2 0.15625 0.2158203140625 0.15234375 0.2373046859375 0.177734375 0.2431640640625 0.1796875 0.1904296859375 0.1591796859375 0.166015625 0.142578125 0.2080078140625 0.15625 0.2158203140625
2 0.203125 0.2998046859375 0.208984375 0.2841796859375 0.2021484359375 0.275390625 0.1865234359375 0.28125 0.1748046859375 0.263671875 0.1611328140625 0.263671875 0.15625 0.2705078140625 0.16015625 0.2880859359375 0.1875 0.3056640640625 0.173828125 0.3271484359375 0.173828125 0.3447265640625 0.1865234359375 0.36328125 0.20703125 0.3623046859375 0.21875 0.3564453140625 0.21484375 0.3212890640625 0.193359375 0.3056640640625 0.203125 0.2998046859375
2 0.23828125 0.4228515640625 0.26171875 0.4560546859375 0.271484375 0.4248046859375 0.2509765640625 0.3984375 0.240234375 0.4072265640625 0.23828125 0.4228515640625
2 0.259765625 0.4873046859375 0.26171875 0.5048828140625 0.248046875 0.5185546859375 0.275390625 0.5361328140625 0.291015625 0.5166015640625 0.283203125 0.4931640640625 0.2666015640625 0.4765625 0.259765625 0.4873046859375
2 0.28125 0.5595703140625 0.306640625 0.5791015640625 0.3203125 0.5634765640625 0.318359375 0.5322265640625 0.2919921859375 0.52734375 0.28125 0.5595703140625
2 0.08203125 0.6787109359375 0.08203125 0.6982421859375 0.1015625 0.7041015640625 0.1015625 0.6845703140625 0.109375 0.6728515640625 0.08886718593750001 0.66796875 0.08203125 0.6787109359375
2 0.083984375 0.7548828140625 0.091796875 0.7568359359375 0.109375 0.7333984359375 0.11230468593750001 0.716796875 0.083984375 0.7333984359375 0.083984375 0.7548828140625
2 0.10839843593750001 0.80078125 0.115234375 0.7998046859375 0.123046875 0.7783203140625 0.11816406406249999 0.759765625 0.1015625 0.7880859359375 0.10839843593750001 0.80078125
2 0.392578125 0.8037109359375 0.41015625 0.8115234359375 0.421875 0.7880859359375 0.4111328140625 0.7734375 0.3935546859375 0.771484375 0.392578125 0.8037109359375
2 0.423828125 0.8681640640625 0.4296875 0.8427734359375 0.4228515640625 0.82421875 0.412109375 0.8505859359375 0.423828125 0.8681640640625
2 0.181640625 0.9521484359375 0.18359375 0.9697265640625 0.17578125 0.9814453140625 0.1767578140625 1 0.19921875 0.9990234359375 0.216796875 0.9892578140625 0.2060546859375 0.947265625 0.1923828140625 0.955078125 0.181640625 0.9521484359375
2 0.490234375 0.9990234359375 0.513671875 0.9990234359375 0.51953125 0.9755859359375 0.4990234359375 0.9609375 0.490234375 0.9775390640625 0.490234375 0.9990234359375
2 0.51171875 0.1943359359375 0.53515625 0.2060546859375 0.53515625 0.1748046859375 0.5224609359375 0.15234375 0.505859375 0.1748046859375 0.51171875 0.1943359359375
2 0.5595703140625 0.2890625 0.5498046859375 0.275390625 0.548828125 0.2998046859375 0.5390625 0.3056640640625 0.5390625 0.3154296859375 0.55078125 0.3486328140625 0.560546875 0.3505859359375 0.556640625 0.3193359359375 0.576171875 0.3134765640625 0.576171875 0.2802734359375 0.5595703140625 0.2890625
2 0.58984375 0.3603515640625 0.5712890640625 0.3515625 0.56640625 0.3583984359375 0.5703125 0.3935546859375 0.580078125 0.4130859359375 0.5859375 0.4130859359375 0.587890625 0.3955078140625 0.59765625 0.3916015640625 0.59765625 0.3818359359375 0.58984375 0.3603515640625
2 0.62109375 0.4052734359375 0.6103515640625 0.39453125 0.603515625 0.4091796859375 0.607421875 0.4208984359375 0.591796875 0.4287109359375 0.591796875 0.4755859359375 0.6005859359375 0.48828125 0.62890625 0.4951171859375 0.63671875 0.4580078140625 0.6328125 0.4423828140625 0.623046875 0.4384765640625 0.62109375 0.4052734359375
2 0.626953125 0.5009765640625 0.6181640640625 0.498046875 0.609375 0.5068359359375 0.609375 0.5322265640625 0.6181640640625 0.544921875 0.626953125 0.5458984359375 0.640625 0.5380859359375 0.64453125 0.5205078140625 0.6318359359375 0.517578125 0.626953125 0.5009765640625
2 0.6416015640625 0.56640625 0.634765625 0.5849609359375 0.619140625 0.5986328140625 0.6171875 0.6123046859375 0.6240234359375 0.6171875 0.6396484359375 0.6015625 0.6484375 0.6025390640625 0.642578125 0.6494140640625 0.650390625 0.6513671859375 0.67578125 0.6025390640625 0.654296875 0.5849609359375 0.65234375 0.5712890640625 0.6416015640625 0.56640625
2 0.724609375 0.7431640640625 0.720703125 0.7197265640625 0.7138671859375 0.716796875 0.69921875 0.7353515640625 0.697265625 0.7490234359375 0.6865234359375 0.751953125 0.6796875 0.7666015640625 0.6962890640625 0.791015625 0.7041015640625 0.775390625 0.7138671859375 0.7890625 0.724609375 0.7900390640625 0.724609375 0.7724609359375 0.736328125 0.7626953140625 0.736328125 0.7548828140625 0.724609375 0.7431640640625
2 0.734375 0.9013671859375 0.7421875 0.9267578140625 0.75390625 0.9326171859375 0.763671875 0.9013671859375 0.744140625 0.8818359359375 0.7470703140625 0.86328125 0.734375 0.9013671859375
2 0.697265625 0.8935546859375 0.712890625 0.9033203140625 0.7216796859375 0.83984375 0.69921875 0.8564453140625 0.6953125 0.8740234359375 0.697265625 0.8935546859375
2 0.78125 0.9658203140625 0.7666015640625 0.96484375 0.7607421859375 0.9453125 0.74609375 0.9482421859375 0.744140625 0.9599609359375 0.712890625 0.9951171859375 0.7138671859375 1 0.732421875 0.9990234359375 0.7509765640625 0.974609375 0.7685546859375 0.990234375 0.779296875 0.9853515640625 0.78125 0.9658203140625
2 0.806640625 0.0146484359375 0.8193359359375 0.02734375 0.8310546859375 0.015625 0.8369140640625 0.02734375 0.845703125 0.0263671859375 0.859375 0.020507814062499997 0.8505859359375 0 0.806640625 0.0009765640625 0.806640625 0.0146484359375
2 0.90625 0.3134765640625 0.908203125 0.2939453140625 0.8974609359375 0.28125 0.888671875 0.2880859359375 0.88671875 0.3115234359375 0.869140625 0.3251953140625 0.87109375 0.3388671859375 0.876953125 0.3408203140625 0.8896484359375 0.33984375 0.8974609359375 0.330078125 0.9140625 0.3388671859375 0.90625 0.3134765640625
2 0.92578125 0.1962890640625 0.9208984359375 0.185546875 0.8974609359375 0.208984375 0.8896484359375 0.19921875 0.884765625 0.2021484359375 0.8837890640625 0.228515625 0.8701171859375 0.19921875 0.8583984359375 0.201171875 0.8486328140625 0.193359375 0.841796875 0.2001953140625 0.84375 0.2314453140625 0.859375 0.2373046859375 0.857421875 0.2548828140625 0.884765625 0.2724609359375 0.892578125 0.2626953140625 0.892578125 0.2431640640625 0.919921875 0.2333984359375 0.92578125 0.1962890640625
2 0.888671875 0.4130859359375 0.890625 0.4482421859375 0.8828125 0.4560546859375 0.91015625 0.4697265640625 0.92578125 0.4169921859375 0.9111328140625 0.4140625 0.8955078140625 0.400390625 0.888671875 0.4130859359375
2 1 0.6044921859375 0.9853515640625 0.583984375 0.9716796859375 0.583984375 0.9638671859375 0.595703125 0.9443359359375 0.591796875 0.935546875 0.5986328140625 0.9423828140625 0.611328125 0.9560546859375 0.615234375 0.9658203140625 0.626953125 1 0.6396484359375 1 0.6044921859375
2 0.986328125 0.7802734359375 1 0.7998046859375 0.9990234359375 0.72265625 0.98828125 0.7333984359375 0.998046875 0.7587890640625 0.986328125 0.7802734359375
2 1 0.6005859359375 0.9892578140625 0.5859375 0.9775390640625 0.58203125 0.9638671859375 0.59765625 0.9423828140625 0.595703125 0.9375 0.6005859359375 0.9794921859375 0.6328125 1 0.6396484359375 1 0.6005859359375