2 0.2275390640625 0.732421875 0.220703125 0.7373046859375 0.216796875 0.7607421859375 0.1962890640625 0.76953125 0.18359375 0.7880859359375 0.1884765640625 0.802734375 0.2099609359375 0.798828125 0.2158203140625 0.810546875 0.22265625 0.8095703140625 0.232421875 0.7900390640625 0.236328125 0.7548828140625 0.234375 0.7373046859375 0.2275390640625 0.732421875
2 0.1875 0.6416015640625 0.1513671859375 0.634765625 0.146484375 0.6611328140625 0.15234375 0.6904296859375 0.1591796859375 0.693359375 0.1767578140625 0.68359375 0.1865234359375 0.708984375 0.2109375 0.7119140640625 0.21484375 0.6728515640625 0.1923828140625 0.671875 0.1865234359375 0.677734375 0.1875 0.6416015640625
2 0.1259765640625 0.517578125 0.115234375 0.5126953140625 0.115234375 0.4716796859375 0.091796875 0.4599609359375 0.0859375 0.4228515640625 0.072265625 0.4189453140625 0.0703125 0.4052734359375 0.05859375 0.3935546859375 0.0625 0.3818359359375 0.076171875 0.3740234359375 0.07421875 0.3544921859375 0.046875 0.3115234359375 0.0283203140625 0.296875 0.021484375 0.3193359359375 0.029296875 0.3466796859375 0.009765625 0.3544921859375 0.021484375 0.3955078140625 0.015625 0.4248046859375 0.0263671859375 0.43359375 0.044921875 0.4365234359375 0.06640625 0.5009765640625 0.103515625 0.5205078140625 0.09765625 0.5419921859375 0.10546875 0.5595703140625 0.134765625 0.5615234359375 0.150390625 0.5439453140625 0.1484375 0.5205078140625 0.1396484359375 0.5078125 0.1259765640625 0.517578125
2 0.548828125 0.8056640640625 0.55078125 0.8310546859375 0.556640625 0.8232421859375 0.552734375 0.7958984359375 0.5302734359375 0.783203125 0.548828125 0.8056640640625
2 0.42578125 0.3837890640625 0.3916015640625 0.376953125 0.384765625 0.3818359359375 0.384765625 0.4091796859375 0.390625 0.4326171859375 0.400390625 0.4384765640625 0.41796875 0.4169921859375 0.416015625 0.4052734359375 0.42578125 0.3955078140625 0.42578125 0.3837890640625
2 0.5546875 0.7431640640625 0.552734375 0.7333984359375 0.5263671859375 0.705078125 0.51171875 0.7255859359375 0.515625 0.7412109359375 0.5078125 0.7685546859375 0.5 0.7744140640625 0.5068359359375 0.78515625 0.521484375 0.7841796859375 0.529296875 0.7822265640625 0.529296875 0.7646484359375 0.541015625 0.7490234359375 0.5546875 0.7431640640625
2 0.3603515640625 0.26953125 0.3466796859375 0.26953125 0.333984375 0.2841796859375 0.337890625 0.3056640640625 0.361328125 0.3193359359375 0.3759765640625 0.3125 0.396484375 0.2861328140625 0.3720703140625 0.248046875 0.3603515640625 0.26953125
2 0.4189453140625 0.482421875 0.4072265640625 0.455078125 0.40234375 0.4775390640625 0.38671875 0.4892578140625 0.384765625 0.4990234359375 0.4189453140625 0.533203125 0.42578125 0.5322265640625 0.453125 0.5263671859375 0.45703125 0.4970703140625 0.4384765640625 0.474609375 0.4189453140625 0.482421875
2 0.4873046859375 0.568359375 0.46875 0.5791015640625 0.45703125 0.6240234359375 0.447265625 0.6259765640625 0.46484375 0.6435546859375 0.466796875 0.6943359359375 0.4765625 0.7080078140625 0.498046875 0.6728515640625 0.48828125 0.6396484359375 0.5078125 0.5966796859375 0.4873046859375 0.568359375
2 0.767578125 0.5361328140625 0.767578125 0.5166015640625 0.7490234359375 0.5 0.75 0.5283203140625 0.767578125 0.5361328140625
2 0.8408203140625 0.6875 0.8271484359375 0.671875 0.8203125 0.7294921859375 0.8359375 0.7353515640625 0.8408203140625 0.72265625 0.857421875 0.7197265640625 0.86328125 0.6962890640625 0.8408203140625 0.6875
2 0.880859375 0.9560546859375 0.890625 0.9716796859375 0.888671875 0.9990234359375 0.9296875 0.9990234359375 0.9140625 0.9814453140625 0.919921875 0.9580078140625 0.8798828140625 0.9296875 0.880859375 0.9560546859375
2 0.7685546859375 0.54296875 0.767578125 0.5576171859375 0.779296875 0.5712890640625 0.783203125 0.5908203140625 0.779296875 0.6435546859375 0.7880859359375 0.65234375 0.798828125 0.6513671859375 0.802734375 0.5869140640625 0.810546875 0.5693359359375 0.7939453140625 0.55078125 0.7685546859375 0.54296875
2 0.689453125 0.3935546859375 0.7021484359375 0.4140625 0.7197265640625 0.41015625 0.7265625 0.4169921859375 0.732421875 0.4365234359375 0.728515625 0.4599609359375 0.73828125 0.4619140640625 0.73828125 0.3623046859375 0.7177734359375 0.34765625 0.697265625 0.3642578140625 0.689453125 0.3935546859375
2 0.671875 0.3330078140625 0.673828125 0.2919921859375 0.6611328140625 0.283203125 0.658203125 0.3232421859375 0.671875 0.3330078140625
2 0.6181640640625 0 0.615234375 0.0048828140625 0.61328125 0.020507814062499997 0.626953125 0.045898435937499996 0.64453125 0.018554685937500003 0.6455078140625 0 0.6181640640625 0
2 0.630859375 0.1298828140625 0.638671875 0.1513671859375 0.646484375 0.1533203140625 0.65625 0.09472656406249999 0.6220703140625 0.0703125 0.6328125 0.09863281406249999 0.630859375 0.1298828140625
2 0.306640625 0.1767578140625 0.3203125 0.1806640640625 0.326171875 0.1708984359375 0.31640625 0.1533203140625 0.3076171859375 0.150390625 0.306640625 0.1767578140625
2 0.609375 0.8935546859375 0.6171875 0.8720703140625 0.5947265640625 0.859375 0.59375 0.8818359359375 0.609375 0.8935546859375
2 0.6328125 0.9990234359375 0.638671875 0.9736328140625 0.6318359359375 0.96484375 0.623046875 0.9990234359375 0.6328125 0.9990234359375
2 0.255859375 0.8134765640625 0.259765625 0.7919921859375 0.2490234359375 0.787109375 0.248046875 0.8115234359375 0.255859375 0.8134765640625
2 0.2998046859375 0.865234375 0.29296875 0.8818359359375 0.3046875 0.8896484359375 0.2998046859375 0.865234375