2 0.13671875 0.3017578140625 0.1318359359375 0.2890625 0.09765625 0.2744140640625 0.08496093593750001 0.1953125 0.07519531406249999 0.197265625 0.0615234359375 0.21484375 0.049804685937499996 0.20703125 0.04296875 0.2099609359375 0.05078125 0.3154296859375 0.0625 0.3466796859375 0.07421875 0.3544921859375 0.08105468593750001 0.33203125 0.10253906406249999 0.341796875 0.111328125 0.3154296859375 0.13671875 0.3017578140625
2 0.2275390640625 0.642578125 0.2109375 0.6474609359375 0.2099609359375 0.62109375 0.1962890640625 0.638671875 0.171875 0.6259765640625 0.173828125 0.6591796859375 0.16796875 0.6767578140625 0.1787109359375 0.685546875 0.193359375 0.6865234359375 0.2041015640625 0.673828125 0.2216796859375 0.681640625 0.232421875 0.6611328140625 0.2275390640625 0.642578125
2 0.166015625 0.5166015640625 0.1591796859375 0.5078125 0.14453125 0.5146484359375 0.140625 0.4814453140625 0.1337890640625 0.4765625 0.119140625 0.4970703140625 0.119140625 0.5087890640625 0.10644531406249999 0.505859375 0.09765625 0.5166015640625 0.09765625 0.5419921859375 0.12207031406249999 0.580078125 0.1396484359375 0.580078125 0.1552734359375 0.59765625 0.1689453140625 0.59375 0.1875 0.6064453140625 0.203125 0.5947265640625 0.205078125 0.5771484359375 0.171875 0.5595703140625 0.166015625 0.5166015640625
2 0.3046875 0.8916015640625 0.2939453140625 0.919921875 0.27734375 0.9208984359375 0.28125 0.9365234359375 0.2734375 0.9658203140625 0.287109375 0.9677734359375 0.3203125 0.9443359359375 0.328125 0.8955078140625 0.3251953140625 0.876953125 0.3046875 0.8916015640625
2 0.2900390640625 0.828125 0.2763671859375 0.810546875 0.2685546859375 0.810546875 0.263671875 0.8193359359375 0.271484375 0.8564453140625 0.251953125 0.8681640640625 0.2724609359375 0.890625 0.283203125 0.8896484359375 0.302734375 0.8662109359375 0.310546875 0.8330078140625 0.3076171859375 0.8125 0.2900390640625 0.828125
2 0.6025390640625 0.59765625 0.5791015640625 0.62109375 0.5634765640625 0.603515625 0.55078125 0.6044921859375 0.5546875 0.6435546859375 0.546875 0.6630859359375 0.55859375 0.6845703140625 0.580078125 0.6962890640625 0.587890625 0.6845703140625 0.583984375 0.6611328140625 0.6015625 0.6376953140625 0.6025390640625 0.59765625
2 0.6943359359375 0.8984375 0.6728515640625 0.900390625 0.66015625 0.8876953140625 0.666015625 0.8505859359375 0.65234375 0.8330078140625 0.65234375 0.8095703140625 0.642578125 0.7802734359375 0.6376953140625 0.77734375 0.6201171859375 0.7890625 0.6064453140625 0.765625 0.599609375 0.8017578140625 0.611328125 0.8369140640625 0.595703125 0.8642578140625 0.623046875 0.8876953140625 0.62890625 0.8974609359375 0.625 0.9267578140625 0.6318359359375 0.9375 0.64453125 0.9384765640625 0.642578125 0.9599609359375 0.658203125 0.9658203140625 0.6708984359375 0.943359375 0.6943359359375 0.943359375 0.703125 0.9248046859375 0.6943359359375 0.8984375
2 0.53125 0.4833984359375 0.521484375 0.4169921859375 0.525390625 0.3916015640625 0.5205078140625 0.38671875 0.5029296859375 0.39453125 0.4794921859375 0.390625 0.470703125 0.4033203140625 0.48046875 0.4306640640625 0.48046875 0.4560546859375 0.501953125 0.4580078140625 0.4970703140625 0.46875 0.4794921859375 0.46484375 0.47265625 0.4814453140625 0.4873046859375 0.501953125 0.51171875 0.5146484359375 0.5400390640625 0.509765625 0.55078125 0.4951171859375 0.5498046859375 0.484375 0.53125 0.4833984359375
2 0.484375 0.2802734359375 0.462890625 0.2666015640625 0.4609375 0.2431640640625 0.4482421859375 0.228515625 0.4208984359375 0.234375 0.416015625 0.2216796859375 0.4033203140625 0.216796875 0.400390625 0.2373046859375 0.41015625 0.2626953140625 0.400390625 0.2763671859375 0.40234375 0.3017578140625 0.41796875 0.3134765640625 0.4267578140625 0.330078125 0.4375 0.3310546859375 0.4560546859375 0.310546875 0.4736328140625 0.3125 0.48046875 0.3056640640625 0.484375 0.2802734359375
2 0.431640625 0.047851564062500004 0.41796875 0.036132814062500004 0.4130859359375 0 0.4013671859375 0.017578125 0.396484375 0.0029296859375 0.3837890640625 0 0.3701171859375 0.0234375 0.3525390640625 0.005859375 0.341796875 0.0126953140625 0.349609375 0.049804685937499996 0.33984375 0.0576171859375 0.341796875 0.07910156406249999 0.330078125 0.08496093593750001 0.330078125 0.09472656406249999 0.34375 0.11425781406249999 0.341796875 0.1318359359375 0.3544921859375 0.134765625 0.365234375 0.1650390640625 0.37890625 0.1689453140625 0.400390625 0.08496093593750001 0.4248046859375 0.087890625 0.431640625 0.08105468593750001 0.431640625 0.047851564062500004
2 0.7724609359375 0.19921875 0.7548828140625 0.212890625 0.74609375 0.1962890640625 0.736328125 0.1943359359375 0.73046875 0.2373046859375 0.712890625 0.2587890640625 0.7158203140625 0.265625 0.732421875 0.2685546859375 0.7451171859375 0.263671875 0.765625 0.2373046859375 0.7734375 0.2197265640625 0.7724609359375 0.19921875
2 0.6611328140625 0 0.64453125 0.0146484359375 0.646484375 0.0537109359375 0.6640625 0.06542968593750001 0.6640625 0.08886718593750001 0.6845703140625 0.109375 0.693359375 0.11035156406249999 0.728515625 0.07910156406249999 0.736328125 0.047851564062500004 0.716796875 0.0263671859375 0.7177734359375 0 0.6923828140625 0 0.6865234359375 0.01953125 0.6708984359375 0 0.6611328140625 0
2 0.8310546859375 0.50390625 0.814453125 0.5244140640625 0.8193359359375 0.5390625 0.859375 0.5419921859375 0.875 0.5283203140625 0.875 0.5087890640625 0.8583984359375 0.498046875 0.8310546859375 0.50390625
2 0.87890625 0.7548828140625 0.8837890640625 0.763671875 0.91796875 0.7666015640625 0.927734375 0.7275390640625 0.9228515640625 0.70703125 0.890625 0.7177734359375 0.87890625 0.7548828140625
2 0.822265625 0.3857421859375 0.8076171859375 0.373046875 0.791015625 0.3935546859375 0.791015625 0.4130859359375 0.8232421859375 0.4453125 0.845703125 0.4482421859375 0.85546875 0.4423828140625 0.853515625 0.4345703140625 0.826171875 0.4091796859375 0.822265625 0.3857421859375
2 0.8974609359375 0.599609375 0.8818359359375 0.6015625 0.875 0.5791015640625 0.8642578140625 0.57421875 0.841796875 0.6044921859375 0.83984375 0.6376953140625 0.8466796859375 0.6484375 0.888671875 0.6611328140625 0.9072265640625 0.65625 0.921875 0.6298828140625 0.90625 0.6181640640625 0.8974609359375 0.599609375
2 1 0.9814453140625 0.9853515640625 0.982421875 0.982421875 0.9755859359375 0.986328125 0.9228515640625 0.9921875 0.9189453140625 0.984375 0.8935546859375 0.96875 0.8876953140625 0.96875 0.8525390640625 0.9462890640625 0.857421875 0.9326171859375 0.84375 0.9091796859375 0.84375 0.908203125 0.8544921859375 0.931640625 0.9111328140625 0.953125 0.9228515640625 0.970703125 0.9990234359375 1 0.9990234359375 1 0.9814453140625