2 0.1650390640625 0.1796875 0.181640625 0.1806640640625 0.177734375 0.1591796859375 0.1513671859375 0.1484375 0.150390625 0.1689453140625 0.1650390640625 0.1796875
2 0.1748046859375 0.22265625 0.1591796859375 0.220703125 0.1484375 0.2314453140625 0.1513671859375 0.240234375 0.169921875 0.2451171859375 0.177734375 0.2666015640625 0.1875 0.2724609359375 0.20703125 0.2177734359375 0.2001953140625 0.203125 0.1923828140625 0.203125 0.1748046859375 0.22265625
2 0.22265625 0.4189453140625 0.23828125 0.3935546859375 0.2177734359375 0.37890625 0.21484375 0.4111328140625 0.22265625 0.4189453140625
2 0.2822265640625 0.435546875 0.279296875 0.4638671859375 0.2685546859375 0.4765625 0.2470703140625 0.4609375 0.2421875 0.4638671859375 0.2685546859375 0.4921875 0.291015625 0.4931640640625 0.302734375 0.4794921859375 0.29296875 0.4658203140625 0.291015625 0.4423828140625 0.2822265640625 0.435546875
2 0.3310546859375 0.623046875 0.33984375 0.6220703140625 0.34375 0.5947265640625 0.3212890640625 0.59375 0.31640625 0.6044921859375 0.3310546859375 0.623046875
2 0.369140625 0.8349609359375 0.369140625 0.8466796859375 0.384765625 0.8623046859375 0.384765625 0.8896484359375 0.396484375 0.9033203140625 0.40234375 0.8623046859375 0.396484375 0.8291015640625 0.3857421859375 0.818359375 0.369140625 0.8349609359375
2 0.4462890640625 0 0.451171875 0.0302734359375 0.447265625 0.0576171859375 0.4609375 0.09277343593750001 0.47265625 0.09667968593750001 0.4765625 0.08300781406249999 0.462890625 0.040039064062500004 0.46484375 0.0009765640625 0.4462890640625 0
2 0.541015625 0.2900390640625 0.5478515640625 0.30078125 0.556640625 0.3017578140625 0.564453125 0.2607421859375 0.5615234359375 0.24609375 0.552734375 0.2548828140625 0.541015625 0.2900390640625
2 0.6162109359375 0.4375 0.6005859359375 0.439453125 0.5888671859375 0.431640625 0.580078125 0.4384765640625 0.591796875 0.4599609359375 0.583984375 0.4697265640625 0.5966796859375 0.484375 0.609375 0.4833984359375 0.615234375 0.4775390640625 0.611328125 0.4599609359375 0.623046875 0.4462890640625 0.6162109359375 0.4375
2 0.6318359359375 0.560546875 0.64453125 0.5595703140625 0.646484375 0.5458984359375 0.6298828140625 0.5234375 0.62109375 0.5498046859375 0.6318359359375 0.560546875
2 0.7119140640625 0.830078125 0.720703125 0.8291015640625 0.728515625 0.8154296859375 0.7138671859375 0.794921875 0.705078125 0.8193359359375 0.7119140640625 0.830078125
2 0.7421875 0.9189453140625 0.76171875 0.9521484359375 0.76953125 0.9521484359375 0.767578125 0.9228515640625 0.755859375 0.9033203140625 0.7451171859375 0.900390625 0.7421875 0.9189453140625
2 0.9423828140625 0.58984375 0.958984375 0.5927734359375 0.966796875 0.5771484359375 0.9541015640625 0.56640625 0.9375 0.5810546859375 0.9423828140625 0.58984375
2 0.83203125 0.08691406406249999 0.8193359359375 0.078125 0.8125 0.08300781406249999 0.814453125 0.11816406406249999 0.83203125 0.1455078140625 0.84375 0.1513671859375 0.849609375 0.1416015640625 0.845703125 0.11816406406249999 0.833984375 0.10449218593750001 0.83203125 0.08691406406249999
2 0.896484375 0.4384765640625 0.892578125 0.4736328140625 0.904296875 0.4794921859375 0.94140625 0.4736328140625 0.939453125 0.4580078140625 0.9169921859375 0.43359375 0.896484375 0.4384765640625
2 1 0.6806640640625 0.98828125 0.6767578140625 0.984375 0.6416015640625 0.9755859359375 0.63671875 0.96484375 0.6611328140625 0.974609375 0.6787109359375 0.974609375 0.7197265640625 0.98828125 0.7236328140625 1 0.7216796859375 1 0.6806640640625