2 0.650390625 0.6455078140625 0.65625 0.6513671859375 0.673828125 0.6279296859375 0.6708984359375 0.615234375 0.65234375 0.6201171859375 0.650390625 0.6455078140625
2 0.966796875 0.4970703140625 0.96875 0.5107421859375 0.978515625 0.5146484359375 0.9921875 0.4833984359375 0.9873046859375 0.46875 0.978515625 0.4716796859375 0.966796875 0.4970703140625
2 0.462890625 0.1708984359375 0.4716796859375 0.1875 0.484375 0.1865234359375 0.49609375 0.1650390640625 0.4912109359375 0.15625 0.4716796859375 0.15234375 0.462890625 0.1708984359375
2 0.671875 0.7705078140625 0.673828125 0.7978515640625 0.6923828140625 0.818359375 0.69921875 0.8173828140625 0.69921875 0.7939453140625 0.689453125 0.7685546859375 0.6787109359375 0.763671875 0.671875 0.7705078140625
2 0.3466796859375 0.826171875 0.3203125 0.8701171859375 0.3251953140625 0.880859375 0.333984375 0.8798828140625 0.341796875 0.8759765640625 0.357421875 0.8427734359375 0.357421875 0.8330078140625 0.3466796859375 0.826171875
2 0.263671875 0.6611328140625 0.263671875 0.7138671859375 0.2666015640625 0.72265625 0.2734375 0.7216796859375 0.291015625 0.6884765640625 0.27734375 0.6572265640625 0.2705078140625 0.654296875 0.263671875 0.6611328140625
2 0.654296875 0.6904296859375 0.64453125 0.7255859359375 0.64453125 0.7333984359375 0.654296875 0.7373046859375 0.69140625 0.7177734359375 0.6953125 0.7021484359375 0.6865234359375 0.693359375 0.654296875 0.6904296859375
2 0.2392578140625 0.61328125 0.2275390640625 0.595703125 0.220703125 0.6220703140625 0.228515625 0.6572265640625 0.234375 0.6708984359375 0.2421875 0.6728515640625 0.255859375 0.6494140640625 0.2578125 0.6298828140625 0.251953125 0.6162109359375 0.2392578140625 0.61328125
2 0.1875 0.4560546859375 0.1826171859375 0.451171875 0.1591796859375 0.453125 0.166015625 0.4755859359375 0.158203125 0.4931640640625 0.1806640640625 0.51171875 0.1875 0.5107421859375 0.19921875 0.4951171859375 0.201171875 0.4716796859375 0.181640625 0.4638671859375 0.1875 0.4560546859375
2 0.5927734359375 0.46875 0.58203125 0.4814453140625 0.572265625 0.5166015640625 0.578125 0.5400390640625 0.58984375 0.5439453140625 0.60546875 0.5361328140625 0.619140625 0.5029296859375 0.6015625 0.4892578140625 0.5927734359375 0.46875
2 0.1552734359375 0.359375 0.11035156406249999 0.34375 0.10546875 0.3564453140625 0.111328125 0.3857421859375 0.134765625 0.3994140640625 0.1455078140625 0.390625 0.1728515640625 0.39453125 0.17578125 0.3779296859375 0.1552734359375 0.359375
2 0.5380859359375 0.359375 0.5234375 0.3701171859375 0.517578125 0.3896484359375 0.5322265640625 0.4140625 0.55859375 0.4228515640625 0.578125 0.4091796859375 0.578125 0.3896484359375 0.5537109359375 0.361328125 0.5380859359375 0.359375
2 0.078125 0.2197265640625 0.087890625 0.2099609359375 0.078125 0.2021484359375 0.078125 0.1884765640625 0.0859375 0.1787109359375 0.072265625 0.1513671859375 0.0615234359375 0.142578125 0.047851564062500004 0.150390625 0.032226564062500004 0.146484375 0.025390625 0.1826171859375 0.041015625 0.1982421859375 0.048828125 0.2255859359375 0.0615234359375 0.236328125 0.07910156406249999 0.23046875 0.08984375 0.2607421859375 0.103515625 0.2646484359375 0.109375 0.2490234359375 0.10546875 0.2373046859375 0.09082031406249999 0.22265625 0.078125 0.2197265640625
2 0.84375 0.1865234359375 0.8505859359375 0.1953125 0.857421875 0.1943359359375 0.861328125 0.1806640640625 0.8427734359375 0.150390625 0.837890625 0.1630859359375 0.84375 0.1865234359375
2 0.744140625 0.9130859359375 0.75 0.9033203140625 0.7353515640625 0.88671875 0.728515625 0.9072265640625 0.744140625 0.9130859359375
2 0.365234375 0.8955078140625 0.36328125 0.9189453140625 0.3515625 0.9365234359375 0.3525390640625 0.943359375 0.361328125 0.9423828140625 0.38671875 0.9189453140625 0.38671875 0.8994140640625 0.3759765640625 0.890625 0.365234375 0.8955078140625
2 0.0283203140625 0.08984375 0.037109375 0.08886718593750001 0.041015625 0.07714843593750001 0.0146484359375 0.048828125 0.017578125 0.07519531406249999 0.0283203140625 0.08984375