2 0.0703125 0.7724609359375 0.09765625 0.7802734359375 0.099609375 0.7431640640625 0.09472656406249999 0.73828125 0.072265625 0.7587890640625 0.0703125 0.7724609359375
2 0.029296875 0.6962890640625 0.036132814062500004 0.705078125 0.056640625 0.7041015640625 0.076171875 0.6767578140625 0.06542968593750001 0.666015625 0.034179685937499996 0.68359375 0.029296875 0.6962890640625
2 0 0.6083984359375 0.0146484359375 0.62109375 0.04296875 0.6220703140625 0.052734375 0.6083984359375 0.052734375 0.5966796859375 0.02734375 0.5791015640625 0.033203125 0.5498046859375 0.0068359359375 0.54296875 0 0.5478515640625 0 0.6083984359375
2 0.1689453140625 0.9375 0.1533203140625 0.931640625 0.150390625 0.9482421859375 0.1640625 0.9658203140625 0.171875 0.9990234359375 0.205078125 0.9990234359375 0.203125 0.9677734359375 0.185546875 0.9716796859375 0.181640625 0.9326171859375 0.1689453140625 0.9375
2 0.4912109359375 0.78125 0.5 0.7666015640625 0.4892578140625 0.71875 0.4765625 0.7255859359375 0.478515625 0.7509765640625 0.4609375 0.7880859359375 0.458984375 0.8232421859375 0.46875 0.8681640640625 0.4765625 0.8720703140625 0.486328125 0.8310546859375 0.474609375 0.7900390640625 0.4814453140625 0.78125 0.4912109359375 0.78125
2 0.32421875 0.3798828140625 0.3203125 0.3974609359375 0.328125 0.3994140640625 0.35546875 0.3876953140625 0.359375 0.3564453140625 0.3505859359375 0.34765625 0.32421875 0.3798828140625
2 0.408203125 0.5947265640625 0.4169921859375 0.609375 0.451171875 0.6162109359375 0.453125 0.5966796859375 0.4345703140625 0.564453125 0.408203125 0.5751953140625 0.408203125 0.5947265640625
2 0.3935546859375 0.46875 0.34375 0.5185546859375 0.3486328140625 0.533203125 0.37890625 0.5380859359375 0.396484375 0.5322265640625 0.390625 0.5146484359375 0.3984375 0.4794921859375 0.3935546859375 0.46875
2 0.310546875 0.2626953140625 0.30859375 0.2763671859375 0.291015625 0.3017578140625 0.291015625 0.3134765640625 0.3046875 0.3154296859375 0.328125 0.2841796859375 0.330078125 0.2587890640625 0.3232421859375 0.251953125 0.310546875 0.2626953140625
2 0.1865234359375 0 0.185546875 0.022460935937500003 0.1953125 0.045898435937499996 0.2021484359375 0.05078125 0.2119140640625 0.04296875 0.224609375 0.0517578140625 0.228515625 0.10644531406249999 0.251953125 0.11035156406249999 0.255859375 0.09667968593750001 0.240234375 0.034179685937499996 0.2333984359375 0.029296875 0.2236328140625 0.044921875 0.212890625 0.008789064062500001 0.2060546859375 0.009765625 0.2001953140625 0 0.1865234359375 0
2 0.53515625 0.9501953140625 0.548828125 0.9541015640625 0.552734375 0.9501953140625 0.546875 0.9306640640625 0.5380859359375 0.92578125 0.53515625 0.9501953140625
2 0.66015625 0.06933593593750001 0.6767578140625 0.02734375 0.650390625 0.041992185937499996 0.6484375 0.06542968593750001 0.66015625 0.06933593593750001
2 0.673828125 0.2314453140625 0.69921875 0.2529296859375 0.70703125 0.2314453140625 0.6845703140625 0.189453125 0.67578125 0.2001953140625 0.673828125 0.2314453140625
2 0.6904296859375 0.1171875 0.6787109359375 0.1171875 0.642578125 0.1474609359375 0.6474609359375 0.16796875 0.6708984359375 0.166015625 0.6796875 0.1767578140625 0.681640625 0.1611328140625 0.701171875 0.1396484359375 0.701171875 0.1279296859375 0.6904296859375 0.1171875
2 0.7822265640625 0.509765625 0.779296875 0.5263671859375 0.7841796859375 0.53515625 0.794921875 0.5361328140625 0.806640625 0.5283203140625 0.806640625 0.5166015640625 0.7998046859375 0.509765625 0.7822265640625 0.509765625
2 0.849609375 0.7900390640625 0.857421875 0.7919921859375 0.869140625 0.7587890640625 0.8642578140625 0.736328125 0.84765625 0.7490234359375 0.849609375 0.7900390640625
2 0.88671875 0.8564453140625 0.88671875 0.8837890640625 0.89453125 0.8857421859375 0.91015625 0.8486328140625 0.9072265640625 0.841796875 0.880859375 0.8466796859375 0.88671875 0.8564453140625
2 0.73828125 0.3857421859375 0.7431640640625 0.392578125 0.755859375 0.3916015640625 0.76171875 0.3857421859375 0.7578125 0.3740234359375 0.7412109359375 0.361328125 0.73828125 0.3857421859375