2 0.1279296859375 0.6484375 0.13671875 0.6474609359375 0.140625 0.6416015640625 0.1337890640625 0.63671875 0.123046875 0.6416015640625 0.1279296859375 0.6484375
2 0.52734375 0.8623046859375 0.533203125 0.8544921859375 0.5302734359375 0.841796875 0.515625 0.8564453140625 0.52734375 0.8623046859375
2 0.892578125 0.09472656406249999 0.900390625 0.07714843593750001 0.8876953140625 0.0703125 0.8828125 0.09277343593750001 0.892578125 0.09472656406249999
2 0.3115234359375 0.15625 0.29296875 0.1689453140625 0.306640625 0.1884765640625 0.3115234359375 0.15625
2 0.544921875 0.9599609359375 0.55078125 0.9365234359375 0.5361328140625 0.9296875 0.533203125 0.9482421859375 0.544921875 0.9599609359375
2 0.08691406406249999 0.560546875 0.09375 0.5595703140625 0.109375 0.5517578140625 0.10058593593750001 0.53125 0.08203125 0.5498046859375 0.08691406406249999 0.560546875
2 0.4296875 0.5322265640625 0.439453125 0.5224609359375 0.4248046859375 0.494140625 0.416015625 0.5283203140625 0.4296875 0.5322265640625
2 0.2607421859375 0.046875 0.2783203140625 0.046875 0.279296875 0.0595703140625 0.28515625 0.0615234359375 0.294921875 0.045898435937499996 0.2900390640625 0.03125 0.2578125 0.038085935937499996 0.2607421859375 0.046875
2 0.671875 0.3037109359375 0.6875 0.3193359359375 0.69140625 0.2744140640625 0.6826171859375 0.265625 0.671875 0.2861328140625 0.671875 0.3037109359375
2 0.8359375 0.8994140640625 0.83984375 0.9306640640625 0.849609375 0.9443359359375 0.857421875 0.9228515640625 0.8544921859375 0.890625 0.8447265640625 0.890625 0.8359375 0.8994140640625
2 0.720703125 0.5400390640625 0.720703125 0.5712890640625 0.732421875 0.5751953140625 0.744140625 0.5537109359375 0.744140625 0.5400390640625 0.7294921859375 0.5234375 0.720703125 0.5400390640625
2 0.6953125 0.4853515640625 0.697265625 0.4990234359375 0.708984375 0.5029296859375 0.71875 0.4931640640625 0.7138671859375 0.447265625 0.701171875 0.4580078140625 0.6953125 0.4853515640625
2 1 0.3505859359375 0.9892578140625 0.34375 0.947265625 0.3427734359375 0.953125 0.3564453140625 0.9658203140625 0.365234375 1 0.3681640640625 1 0.3505859359375
2 0.1494140640625 0.693359375 0.1328125 0.7060546859375 0.142578125 0.7646484359375 0.15234375 0.7744140640625 0.16015625 0.7607421859375 0.162109375 0.7353515640625 0.15625 0.7314453140625 0.1494140640625 0.693359375
2 0.8212890640625 0.80859375 0.814453125 0.8154296859375 0.81640625 0.8291015640625 0.8388671859375 0.859375 0.85546875 0.8642578140625 0.859375 0.8466796859375 0.853515625 0.8330078140625 0.8330078140625 0.810546875 0.8212890640625 0.80859375
2 0.7802734359375 0.623046875 0.7685546859375 0.626953125 0.7578125 0.6435546859375 0.7578125 0.6669921859375 0.763671875 0.6728515640625 0.763671875 0.6943359359375 0.78125 0.7197265640625 0.78515625 0.7587890640625 0.7919921859375 0.767578125 0.798828125 0.7666015640625 0.8046875 0.7607421859375 0.7890625 0.6845703140625 0.791015625 0.6279296859375 0.7802734359375 0.623046875