2 0.2578125 0.9794921859375 0.28125 0.9990234359375 0.283203125 0.9736328140625 0.2763671859375 0.962890625 0.2626953140625 0.9609375 0.2578125 0.9794921859375
2 0.08300781406249999 0.5234375 0.083984375 0.5595703140625 0.10546875 0.5615234359375 0.111328125 0.5537109359375 0.107421875 0.5263671859375 0.09472656406249999 0.53125 0.08300781406249999 0.5234375
2 0.181640625 0.8037109359375 0.177734375 0.8193359359375 0.203125 0.8525390640625 0.208984375 0.8291015640625 0.205078125 0.7998046859375 0.1923828140625 0.79296875 0.181640625 0.8037109359375
2 0.040039064062500004 0.357421875 0.03515625 0.3603515640625 0.03515625 0.4189453140625 0.0546875 0.4345703140625 0.07421875 0.4228515640625 0.076171875 0.3994140640625 0.05078125 0.3603515640625 0.040039064062500004 0.357421875
2 0.1923828140625 0.880859375 0.181640625 0.8935546859375 0.18359375 0.9033203140625 0.19921875 0.9345703140625 0.21484375 0.9404296859375 0.240234375 0.9208984359375 0.23828125 0.9052734359375 0.2177734359375 0.8828125 0.1923828140625 0.880859375
2 0.1728515640625 0.671875 0.154296875 0.6962890640625 0.15625 0.7177734359375 0.140625 0.7177734359375 0.138671875 0.7548828140625 0.1474609359375 0.767578125 0.15625 0.7666015640625 0.18359375 0.7568359359375 0.173828125 0.7236328140625 0.193359375 0.7021484359375 0.1728515640625 0.671875
2 0.07421875 0.5498046859375 0.0625 0.5458984359375 0.0625 0.5263671859375 0.06933593593750001 0.515625 0.08203125 0.5224609359375 0.08203125 0.4951171859375 0.08984375 0.4775390640625 0.07714843593750001 0.458984375 0.0576171859375 0.4609375 0.034179685937499996 0.4375 0.029296875 0.4423828140625 0.0302734359375 0.46875 0.018554685937500003 0.466796875 0.008789064062500001 0.453125 0.001953125 0.4560546859375 0.017578125 0.4794921859375 0.017578125 0.5205078140625 0.024414064062499997 0.525390625 0.034179685937499996 0.513671875 0.046875 0.5185546859375 0.045898435937499996 0.53125 0.01953125 0.5322265640625 0.03125 0.5498046859375 0.0234375 0.5849609359375 0.0283203140625 0.59375 0.03515625 0.5927734359375 0.046875 0.5830078140625 0.0537109359375 0.564453125 0.078125 0.5712890640625 0.07421875 0.5498046859375
2 0.2568359359375 0.0703125 0.25390625 0.08105468593750001 0.259765625 0.08496093593750001 0.2568359359375 0.0703125
2 0.291015625 0.2099609359375 0.2841796859375 0.234375 0.2646484359375 0.220703125 0.2421875 0.2333984359375 0.2421875 0.2490234359375 0.2568359359375 0.28125 0.2705078140625 0.2734375 0.306640625 0.2939453140625 0.30859375 0.2548828140625 0.326171875 0.2451171859375 0.3095703140625 0.189453125 0.291015625 0.2099609359375
2 0.3505859359375 0.328125 0.3310546859375 0.33984375 0.3154296859375 0.32421875 0.3046875 0.3583984359375 0.3125 0.4033203140625 0.326171875 0.4248046859375 0.3203125 0.4560546859375 0.353515625 0.4619140640625 0.35546875 0.4443359359375 0.376953125 0.4267578140625 0.37109375 0.3740234359375 0.3505859359375 0.328125
2 0.431640625 0.5048828140625 0.4296875 0.4755859359375 0.4228515640625 0.47265625 0.4150390640625 0.482421875 0.3818359359375 0.486328125 0.3720703140625 0.470703125 0.3603515640625 0.4921875 0.3408203140625 0.484375 0.345703125 0.5400390640625 0.3525390640625 0.54296875 0.3740234359375 0.51953125 0.3828125 0.5263671859375 0.375 0.5517578140625 0.37890625 0.5654296859375 0.3955078140625 0.576171875 0.4150390640625 0.57421875 0.431640625 0.5810546859375 0.4375 0.5771484359375 0.431640625 0.5380859359375 0.4453125 0.5205078140625 0.431640625 0.5048828140625
2 0.296875 0.10253906406249999 0.26953125 0.07324218593750001 0.279296875 0.034179685937499996 0.2724609359375 0.02734375 0.2587890640625 0.02734375 0.2470703140625 0.013671875 0.2314453140625 0.015625 0.208984375 0.07128906406249999 0.21875 0.08105468593750001 0.220703125 0.10058593593750001 0.23828125 0.1298828140625 0.234375 0.1533203140625 0.240234375 0.1669921859375 0.2529296859375 0.169921875 0.27734375 0.2060546859375 0.28515625 0.2060546859375 0.3046875 0.1865234359375 0.306640625 0.1513671859375 0.291015625 0.1357421859375 0.296875 0.10253906406249999
2 0.4990234359375 0.783203125 0.5234375 0.7900390640625 0.521484375 0.7744140640625 0.5126953140625 0.765625 0.49609375 0.7685546859375 0.4990234359375 0.783203125
2 0.591796875 0.9248046859375 0.5849609359375 0.921875 0.5751953140625 0.935546875 0.564453125 0.9267578140625 0.556640625 0.8779296859375 0.5361328140625 0.86328125 0.5234375 0.8935546859375 0.537109375 0.9208984359375 0.55078125 0.9287109359375 0.556640625 0.9541015640625 0.5703125 0.9736328140625 0.572265625 0.9990234359375 0.607421875 0.9990234359375 0.609375 0.9892578140625 0.599609375 0.9677734359375 0.6015625 0.9482421859375 0.591796875 0.9248046859375
2 0.86328125 0.9990234359375 0.8623046859375 0.9765625 0.828125 0.9677734359375 0.8369140640625 1 0.86328125 0.9990234359375
2 0.8291015640625 0.81640625 0.822265625 0.7978515640625 0.80859375 0.7841796859375 0.80859375 0.7744140640625 0.7978515640625 0.76953125 0.796875 0.8193359359375 0.818359375 0.8369140640625 0.822265625 0.8857421859375 0.8447265640625 0.8984375 0.85546875 0.9130859359375 0.853515625 0.8759765640625 0.86328125 0.8623046859375 0.8671875 0.8173828140625 0.8291015640625 0.81640625
2 0.552734375 0.0009765640625 0.5556640640625 0.009765625 0.580078125 0.0146484359375 0.5849609359375 0.0078125 0.6005859359375 0.013671875 0.60546875 0.0009765640625 0.552734375 0.0009765640625
2 0.6328125 0.09082031406249999 0.6171875 0.047851564062500004 0.6025390640625 0.048828125 0.5947265640625 0.0390625 0.572265625 0.0576171859375 0.5703125 0.07324218593750001 0.580078125 0.09472656406249999 0.57421875 0.11425781406249999 0.5859375 0.1474609359375 0.5947265640625 0.158203125 0.603515625 0.1572265640625 0.6162109359375 0.14453125 0.634765625 0.1494140640625 0.64453125 0.09277343593750001 0.6328125 0.09082031406249999
2 0.70703125 0.3740234359375 0.705078125 0.3564453140625 0.685546875 0.3427734359375 0.701171875 0.3291015640625 0.69921875 0.3173828140625 0.6767578140625 0.3046875 0.6591796859375 0.28125 0.65625 0.2939453140625 0.63671875 0.3115234359375 0.640625 0.3310546859375 0.650390625 0.3388671859375 0.650390625 0.3662109359375 0.666015625 0.3837890640625 0.65234375 0.4150390640625 0.6630859359375 0.41796875 0.6748046859375 0.408203125 0.689453125 0.4169921859375 0.6923828140625 0.435546875 0.7060546859375 0.4296875 0.716796875 0.4365234359375 0.72265625 0.4287109359375 0.7265625 0.3857421859375 0.7158203140625 0.37109375 0.70703125 0.3740234359375
2 0.7373046859375 0.474609375 0.7236328140625 0.494140625 0.7080078140625 0.478515625 0.703125 0.4912109359375 0.7109375 0.5205078140625 0.7177734359375 0.525390625 0.7255859359375 0.51953125 0.734375 0.5380859359375 0.744140625 0.5380859359375 0.759765625 0.4873046859375 0.7451171859375 0.486328125 0.744140625 0.4755859359375 0.7373046859375 0.474609375
2 0.7861328140625 0.650390625 0.779296875 0.6474609359375 0.771484375 0.6025390640625 0.7470703140625 0.57421875 0.740234375 0.5810546859375 0.74609375 0.6142578140625 0.736328125 0.6240234359375 0.7548828140625 0.634765625 0.76171875 0.6572265640625 0.77734375 0.6650390640625 0.8037109359375 0.662109375 0.80859375 0.6552734359375 0.7998046859375 0.638671875 0.7861328140625 0.650390625