2 0.09375 0.3193359359375 0.09765625 0.3037109359375 0.111328125 0.2939453140625 0.10644531406249999 0.28515625 0.07714843593750001 0.2890625 0.0703125 0.2958984359375 0.083984375 0.3388671859375 0.06542968593750001 0.345703125 0.0625 0.3583984359375 0.080078125 0.3740234359375 0.09082031406249999 0.365234375 0.09863281406249999 0.37109375 0.10546875 0.3681640640625 0.09375 0.3193359359375
2 0.001953125 0.07324218593750001 0.0078125 0.06933593593750001 0.009765625 0.049804685937499996 0.0009765640625 0.041015625 0.001953125 0.07324218593750001
2 0.197265625 0.5478515640625 0.1884765640625 0.544921875 0.1630859359375 0.55859375 0.1435546859375 0.544921875 0.1357421859375 0.5546875 0.1259765640625 0.55078125 0.109375 0.5791015640625 0.111328125 0.5869140640625 0.1337890640625 0.59765625 0.1494140640625 0.59375 0.1591796859375 0.609375 0.173828125 0.6103515640625 0.1796875 0.6083984359375 0.17578125 0.5869140640625 0.197265625 0.5654296859375 0.197265625 0.5478515640625
2 0.138671875 0.4951171859375 0.13671875 0.5263671859375 0.142578125 0.5283203140625 0.15234375 0.5166015640625 0.15625 0.4931640640625 0.1513671859375 0.486328125 0.138671875 0.4951171859375
2 0.23046875 0.7021484359375 0.2236328140625 0.669921875 0.2080078140625 0.67578125 0.1982421859375 0.666015625 0.1884765640625 0.666015625 0.18359375 0.6748046859375 0.2041015640625 0.68359375 0.20703125 0.6923828140625 0.1865234359375 0.69140625 0.18359375 0.7060546859375 0.1962890640625 0.720703125 0.208984375 0.7236328140625 0.2138671859375 0.740234375 0.22265625 0.7392578140625 0.2265625 0.7255859359375 0.2373046859375 0.72265625 0.24609375 0.7099609359375 0.23046875 0.7021484359375
2 0.2783203140625 0.93359375 0.2705078140625 0.880859375 0.2568359359375 0.896484375 0.2412109359375 0.8984375 0.2421875 0.9091796859375 0.2578125 0.9228515640625 0.2724609359375 0.953125 0.2880859359375 0.955078125 0.3037109359375 0.9453125 0.31640625 0.9521484359375 0.3203125 0.9990234359375 0.3359375 0.9990234359375 0.333984375 0.9521484359375 0.33984375 0.9228515640625 0.3017578140625 0.90625 0.2783203140625 0.93359375
2 0.4990234359375 0.208984375 0.482421875 0.2158203140625 0.486328125 0.1494140640625 0.4814453140625 0.14453125 0.4638671859375 0.16015625 0.4580078140625 0.158203125 0.4501953140625 0.171875 0.4345703140625 0.173828125 0.4296875 0.1806640640625 0.431640625 0.2001953140625 0.443359375 0.2138671859375 0.443359375 0.2470703140625 0.4501953140625 0.259765625 0.458984375 0.2607421859375 0.4658203140625 0.25390625 0.4912109359375 0.25390625 0.505859375 0.2255859359375 0.4990234359375 0.208984375
2 0.419921875 0.1416015640625 0.43359375 0.1513671859375 0.439453125 0.1474609359375 0.4345703140625 0.123046875 0.419921875 0.1337890640625 0.419921875 0.1416015640625
2 0.384765625 0.0263671859375 0.39453125 0.0302734359375 0.41796875 0.008789064062500001 0.4169921859375 0 0.388671875 0.0009765640625 0.384765625 0.0263671859375
2 0.5439453140625 0.48828125 0.529296875 0.5048828140625 0.525390625 0.5419921859375 0.53515625 0.5419921859375 0.556640625 0.5341796859375 0.546875 0.5146484359375 0.55078125 0.4970703140625 0.5439453140625 0.48828125
2 0.59765625 0.6103515640625 0.595703125 0.5732421859375 0.5791015640625 0.55859375 0.57421875 0.5615234359375 0.578125 0.6064453140625 0.58984375 0.6279296859375 0.58203125 0.6455078140625 0.564453125 0.6591796859375 0.564453125 0.6767578140625 0.6171875 0.6884765640625 0.630859375 0.6630859359375 0.619140625 0.6025390640625 0.6103515640625 0.599609375 0.59765625 0.6103515640625
2 0.6279296859375 0.798828125 0.607421875 0.8408203140625 0.609375 0.8525390640625 0.6240234359375 0.853515625 0.6455078140625 0.841796875 0.669921875 0.8701171859375 0.673828125 0.8583984359375 0.646484375 0.8349609359375 0.634765625 0.8017578140625 0.6279296859375 0.798828125
2 0.69140625 0.8994140640625 0.693359375 0.8779296859375 0.6865234359375 0.87109375 0.66796875 0.8759765640625 0.66015625 0.9111328140625 0.673828125 0.9580078140625 0.669921875 0.9794921859375 0.68359375 0.9853515640625 0.70703125 0.9580078140625 0.693359375 0.9267578140625 0.697265625 0.9072265640625 0.69140625 0.8994140640625
2 1 0.7607421859375 0.9716796859375 0.748046875 0.9609375 0.7763671859375 1 0.8564453140625 1 0.7607421859375
2 0.8935546859375 0.443359375 0.8779296859375 0.4453125 0.873046875 0.4306640640625 0.873046875 0.4208984359375 0.892578125 0.3916015640625 0.89453125 0.3720703140625 0.8740234359375 0.369140625 0.8544921859375 0.33984375 0.84765625 0.3662109359375 0.857421875 0.3896484359375 0.85546875 0.4306640640625 0.869140625 0.4521484359375 0.87109375 0.4775390640625 0.880859375 0.4833984359375 0.8935546859375 0.482421875 0.908203125 0.4677734359375 0.904296875 0.4501953140625 0.8935546859375 0.443359375