2 0.1865234359375 0.671875 0.1796875 0.7021484359375 0.189453125 0.7041015640625 0.1953125 0.6865234359375 0.1923828140625 0.6796875 0.189453125 0.6884765640625 0.1865234359375 0.671875
2 0.12890625 0.5458984359375 0.12109375 0.5673828140625 0.123046875 0.5849609359375 0.134765625 0.5927734359375 0.140625 0.5888671859375 0.146484375 0.5537109359375 0.1396484359375 0.54296875 0.12890625 0.5458984359375
2 0 0.2880859359375 0.01171875 0.3095703140625 0.025390625 0.3134765640625 0.03125 0.2978515640625 0.02734375 0.2763671859375 0.0048828140625 0.263671875 0 0.2880859359375
2 0.08691406406249999 0.48046875 0.064453125 0.4833984359375 0.07128906406249999 0.501953125 0.1015625 0.5087890640625 0.111328125 0.5029296859375 0.11328125 0.4853515640625 0.10058593593750001 0.470703125 0.08691406406249999 0.48046875
2 0.1572265640625 0.607421875 0.1416015640625 0.626953125 0.130859375 0.6279296859375 0.134765625 0.6728515640625 0.15234375 0.6845703140625 0.16015625 0.6708984359375 0.16015625 0.6494140640625 0.171875 0.6376953140625 0.1572265640625 0.607421875
2 0.0595703140625 0.29296875 0.05078125 0.3173828140625 0.0546875 0.3603515640625 0.06933593593750001 0.375 0.08984375 0.3740234359375 0.091796875 0.3525390640625 0.0703125 0.3271484359375 0.06640625 0.2978515640625 0.0595703140625 0.29296875
2 0.244140625 0.8212890640625 0.25 0.8251953140625 0.259765625 0.8173828140625 0.2548828140625 0.791015625 0.2421875 0.8037109359375 0.244140625 0.8212890640625
2 0.3408203140625 0 0.34375 0.034179685937499996 0.365234375 0.036132814062500004 0.376953125 0.0302734359375 0.376953125 0.0048828140625 0.3720703140625 0 0.3408203140625 0
2 0.3828125 0.1767578140625 0.3984375 0.10644531406249999 0.3896484359375 0.103515625 0.3720703140625 0.12109375 0.3486328140625 0.109375 0.345703125 0.1279296859375 0.376953125 0.1767578140625 0.38671875 0.2177734359375 0.380859375 0.2353515640625 0.38671875 0.2607421859375 0.39453125 0.2666015640625 0.419921875 0.2470703140625 0.427734375 0.1962890640625 0.3974609359375 0.19140625 0.3828125 0.1767578140625
2 0.46875 0.4208984359375 0.486328125 0.4072265640625 0.486328125 0.3994140640625 0.474609375 0.3837890640625 0.47265625 0.3544921859375 0.4580078140625 0.345703125 0.453125 0.3544921859375 0.45703125 0.3818359359375 0.4384765640625 0.388671875 0.43359375 0.4033203140625 0.451171875 0.4208984359375 0.453125 0.4462890640625 0.462890625 0.4658203140625 0.458984375 0.5068359359375 0.46875 0.5185546859375 0.478515625 0.5009765640625 0.478515625 0.4580078140625 0.46875 0.4423828140625 0.46875 0.4208984359375
2 0.5478515640625 0.5390625 0.5263671859375 0.552734375 0.5068359359375 0.541015625 0.501953125 0.5712890640625 0.51171875 0.5869140640625 0.509765625 0.6025390640625 0.5166015640625 0.60546875 0.5283203140625 0.59765625 0.537109375 0.6044921859375 0.53515625 0.5810546859375 0.55078125 0.5712890640625 0.55859375 0.5439453140625 0.5478515640625 0.5390625
2 0.6220703140625 0.7421875 0.630859375 0.7412109359375 0.62890625 0.7080078140625 0.6181640640625 0.69921875 0.611328125 0.7333984359375 0.6220703140625 0.7421875
2 0.794921875 0.2841796859375 0.80078125 0.2861328140625 0.810546875 0.2783203140625 0.8056640640625 0.251953125 0.796875 0.2568359359375 0.794921875 0.2841796859375
2 0.876953125 0.5048828140625 0.87890625 0.5146484359375 0.8916015640625 0.51953125 0.8955078140625 0.529296875 0.90625 0.5302734359375 0.9140625 0.5283203140625 0.9150390640625 0.482421875 0.8935546859375 0.486328125 0.876953125 0.5048828140625
2 0.8916015640625 0.439453125 0.87109375 0.4541015640625 0.876953125 0.4169921859375 0.8671875 0.3974609359375 0.865234375 0.3583984359375 0.85546875 0.3408203140625 0.8671875 0.3251953140625 0.8671875 0.3115234359375 0.8544921859375 0.298828125 0.8427734359375 0.296875 0.8203125 0.3115234359375 0.818359375 0.3291015640625 0.8232421859375 0.33984375 0.8330078140625 0.33984375 0.84765625 0.3544921859375 0.841796875 0.4013671859375 0.861328125 0.4306640640625 0.87109375 0.4833984359375 0.8828125 0.4892578140625 0.88671875 0.4716796859375 0.8984375 0.4697265640625 0.90625 0.4443359359375 0.8916015640625 0.439453125
2 0.759765625 0.0615234359375 0.7529296859375 0.056640625 0.7431640640625 0.06640625 0.7314453140625 0.0625 0.720703125 0.08300781406249999 0.724609375 0.09472656406249999 0.716796875 0.1396484359375 0.7373046859375 0.140625 0.751953125 0.1611328140625 0.75 0.1767578140625 0.779296875 0.1904296859375 0.7890625 0.1689453140625 0.775390625 0.1494140640625 0.775390625 0.12402343593750001 0.759765625 0.0615234359375
2 0.958984375 0.7412109359375 0.9609375 0.7294921859375 0.9443359359375 0.720703125 0.94140625 0.7392578140625 0.958984375 0.7412109359375
2 0.966796875 0.8134765640625 0.990234375 0.8369140640625 0.990234375 0.7919921859375 0.9755859359375 0.78515625 0.96484375 0.7939453140625 0.966796875 0.8134765640625