2 0.29296875 0.10449218593750001 0.2861328140625 0.103515625 0.271484375 0.1279296859375 0.2841796859375 0.1484375 0.298828125 0.1494140640625 0.314453125 0.11816406406249999 0.3076171859375 0.11328125 0.2978515640625 0.119140625 0.29296875 0.10449218593750001
2 0.3544921859375 0.22265625 0.3447265640625 0.232421875 0.3291015640625 0.21484375 0.328125 0.2724609359375 0.35546875 0.3134765640625 0.373046875 0.2861328140625 0.361328125 0.2451171859375 0.36328125 0.2294921859375 0.3544921859375 0.22265625
2 0.41796875 0.4404296859375 0.42578125 0.4091796859375 0.4052734359375 0.408203125 0.3955078140625 0.400390625 0.392578125 0.4560546859375 0.412109375 0.4853515640625 0.41015625 0.5166015640625 0.416015625 0.5185546859375 0.42578125 0.4912109359375 0.4375 0.4853515640625 0.443359375 0.4580078140625 0.41796875 0.4404296859375
2 0.556640625 0.9208984359375 0.5625 0.8974609359375 0.5498046859375 0.888671875 0.541015625 0.9169921859375 0.556640625 0.9208984359375
2 0.5556640640625 0.771484375 0.5341796859375 0.771484375 0.517578125 0.7861328140625 0.529296875 0.7998046859375 0.52734375 0.8271484359375 0.53515625 0.8291015640625 0.5517578140625 0.8125 0.5703125 0.8056640640625 0.5703125 0.7861328140625 0.5556640640625 0.771484375
2 0.55859375 0.9560546859375 0.560546875 0.9716796859375 0.5908203140625 1 0.6171875 0.9990234359375 0.619140625 0.9814453140625 0.607421875 0.9697265640625 0.6005859359375 0.9453125 0.55859375 0.9560546859375
2 0.46875 0.6923828140625 0.46875 0.7099609359375 0.478515625 0.7138671859375 0.482421875 0.7021484359375 0.49609375 0.6923828140625 0.4853515640625 0.66796875 0.46875 0.6923828140625
2 0.244140625 0.7861328140625 0.236328125 0.7783203140625 0.234375 0.7490234359375 0.2255859359375 0.75 0.2158203140625 0.736328125 0.189453125 0.7509765640625 0.1953125 0.7666015640625 0.2109375 0.7802734359375 0.2109375 0.7978515640625 0.197265625 0.8076171859375 0.232421875 0.8154296859375 0.234375 0.8056640640625 0.2265625 0.7958984359375 0.2412109359375 0.794921875 0.244140625 0.7861328140625
2 0.236328125 0.9365234359375 0.2412109359375 0.943359375 0.2529296859375 0.94140625 0.2548828140625 0.951171875 0.2666015640625 0.94921875 0.275390625 0.9560546859375 0.2890625 0.9306640640625 0.2724609359375 0.896484375 0.236328125 0.9150390640625 0.236328125 0.9365234359375
2 0.189453125 0.6826171859375 0.1767578140625 0.666015625 0.169921875 0.6669921859375 0.173828125 0.6904296859375 0.166015625 0.6982421859375 0.16796875 0.7333984359375 0.173828125 0.7333984359375 0.181640625 0.7294921859375 0.18359375 0.7158203140625 0.193359375 0.7138671859375 0.189453125 0.6826171859375
2 0.095703125 0.4560546859375 0.095703125 0.4462890640625 0.08300781406249999 0.435546875 0.06738281406249999 0.451171875 0.0546875 0.4521484359375 0.056640625 0.4716796859375 0.046875 0.4833984359375 0.08984375 0.5205078140625 0.1015625 0.5068359359375 0.1015625 0.4873046859375 0.080078125 0.4853515640625 0.095703125 0.4560546859375
2 0.041015625 0.3291015640625 0.021484375 0.3193359359375 0.015625 0.2900390640625 0.0068359359375 0.28515625 0 0.3623046859375 0.01171875 0.3759765640625 0.0146484359375 0.36328125 0.033203125 0.3701171859375 0.03125 0.3466796859375 0.041015625 0.3291015640625
2 0.84375 0.8544921859375 0.865234375 0.8330078140625 0.8369140640625 0.791015625 0.8359375 0.8271484359375 0.84375 0.8544921859375
2 0.8427734359375 0.880859375 0.841796875 0.8955078140625 0.853515625 0.9150390640625 0.8740234359375 0.931640625 0.880859375 0.9306640640625 0.884765625 0.9208984359375 0.87890625 0.9111328140625 0.8505859359375 0.880859375 0.8427734359375 0.880859375
2 0.8427734359375 0.716796875 0.8193359359375 0.716796875 0.81640625 0.7314453140625 0.8359375 0.7568359359375 0.83203125 0.7392578140625 0.8544921859375 0.736328125 0.85546875 0.7314453140625 0.8427734359375 0.716796875
2 0.69921875 0.3154296859375 0.7197265640625 0.3359375 0.7265625 0.3349609359375 0.728515625 0.2900390640625 0.7216796859375 0.283203125 0.705078125 0.2978515640625 0.69921875 0.3154296859375
2 0.796875 0.4189453140625 0.791015625 0.4111328140625 0.7919921859375 0.392578125 0.7666015640625 0.408203125 0.7470703140625 0.37109375 0.73828125 0.3955078140625 0.740234375 0.4482421859375 0.75 0.4541015640625 0.7587890640625 0.4296875 0.7724609359375 0.44921875 0.79296875 0.4365234359375 0.796875 0.4189453140625