2 0.0068359359375 0.205078125 0 0.2060546859375 0.00390625 0.2666015640625 0.029296875 0.2490234359375 0.0234375 0.2412109359375 0.02734375 0.2138671859375 0.0068359359375 0.205078125
2 0.1787109359375 0.6015625 0.162109375 0.5986328140625 0.142578125 0.6416015640625 0.142578125 0.6533203140625 0.1552734359375 0.65625 0.169921875 0.6728515640625 0.169921875 0.6416015640625 0.1953125 0.6259765640625 0.1865234359375 0.595703125 0.1787109359375 0.6015625
2 0.0009765640625 0.30078125 0.005859375 0.3623046859375 0.0234375 0.3740234359375 0.037109375 0.3623046859375 0.052734375 0.3310546859375 0.0126953140625 0.302734375 0.0009765640625 0.30078125
2 0.228515625 0.7392578140625 0.2041015640625 0.734375 0.18359375 0.7587890640625 0.1796875 0.7783203140625 0.2158203140625 0.798828125 0.2314453140625 0.787109375 0.244140625 0.8095703140625 0.25390625 0.8017578140625 0.251953125 0.7822265640625 0.2421875 0.7744140640625 0.228515625 0.7392578140625
2 0.09667968593750001 0.474609375 0.091796875 0.4658203140625 0.095703125 0.4287109359375 0.06640625 0.4189453140625 0.07421875 0.3798828140625 0.06542968593750001 0.373046875 0.049804685937499996 0.373046875 0.046875 0.4072265640625 0.029296875 0.4208984359375 0.033203125 0.4541015640625 0.0537109359375 0.458984375 0.064453125 0.4716796859375 0.064453125 0.5048828140625 0.08691406406249999 0.5078125 0.103515625 0.5244140640625 0.11328125 0.5126953140625 0.119140625 0.4814453140625 0.10839843593750001 0.47265625 0.09667968593750001 0.474609375
2 0.0048828140625 0.880859375 0 0.8818359359375 0.001953125 0.9697265640625 0.018554685937500003 0.94921875 0.041015625 0.9443359359375 0.02734375 0.8876953140625 0.0048828140625 0.880859375
2 0.296875 0.9716796859375 0.2939453140625 1 0.33984375 0.9990234359375 0.3330078140625 0.98828125 0.31640625 0.9814453140625 0.3076171859375 0.96484375 0.296875 0.9716796859375
2 0.5849609359375 0.88671875 0.572265625 0.8857421859375 0.5673828140625 0.87109375 0.5576171859375 0.87109375 0.55078125 0.8876953140625 0.533203125 0.8955078140625 0.533203125 0.9169921859375 0.5478515640625 0.9296875 0.5673828140625 0.9296875 0.57421875 0.9404296859375 0.5849609359375 0.923828125 0.6015625 0.9208984359375 0.6015625 0.9091796859375 0.5849609359375 0.88671875
2 0.4658203140625 0.533203125 0.458984375 0.5439453140625 0.455078125 0.5888671859375 0.46875 0.5927734359375 0.470703125 0.5673828140625 0.48046875 0.5576171859375 0.48046875 0.5458984359375 0.4658203140625 0.533203125
2 0.412109375 0.4033203140625 0.41015625 0.3916015640625 0.3935546859375 0.376953125 0.359375 0.3759765640625 0.369140625 0.4072265640625 0.345703125 0.4326171859375 0.365234375 0.4326171859375 0.3740234359375 0.419921875 0.3916015640625 0.431640625 0.38671875 0.4052734359375 0.412109375 0.4033203140625
2 0.3046875 0.07128906406249999 0.30078125 0.0556640640625 0.2880859359375 0.04296875 0.2705078140625 0.046875 0.2548828140625 0.0390625 0.26171875 0.07910156406249999 0.279296875 0.08496093593750001 0.279296875 0.11035156406249999 0.30859375 0.1435546859375 0.318359375 0.1298828140625 0.298828125 0.10839843593750001 0.2890625 0.08496093593750001 0.3046875 0.07128906406249999
2 0.673828125 0.2509765640625 0.6611328140625 0.234375 0.642578125 0.2451171859375 0.6494140640625 0.251953125 0.673828125 0.2509765640625
2 0.6279296859375 0.00390625 0.619140625 0.0537109359375 0.625 0.08105468593750001 0.634765625 0.08691406406249999 0.646484375 0.06933593593750001 0.6484375 0.0302734359375 0.634765625 0.0263671859375 0.6279296859375 0.00390625
2 0.666015625 0.1376953140625 0.6591796859375 0.1171875 0.6474609359375 0.119140625 0.62890625 0.1455078140625 0.642578125 0.1728515640625 0.64453125 0.2138671859375 0.66015625 0.2001953140625 0.65234375 0.1748046859375 0.654296875 0.1533203140625 0.666015625 0.1376953140625
2 0.728515625 0.4951171859375 0.751953125 0.5009765640625 0.755859375 0.4853515640625 0.7373046859375 0.435546875 0.728515625 0.4462890640625 0.728515625 0.4951171859375
2 0.7607421859375 0.599609375 0.78515625 0.6181640640625 0.791015625 0.5556640640625 0.7646484359375 0.548828125 0.7421875 0.5986328140625 0.7607421859375 0.599609375
2 0.953125 0.041992185937499996 0.966796875 0.047851564062500004 0.96875 0.024414064062499997 0.9501953140625 0.015625 0.9453125 0.024414064062499997 0.953125 0.041992185937499996
2 0.849609375 0.9248046859375 0.865234375 0.9404296859375 0.869140625 0.9208984359375 0.8623046859375 0.912109375 0.8525390640625 0.912109375 0.849609375 0.9248046859375