2 0.06640625 0.9404296859375 0.080078125 0.9248046859375 0.080078125 0.9052734359375 0.07519531406249999 0.896484375 0.0615234359375 0.90625 0.047851564062500004 0.896484375 0.03125 0.9189453140625 0.037109375 0.9501953140625 0.02734375 0.9697265640625 0.0576171859375 1 0.07421875 0.9990234359375 0.076171875 0.9775390640625 0.0625 0.9638671859375 0.0625 0.9560546859375 0.06640625 0.9404296859375
2 0.1650390640625 0 0.158203125 0.024414064062499997 0.169921875 0.036132814062500004 0.181640625 0.08691406406249999 0.19140625 0.016601564062499997 0.1767578140625 0 0.1650390640625 0
2 0.404296875 0.8349609359375 0.412109375 0.8349609359375 0.427734375 0.8232421859375 0.4130859359375 0.78125 0.38671875 0.8076171859375 0.404296875 0.8349609359375
2 0.42578125 0.8798828140625 0.44140625 0.8935546859375 0.443359375 0.9052734359375 0.458984375 0.9130859359375 0.48046875 0.8642578140625 0.4501953140625 0.849609375 0.427734375 0.8642578140625 0.42578125 0.8798828140625
2 0.32421875 0.5166015640625 0.302734375 0.5322265640625 0.328125 0.5849609359375 0.345703125 0.5888671859375 0.34765625 0.4912109359375 0.3408203140625 0.486328125 0.33203125 0.4931640640625 0.32421875 0.5166015640625
2 0.380859375 0.6318359359375 0.3740234359375 0.62890625 0.3583984359375 0.64453125 0.3349609359375 0.615234375 0.330078125 0.6396484359375 0.33984375 0.6630859359375 0.33203125 0.6748046859375 0.34765625 0.6923828140625 0.3515625 0.7158203140625 0.3623046859375 0.7265625 0.37109375 0.7255859359375 0.373046875 0.6923828140625 0.390625 0.6708984359375 0.380859375 0.6552734359375 0.380859375 0.6318359359375
2 0.302734375 0.3037109359375 0.2978515640625 0.30078125 0.2763671859375 0.314453125 0.2734375 0.2802734359375 0.2607421859375 0.275390625 0.2529296859375 0.283203125 0.2353515640625 0.26953125 0.22265625 0.2802734359375 0.22265625 0.2958984359375 0.234375 0.3154296859375 0.2265625 0.3310546859375 0.2265625 0.3544921859375 0.2353515640625 0.369140625 0.2509765640625 0.3671875 0.2587890640625 0.38671875 0.279296875 0.3857421859375 0.291015625 0.3720703140625 0.291015625 0.3408203140625 0.30078125 0.3251953140625 0.302734375 0.3037109359375
2 0.779296875 0.7294921859375 0.7646484359375 0.712890625 0.7373046859375 0.724609375 0.732421875 0.7353515640625 0.734375 0.7646484359375 0.748046875 0.7685546859375 0.7568359359375 0.76171875 0.7685546859375 0.767578125 0.77734375 0.7548828140625 0.779296875 0.7294921859375
2 0.7578125 0.6044921859375 0.7470703140625 0.59765625 0.7177734359375 0.599609375 0.69921875 0.6123046859375 0.70703125 0.6337890640625 0.724609375 0.6455078140625 0.73046875 0.6591796859375 0.7373046859375 0.646484375 0.748046875 0.6435546859375 0.7578125 0.6142578140625 0.7578125 0.6044921859375
2 0.587890625 0.10253906406249999 0.58984375 0.06738281406249999 0.5830078140625 0.056640625 0.5595703140625 0.05859375 0.5458984359375 0.048828125 0.537109375 0.0615234359375 0.52734375 0.11230468593750001 0.552734375 0.1357421859375 0.5546875 0.1552734359375 0.56640625 0.1630859359375 0.576171875 0.1572265640625 0.58203125 0.1416015640625 0.580078125 0.11621093593750001 0.587890625 0.10253906406249999
2 0.6845703140625 0.412109375 0.673828125 0.4365234359375 0.65234375 0.4580078140625 0.650390625 0.4814453140625 0.6708984359375 0.498046875 0.6923828140625 0.484375 0.69921875 0.5146484359375 0.7080078140625 0.5234375 0.716796875 0.5224609359375 0.71875 0.4208984359375 0.7099609359375 0.416015625 0.6962890640625 0.421875 0.6845703140625 0.412109375
2 0.6484375 0.2294921859375 0.63671875 0.2099609359375 0.6328125 0.1787109359375 0.6220703140625 0.173828125 0.58984375 0.2060546859375 0.595703125 0.2333984359375 0.62109375 0.2587890640625 0.62109375 0.2880859359375 0.6005859359375 0.296875 0.595703125 0.3056640640625 0.625 0.3291015640625 0.640625 0.3720703140625 0.650390625 0.3740234359375 0.654296875 0.3154296859375 0.650390625 0.2802734359375 0.642578125 0.2705078140625 0.6484375 0.2294921859375
2 0.9775390640625 0.0390625 0.970703125 0.045898435937499996 0.9609375 0.07714843593750001 0.98046875 0.10449218593750001 0.982421875 0.1494140640625 0.9921875 0.1572265640625 1 0.1494140640625 0.9990234359375 0.029296875 0.9873046859375 0.041015625 0.9775390640625 0.0390625