2 0.0126953140625 0.255859375 0.0078125 0.2685546859375 0.013671875 0.3095703140625 0.0234375 0.3134765640625 0.0283203140625 0.30859375 0.038085935937499996 0.3125 0.04296875 0.2978515640625 0.0126953140625 0.255859375
2 0.038085935937499996 0.33203125 0.0234375 0.3330078140625 0.025390625 0.3583984359375 0.036132814062500004 0.3828125 0.056640625 0.3818359359375 0.052734375 0.3662109359375 0.05859375 0.3466796859375 0.045898435937499996 0.3203125 0.038085935937499996 0.33203125
2 0.052734375 0.4873046859375 0.072265625 0.4912109359375 0.08203125 0.5322265640625 0.095703125 0.5380859359375 0.10546875 0.5048828140625 0.07519531406249999 0.46484375 0.0576171859375 0.46484375 0.052734375 0.4873046859375
2 0.134765625 0.6689453140625 0.142578125 0.6708984359375 0.162109375 0.6357421859375 0.1435546859375 0.611328125 0.134765625 0.6240234359375 0.134765625 0.6689453140625
2 0.103515625 0.6025390640625 0.091796875 0.6416015640625 0.091796875 0.6533203140625 0.09765625 0.6552734359375 0.123046875 0.6279296859375 0.12109375 0.6064453140625 0.11230468593750001 0.595703125 0.103515625 0.6025390640625
2 0.12109375 0.7607421859375 0.12890625 0.7646484359375 0.14453125 0.7470703140625 0.1396484359375 0.734375 0.125 0.7470703140625 0.12109375 0.7607421859375
2 0.193359375 0.8935546859375 0.1953125 0.9130859359375 0.201171875 0.9130859359375 0.216796875 0.8857421859375 0.2080078140625 0.853515625 0.19921875 0.8603515640625 0.193359375 0.8935546859375
2 0.337890625 0.2001953140625 0.34765625 0.1787109359375 0.3212890640625 0.166015625 0.31640625 0.1787109359375 0.337890625 0.2001953140625
2 0.26953125 0.020507814062499997 0.271484375 0.0556640640625 0.2783203140625 0.064453125 0.287109375 0.06347656406249999 0.29296875 0.0595703140625 0.2890625 0.018554685937500003 0.2763671859375 0.009765625 0.26953125 0.020507814062499997
2 0.2919921859375 0.103515625 0.287109375 0.11035156406249999 0.291015625 0.1298828140625 0.322265625 0.1591796859375 0.32421875 0.1298828140625 0.314453125 0.12402343593750001 0.3076171859375 0.103515625 0.2919921859375 0.103515625
2 0.3994140640625 0.44921875 0.392578125 0.4521484359375 0.392578125 0.4697265640625 0.3828125 0.4853515640625 0.3828125 0.4990234359375 0.388671875 0.4990234359375 0.4013671859375 0.484375 0.423828125 0.4775390640625 0.412109375 0.4716796859375 0.3994140640625 0.44921875
2 0.4140625 0.5654296859375 0.421875 0.5791015640625 0.423828125 0.6044921859375 0.4296875 0.6083984359375 0.4375 0.5947265640625 0.439453125 0.5595703140625 0.4169921859375 0.548828125 0.4140625 0.5654296859375
2 0.470703125 0.6572265640625 0.474609375 0.6376953140625 0.4599609359375 0.634765625 0.45703125 0.6455078140625 0.470703125 0.6572265640625
2 0.470703125 0.6962890640625 0.48046875 0.6884765640625 0.4677734359375 0.666015625 0.455078125 0.6787109359375 0.470703125 0.6962890640625
0 0.787109375 0.8544921859375 0.7744140640625 0.818359375 0.759765625 0.8583984359375 0.755859375 0.8935546859375 0.7626953140625 0.896484375 0.7744140640625 0.888671875 0.7890625 0.9052734359375 0.79296875 0.8818359359375 0.8037109359375 0.880859375 0.80859375 0.8720703140625 0.787109375 0.8544921859375
2 0.6357421859375 0.1875 0.6220703140625 0.189453125 0.62109375 0.2041015640625 0.638671875 0.2255859359375 0.638671875 0.2373046859375 0.662109375 0.2587890640625 0.66796875 0.2431640640625 0.662109375 0.2177734359375 0.650390625 0.2119140640625 0.6357421859375 0.1875
2 0.6796875 0.3369140640625 0.677734375 0.3154296859375 0.6689453140625 0.310546875 0.662109375 0.3212890640625 0.6796875 0.3369140640625
2 0.353515625 0.2724609359375 0.3515625 0.2861328140625 0.357421875 0.2880859359375 0.37109375 0.2744140640625 0.365234375 0.2607421859375 0.3447265640625 0.248046875 0.353515625 0.2724609359375
2 0.7041015640625 0.44921875 0.705078125 0.4736328140625 0.697265625 0.4912109359375 0.7099609359375 0.486328125 0.724609375 0.4912109359375 0.728515625 0.4853515640625 0.71875 0.4716796859375 0.720703125 0.4560546859375 0.7041015640625 0.44921875
2 0.734375 0.5478515640625 0.724609375 0.5341796859375 0.73046875 0.5185546859375 0.7158203140625 0.517578125 0.705078125 0.5361328140625 0.728515625 0.5751953140625 0.732421875 0.5947265640625 0.74609375 0.6025390640625 0.748046875 0.6162109359375 0.75390625 0.6181640640625 0.759765625 0.5966796859375 0.755859375 0.5791015640625 0.734375 0.5654296859375 0.734375 0.5478515640625
2 0.796875 0.7412109359375 0.7880859359375 0.736328125 0.78125 0.7783203140625 0.791015625 0.8095703140625 0.802734375 0.8173828140625 0.81640625 0.7626953140625 0.8134765640625 0.7578125 0.8037109359375 0.765625 0.796875 0.7412109359375
2 0.92578125 0.06542968593750001 0.9150390640625 0.056640625 0.904296875 0.10839843593750001 0.912109375 0.12402343593750001 0.91796875 0.12402343593750001 0.943359375 0.10449218593750001 0.9453125 0.09277343593750001 0.92578125 0.07910156406249999 0.92578125 0.06542968593750001
2 0.921875 0.1806640640625 0.921875 0.1962890640625 0.951171875 0.2060546859375 0.94140625 0.1865234359375 0.943359375 0.1552734359375 0.9345703140625 0.15234375 0.921875 0.1806640640625
2 0.9677734359375 0.240234375 0.9453125 0.2529296859375 0.947265625 0.2783203140625 0.95703125 0.2841796859375 0.986328125 0.2685546859375 0.9921875 0.2490234359375 0.9853515640625 0.2421875 0.9677734359375 0.240234375
2 1 0.2919921859375 0.9892578140625 0.291015625 0.962890625 0.3115234359375 0.9609375 0.3212890640625 0.9716796859375 0.333984375 0.984375 0.3330078140625 0.986328125 0.3681640640625 1 0.3779296859375 1 0.2919921859375
2 0.5810546859375 0 0.587890625 0.0517578140625 0.6015625 0.06347656406249999 0.595703125 0.0146484359375 0.5888671859375 0 0.5810546859375 0
2 0.185546875 0.7822265640625 0.1875 0.7685546859375 0.1826171859375 0.779296875 0.1591796859375 0.771484375 0.1552734359375 0.78125 0.1865234359375 0.798828125 0.1875 0.7900390640625 0.19140625 0.7919921859375 0.18359375 0.8076171859375 0.19140625 0.8154296859375 0.201171875 0.8115234359375 0.1953125 0.7939453140625 0.205078125 0.7958984359375 0.185546875 0.7822265640625