2 0.109375 0.2783203140625 0.11328125 0.2666015640625 0.10839843593750001 0.26171875 0.09277343593750001 0.2578125 0.0859375 0.2998046859375 0.09082031406249999 0.30859375 0.099609375 0.3076171859375 0.11035156406249999 0.291015625 0.12402343593750001 0.298828125 0.130859375 0.2939453140625 0.109375 0.2783203140625
2 0.1484375 0.3857421859375 0.1484375 0.4033203140625 0.140625 0.4052734359375 0.1484375 0.4287109359375 0.142578125 0.4462890640625 0.150390625 0.4501953140625 0.185546875 0.4267578140625 0.173828125 0.4248046859375 0.1552734359375 0.3828125 0.1484375 0.3857421859375
2 0.216796875 0.4775390640625 0.203125 0.4677734359375 0.201171875 0.4521484359375 0.1943359359375 0.451171875 0.185546875 0.4560546859375 0.1845703140625 0.466796875 0.16796875 0.4697265640625 0.16796875 0.4794921859375 0.19140625 0.5107421859375 0.19140625 0.5205078140625 0.173828125 0.5341796859375 0.1962890640625 0.548828125 0.2109375 0.5498046859375 0.21484375 0.5224609359375 0.224609375 0.5166015640625 0.224609375 0.5087890640625 0.216796875 0.4775390640625
2 0.09765625 0.1884765640625 0.08300781406249999 0.193359375 0.083984375 0.1806640640625 0.0546875 0.1611328140625 0.0703125 0.1357421859375 0.0615234359375 0.11328125 0.022460935937500003 0.1171875 0.0234375 0.1474609359375 0.017578125 0.1591796859375 0.064453125 0.2080078140625 0.07519531406249999 0.19921875 0.09472656406249999 0.203125 0.091796875 0.1962890640625 0.09765625 0.1884765640625
2 0.26171875 0.6455078140625 0.2412109359375 0.640625 0.2197265640625 0.650390625 0.22265625 0.6845703140625 0.2314453140625 0.685546875 0.2412109359375 0.671875 0.23828125 0.6982421859375 0.26171875 0.7001953140625 0.265625 0.6884765640625 0.27734375 0.6806640640625 0.263671875 0.6669921859375 0.26171875 0.6455078140625
2 0.37109375 0.8857421859375 0.361328125 0.8720703140625 0.36328125 0.8291015640625 0.353515625 0.8193359359375 0.35546875 0.8037109359375 0.3505859359375 0.80078125 0.3154296859375 0.8203125 0.30859375 0.8310546859375 0.31640625 0.8486328140625 0.34765625 0.8779296859375 0.3447265640625 0.88671875 0.330078125 0.8916015640625 0.3359375 0.9091796859375 0.328125 0.9228515640625 0.33203125 0.9326171859375 0.3447265640625 0.919921875 0.3603515640625 0.92578125 0.375 0.9111328140625 0.37109375 0.8857421859375
2 0.3955078140625 0.984375 0.376953125 0.9873046859375 0.3779296859375 1 0.4453125 0.9990234359375 0.4423828140625 0.98046875 0.4228515640625 0.982421875 0.4091796859375 0.970703125 0.3955078140625 0.984375
2 0.06738281406249999 1 0.119140625 0.9990234359375 0.10449218593750001 0.98046875 0.08105468593750001 0.984375 0.06640625 0.9951171859375 0.06738281406249999 1
2 0.06738281406249999 0.9375 0.08203125 0.9091796859375 0.06640625 0.8759765640625 0.045898435937499996 0.859375 0.041015625 0.8779296859375 0.046875 0.8876953140625 0.041015625 0.8876953140625 0.038085935937499996 0.90234375 0.021484375 0.9091796859375 0.021484375 0.9638671859375 0.02734375 0.9638671859375 0.037109375 0.9462890640625 0.0390625 0.9189453140625 0.043945314062500004 0.916015625 0.06738281406249999 0.9375
2 0.6796875 0.9482421859375 0.6796875 0.9638671859375 0.712890625 0.9755859359375 0.71484375 0.9638671859375 0.70703125 0.9462890640625 0.6923828140625 0.935546875 0.6796875 0.9482421859375
2 0.66796875 0.8759765640625 0.6552734359375 0.861328125 0.646484375 0.8662109359375 0.634765625 0.8935546859375 0.634765625 0.9384765640625 0.6484375 0.9423828140625 0.6552734359375 0.935546875 0.6748046859375 0.935546875 0.677734375 0.9150390640625 0.66796875 0.8759765640625
2 0.62890625 0.7275390640625 0.61328125 0.7158203140625 0.61328125 0.6884765640625 0.6025390640625 0.681640625 0.5869140640625 0.69140625 0.5693359359375 0.689453125 0.5625 0.7080078140625 0.59375 0.7431640640625 0.587890625 0.7802734359375 0.59375 0.7958984359375 0.587890625 0.8115234359375 0.607421875 0.8154296859375 0.623046875 0.7978515640625 0.619140625 0.7607421859375 0.626953125 0.7509765640625 0.62890625 0.7275390640625
2 0.564453125 0.4892578140625 0.5693359359375 0.47265625 0.5537109359375 0.486328125 0.5400390640625 0.478515625 0.533203125 0.4931640640625 0.521484375 0.4990234359375 0.5234375 0.5107421859375 0.53515625 0.5185546859375 0.53125 0.5458984359375 0.537109375 0.5458984359375 0.5458984359375 0.53125 0.576171875 0.5166015640625 0.576171875 0.5029296859375 0.564453125 0.4892578140625
2 0.466796875 0.4033203140625 0.46875 0.4228515640625 0.478515625 0.4248046859375 0.494140625 0.3974609359375 0.4853515640625 0.373046875 0.474609375 0.3818359359375 0.466796875 0.4033203140625
2 0.439453125 0.1279296859375 0.4365234359375 0.123046875 0.40625 0.12402343593750001 0.419921875 0.07128906406249999 0.4013671859375 0.072265625 0.3896484359375 0.056640625 0.3828125 0.10449218593750001 0.388671875 0.1298828140625 0.408203125 0.1474609359375 0.41015625 0.1923828140625 0.419921875 0.1787109359375 0.419921875 0.1572265640625 0.435546875 0.1533203140625 0.439453125 0.1279296859375
2 0.818359375 0.07910156406249999 0.806640625 0.07128906406249999 0.814453125 0.049804685937499996 0.7822265640625 0.080078125 0.783203125 0.06347656406249999 0.7666015640625 0.03125 0.7578125 0.0556640640625 0.759765625 0.11425781406249999 0.7626953140625 0.119140625 0.76953125 0.11621093593750001 0.775390625 0.08691406406249999 0.7861328140625 0.0859375 0.79296875 0.12207031406249999 0.7958984359375 0.107421875 0.8076171859375 0.109375 0.818359375 0.09863281406249999 0.818359375 0.07910156406249999
2 0.8525390640625 0.41796875 0.8310546859375 0.427734375 0.828125 0.4404296859375 0.8486328140625 0.466796875 0.861328125 0.4697265640625 0.85546875 0.4462890640625 0.8759765640625 0.443359375 0.8828125 0.4306640640625 0.8525390640625 0.41796875
2 0.892578125 0.5205078140625 0.8857421859375 0.513671875 0.8701171859375 0.525390625 0.857421875 0.5244140640625 0.865234375 0.5537109359375 0.861328125 0.5791015640625 0.869140625 0.5810546859375 0.8798828140625 0.55859375 0.900390625 0.5537109359375 0.88671875 0.5400390640625 0.892578125 0.5205078140625
2 0.85546875 0.6240234359375 0.8779296859375 0.65625 0.8876953140625 0.65625 0.9013671859375 0.671875 0.908203125 0.6708984359375 0.912109375 0.6552734359375 0.8955078140625 0.638671875 0.8740234359375 0.625 0.85546875 0.6240234359375
2 0.9609375 0.7939453140625 0.98046875 0.7607421859375 0.9560546859375 0.748046875 0.94140625 0.7646484359375 0.9609375 0.7939453140625
2 0.95703125 0.9150390640625 0.9609375 0.8837890640625 0.9443359359375 0.87890625 0.939453125 0.8935546859375 0.95703125 0.9150390640625
2 0.9677734359375 0.8984375 0.962890625 0.9072265640625 0.978515625 0.9345703140625 0.990234375 0.9404296859375 0.9921875 0.9248046859375 1 0.9189453140625 0.9931640640625 0.888671875 0.9677734359375 0.8984375