2 0 0.5966796859375 0.0126953140625 0.59375 0.029296875 0.6005859359375 0.0234375 0.5771484359375 0.03125 0.5634765640625 0.0009765640625 0.568359375 0 0.5966796859375
2 0.083984375 0.6708984359375 0.06738281406249999 0.63671875 0.060546875 0.6376953140625 0.060546875 0.6865234359375 0.046875 0.7119140640625 0.049804685937499996 0.72265625 0.05859375 0.7216796859375 0.07324218593750001 0.708984375 0.087890625 0.7080078140625 0.080078125 0.6923828140625 0.083984375 0.6708984359375
2 0.11621093593750001 0.771484375 0.083984375 0.7783203140625 0.0859375 0.8232421859375 0.09375 0.8251953140625 0.107421875 0.8154296859375 0.111328125 0.7978515640625 0.12109375 0.7900390640625 0.11621093593750001 0.771484375
2 0.146484375 0.8701171859375 0.158203125 0.8466796859375 0.1435546859375 0.83203125 0.130859375 0.8427734359375 0.12109375 0.8759765640625 0.109375 0.8876953140625 0.11230468593750001 0.896484375 0.134765625 0.9052734359375 0.115234375 0.9287109359375 0.126953125 0.9384765640625 0.123046875 0.9658203140625 0.13671875 0.9677734359375 0.15234375 0.9482421859375 0.150390625 0.9345703140625 0.16015625 0.9130859359375 0.146484375 0.8701171859375
2 0.1611328140625 0.982421875 0.15625 0.9912109359375 0.1572265640625 1 0.208984375 0.9990234359375 0.201171875 0.9814453140625 0.1826171859375 0.970703125 0.1728515640625 0.984375 0.1611328140625 0.982421875
2 0.451171875 0.6123046859375 0.4423828140625 0.603515625 0.43359375 0.6357421859375 0.4375 0.6669921859375 0.4130859359375 0.66796875 0.412109375 0.6787109359375 0.4228515640625 0.70703125 0.451171875 0.7158203140625 0.4609375 0.7001953140625 0.451171875 0.6904296859375 0.455078125 0.6435546859375 0.451171875 0.6123046859375
2 0.34375 0.4423828140625 0.361328125 0.4306640640625 0.3544921859375 0.412109375 0.3291015640625 0.400390625 0.322265625 0.4072265640625 0.326171875 0.4287109359375 0.314453125 0.4365234359375 0.306640625 0.4541015640625 0.306640625 0.4619140640625 0.318359375 0.4658203140625 0.3291015640625 0.455078125 0.3427734359375 0.458984375 0.34765625 0.4541015640625 0.34375 0.4423828140625
2 0.2939453140625 0.28125 0.2783203140625 0.279296875 0.2734375 0.2900390640625 0.2978515640625 0.314453125 0.310546875 0.3134765640625 0.318359375 0.3076171859375 0.3203125 0.2861328140625 0.2998046859375 0.265625 0.2939453140625 0.28125
2 0.2861328140625 0.21875 0.2734375 0.2373046859375 0.2822265640625 0.251953125 0.296875 0.2509765640625 0.30859375 0.2412109359375 0.3125 0.2216796859375 0.3076171859375 0.21484375 0.2861328140625 0.21875
2 0.5146484359375 0.82421875 0.48828125 0.8251953140625 0.48046875 0.8564453140625 0.48046875 0.8681640640625 0.48828125 0.8701171859375 0.4990234359375 0.8515625 0.515625 0.8466796859375 0.51953125 0.8291015640625 0.5146484359375 0.82421875
2 0.5478515640625 0.9375 0.5361328140625 0.919921875 0.525390625 0.9384765640625 0.533203125 0.9580078140625 0.525390625 0.9794921859375 0.533203125 0.9794921859375 0.5498046859375 0.9765625 0.560546875 0.9560546859375 0.560546875 0.9404296859375 0.5478515640625 0.9375
2 0.8740234359375 0.67578125 0.8583984359375 0.68359375 0.8447265640625 0.669921875 0.837890625 0.6748046859375 0.83984375 0.7138671859375 0.861328125 0.7451171859375 0.876953125 0.7509765640625 0.89453125 0.7216796859375 0.888671875 0.7060546859375 0.890625 0.6845703140625 0.8740234359375 0.67578125
2 0.8017578140625 0.51953125 0.794921875 0.5263671859375 0.794921875 0.5400390640625 0.81640625 0.5576171859375 0.8232421859375 0.55078125 0.8427734359375 0.55078125 0.84765625 0.5361328140625 0.8017578140625 0.51953125
2 0.66796875 0.2119140640625 0.6748046859375 0.220703125 0.693359375 0.2197265640625 0.70703125 0.2119140640625 0.70703125 0.2021484359375 0.6904296859375 0.1796875 0.66796875 0.2119140640625
2 0.595703125 0.0595703140625 0.607421875 0.06542968593750001 0.625 0.045898435937499996 0.625 0.038085935937499996 0.5986328140625 0.021484375 0.595703125 0.0595703140625
2 0.751953125 0.3349609359375 0.7451171859375 0.33203125 0.73046875 0.3427734359375 0.728515625 0.3564453140625 0.73828125 0.3818359359375 0.748046875 0.3818359359375 0.759765625 0.3740234359375 0.76171875 0.3642578140625 0.748046875 0.3505859359375 0.751953125 0.3349609359375