2 0.04296875 0.2197265640625 0.02734375 0.1982421859375 0.0234375 0.1708984359375 0.013671875 0.1591796859375 0.009765625 0.09667968593750001 0.020507814062499997 0.087890625 0.032226564062500004 0.095703125 0.03515625 0.08691406406249999 0.0009765640625 0.041015625 0 0.1884765640625 0.013671875 0.1962890640625 0.0078125 0.2138671859375 0.041015625 0.2763671859375 0.0546875 0.2802734359375 0.06640625 0.2705078140625 0.068359375 0.2548828140625 0.046875 0.2392578140625 0.04296875 0.2197265640625
2 0.265625 0.6630859359375 0.2607421859375 0.66015625 0.2373046859375 0.67578125 0.2265625 0.6708984359375 0.23046875 0.6259765640625 0.208984375 0.6162109359375 0.197265625 0.5771484359375 0.201171875 0.5556640640625 0.19140625 0.5419921859375 0.1953125 0.5166015640625 0.185546875 0.5029296859375 0.185546875 0.4716796859375 0.17578125 0.4462890640625 0.177734375 0.4228515640625 0.1533203140625 0.419921875 0.140625 0.4072265640625 0.13671875 0.3896484359375 0.11816406406249999 0.3828125 0.10449218593750001 0.36328125 0.087890625 0.3720703140625 0.09082031406249999 0.40234375 0.0556640640625 0.376953125 0.056640625 0.3994140640625 0.037109375 0.4208984359375 0.045898435937499996 0.4375 0.06933593593750001 0.4375 0.07519531406249999 0.455078125 0.083984375 0.4248046859375 0.10058593593750001 0.4140625 0.10644531406249999 0.412109375 0.12890625 0.4287109359375 0.1328125 0.4580078140625 0.09863281406249999 0.453125 0.083984375 0.4638671859375 0.080078125 0.4794921859375 0.08886718593750001 0.48828125 0.115234375 0.4951171859375 0.1171875 0.5322265640625 0.126953125 0.5517578140625 0.126953125 0.5791015640625 0.1328125 0.5888671859375 0.154296875 0.5947265640625 0.1533203140625 0.61328125 0.1689453140625 0.611328125 0.1826171859375 0.625 0.203125 0.6318359359375 0.197265625 0.6591796859375 0.21875 0.6708984359375 0.21875 0.7021484359375 0.1953125 0.7392578140625 0.2021484359375 0.748046875 0.216796875 0.7470703140625 0.2431640640625 0.734375 0.2421875 0.7177734359375 0.265625 0.7060546859375 0.265625 0.6630859359375
2 0.328125 0.8232421859375 0.298828125 0.7744140640625 0.2890625 0.7685546859375 0.2861328140625 0.751953125 0.267578125 0.7587890640625 0.265625 0.7744140640625 0.24609375 0.7919921859375 0.24609375 0.8076171859375 0.2529296859375 0.814453125 0.2744140640625 0.796875 0.2958984359375 0.80078125 0.30078125 0.8076171859375 0.287109375 0.8271484359375 0.287109375 0.8408203140625 0.294921875 0.8447265640625 0.3095703140625 0.8359375 0.3173828140625 0.83984375 0.328125 0.8310546859375 0.328125 0.8232421859375
2 0.365234375 0.8916015640625 0.3603515640625 0.8828125 0.3525390640625 0.8828125 0.33203125 0.8955078140625 0.337890625 0.9111328140625 0.33203125 0.9326171859375 0.3359375 0.9501953140625 0.353515625 0.9677734359375 0.357421875 0.9990234359375 0.37109375 0.9990234359375 0.388671875 0.9931640640625 0.388671875 0.9697265640625 0.373046875 0.9599609359375 0.365234375 0.8916015640625
2 0.09277343593750001 0.97265625 0.08886718593750001 0.962890625 0.045898435937499996 0.984375 0.037109375 0.9951171859375 0.038085935937499996 1 0.08984375 0.9990234359375 0.10644531406249999 0.99609375 0.111328125 0.9833984359375 0.10449218593750001 0.97265625 0.09277343593750001 0.97265625
2 0.40625 0.11816406406249999 0.40625 0.10644531406249999 0.3720703140625 0.068359375 0.369140625 0.08496093593750001 0.384765625 0.11816406406249999 0.384765625 0.1318359359375 0.3779296859375 0.138671875 0.3671875 0.1376953140625 0.36328125 0.1689453140625 0.3955078140625 0.185546875 0.408203125 0.2119140640625 0.416015625 0.2119140640625 0.41796875 0.1669921859375 0.423828125 0.1591796859375 0.396484375 0.1279296859375 0.40625 0.11816406406249999
2 0.478515625 0.3876953140625 0.466796875 0.3369140640625 0.4345703140625 0.310546875 0.43359375 0.3310546859375 0.42578125 0.3388671859375 0.4345703140625 0.359375 0.4482421859375 0.35546875 0.4609375 0.3681640640625 0.4609375 0.3798828140625 0.4453125 0.4052734359375 0.458984375 0.4169921859375 0.458984375 0.4306640640625 0.466796875 0.4365234359375 0.4736328140625 0.41015625 0.4892578140625 0.419921875 0.498046875 0.4150390640625 0.478515625 0.3876953140625
2 0.521484375 0.5244140640625 0.52734375 0.5244140640625 0.53515625 0.5107421859375 0.5244140640625 0.49609375 0.515625 0.5107421859375 0.521484375 0.5244140640625
2 0.544921875 0.6337890640625 0.560546875 0.6396484359375 0.56640625 0.6201171859375 0.5517578140625 0.603515625 0.541015625 0.6123046859375 0.544921875 0.6337890640625
2 0.6787109359375 0.978515625 0.677734375 0.9990234359375 0.69140625 0.9990234359375 0.6787109359375 0.978515625
2 0.625 0.7568359359375 0.6083984359375 0.740234375 0.603515625 0.7490234359375 0.603515625 0.7666015640625 0.611328125 0.7783203140625 0.607421875 0.8095703140625 0.615234375 0.8134765640625 0.634765625 0.7998046859375 0.634765625 0.7919921859375 0.62109375 0.7724609359375 0.625 0.7568359359375
2 0.6533203140625 0.86328125 0.6376953140625 0.857421875 0.626953125 0.8818359359375 0.64453125 0.8974609359375 0.640625 0.9443359359375 0.650390625 0.9462890640625 0.662109375 0.9384765640625 0.650390625 0.8994140640625 0.66015625 0.8740234359375 0.6533203140625 0.86328125
2 0.953125 0.8681640640625 0.955078125 0.8486328140625 0.9482421859375 0.845703125 0.935546875 0.8603515640625 0.935546875 0.8876953140625 0.947265625 0.9013671859375 0.95703125 0.9443359359375 0.970703125 0.9560546859375 0.9765625 0.9501953140625 0.9765625 0.8994140640625 0.970703125 0.8798828140625 0.953125 0.8681640640625
2 0.9326171859375 0.689453125 0.935546875 0.6767578140625 0.919921875 0.6689453140625 0.9111328140625 0.646484375 0.8974609359375 0.640625 0.896484375 0.7001953140625 0.88671875 0.7119140640625 0.904296875 0.7412109359375 0.90625 0.7216796859375 0.919921875 0.7197265640625 0.916015625 0.6962890640625 0.9326171859375 0.689453125
2 0.794921875 0.4267578140625 0.8046875 0.3857421859375 0.7802734359375 0.36328125 0.783203125 0.4267578140625 0.794921875 0.4267578140625
2 0.779296875 0.2021484359375 0.78125 0.1865234359375 0.7666015640625 0.16796875 0.763671875 0.1787109359375 0.779296875 0.2021484359375
2 0.80078125 0.2177734359375 0.82421875 0.1962890640625 0.8193359359375 0.185546875 0.8017578140625 0.185546875 0.79296875 0.1982421859375 0.791015625 0.2216796859375 0.767578125 0.2333984359375 0.7705078140625 0.24609375 0.78515625 0.2470703140625 0.7939453140625 0.234375 0.8056640640625 0.23828125 0.818359375 0.2314453140625 0.80078125 0.2177734359375
2 0.3505859359375 0 0.341796875 0.020507814062499997 0.33984375 0.045898435937499996 0.3515625 0.0556640640625 0.365234375 0.047851564062500004 0.3623046859375 0 0.3505859359375 0