2 0.0556640640625 0.21484375 0.064453125 0.2138671859375 0.080078125 0.1982421859375 0.07714843593750001 0.193359375 0.0546875 0.2099609359375 0.0556640640625 0.21484375
2 0 0.08105468593750001 0.009765625 0.08105468593750001 0.015625 0.07519531406249999 0.013671875 0.045898435937499996 0.0009765640625 0.03125 0 0.08105468593750001
2 0.041015625 0.12207031406249999 0.040039064062500004 0.13671875 0.07519531406249999 0.158203125 0.09765625 0.1611328140625 0.09472656406249999 0.15234375 0.06933593593750001 0.142578125 0.0576171859375 0.123046875 0.041015625 0.12207031406249999
2 0.115234375 0.2919921859375 0.11035156406249999 0.283203125 0.09472656406249999 0.279296875 0.0703125 0.2998046859375 0.08203125 0.3369140640625 0.06640625 0.3505859359375 0.0625 0.3642578140625 0.06738281406249999 0.376953125 0.083984375 0.3779296859375 0.10546875 0.3681640640625 0.095703125 0.3193359359375 0.099609375 0.3037109359375 0.115234375 0.2919921859375
2 0.1416015640625 0.52734375 0.15234375 0.5263671859375 0.154296875 0.4951171859375 0.1474609359375 0.490234375 0.138671875 0.5146484359375 0.1416015640625 0.52734375
2 0.2236328140625 0.66796875 0.2080078140625 0.671875 0.1943359359375 0.662109375 0.1748046859375 0.66796875 0.1875 0.6845703140625 0.18359375 0.7021484359375 0.189453125 0.7138671859375 0.2138671859375 0.740234375 0.220703125 0.7392578140625 0.24609375 0.7236328140625 0.232421875 0.7021484359375 0.228515625 0.6728515640625 0.2236328140625 0.66796875
2 0.19921875 0.5458984359375 0.1767578140625 0.546875 0.1650390640625 0.5390625 0.1533203140625 0.546875 0.1416015640625 0.5390625 0.1259765640625 0.548828125 0.111328125 0.5712890640625 0.111328125 0.5849609359375 0.1279296859375 0.595703125 0.1494140640625 0.59765625 0.1650390640625 0.611328125 0.177734375 0.6103515640625 0.18359375 0.6064453140625 0.18359375 0.5830078140625 0.19921875 0.5654296859375 0.19921875 0.5458984359375
2 0.3076171859375 0.90234375 0.2880859359375 0.91796875 0.2802734359375 0.916015625 0.27734375 0.8896484359375 0.2705078140625 0.880859375 0.2548828140625 0.896484375 0.2412109359375 0.8984375 0.240234375 0.9091796859375 0.2578125 0.9248046859375 0.26953125 0.9521484359375 0.2861328140625 0.958984375 0.3095703140625 0.951171875 0.318359375 0.9990234359375 0.3359375 0.9990234359375 0.333984375 0.9580078140625 0.341796875 0.9365234359375 0.337890625 0.9189453140625 0.3076171859375 0.90234375
2 0.421875 0.1337890640625 0.421875 0.1416015640625 0.435546875 0.1513671859375 0.44140625 0.1474609359375 0.44140625 0.1337890640625 0.4326171859375 0.125 0.421875 0.1337890640625
2 0.38671875 0.0263671859375 0.40234375 0.0283203140625 0.419921875 0.010742185937499999 0.4189453140625 0 0.392578125 0.0009765640625 0.38671875 0.0263671859375
2 0.486328125 0.2119140640625 0.48828125 0.1513671859375 0.4814453140625 0.14453125 0.4501953140625 0.169921875 0.4384765640625 0.1640625 0.44140625 0.1689453140625 0.4296875 0.1826171859375 0.43359375 0.2041015640625 0.443359375 0.2158203140625 0.443359375 0.2470703140625 0.44921875 0.2607421859375 0.458984375 0.2646484359375 0.4951171859375 0.25390625 0.5078125 0.2236328140625 0.5009765640625 0.208984375 0.486328125 0.2119140640625
2 0.53125 0.5068359359375 0.529296875 0.5400390640625 0.53515625 0.5419921859375 0.556640625 0.5361328140625 0.5458984359375 0.490234375 0.53515625 0.4951171859375 0.53125 0.5068359359375
2 0.6123046859375 0.853515625 0.626953125 0.8525390640625 0.646484375 0.8408203140625 0.6298828140625 0.798828125 0.607421875 0.8408203140625 0.6123046859375 0.853515625
2 0.693359375 0.8818359359375 0.6865234359375 0.875 0.669921875 0.8818359359375 0.662109375 0.9033203140625 0.673828125 0.9599609359375 0.671875 0.9814453140625 0.68359375 0.9873046859375 0.703125 0.9697265640625 0.70703125 0.9521484359375 0.6953125 0.9287109359375 0.693359375 0.8818359359375
2 0.6142578140625 0.599609375 0.599609375 0.6044921859375 0.595703125 0.5732421859375 0.5791015640625 0.560546875 0.57421875 0.5654296859375 0.578125 0.6064453140625 0.591796875 0.6240234359375 0.58203125 0.6455078140625 0.5625 0.6572265640625 0.5625 0.6708984359375 0.5732421859375 0.681640625 0.619140625 0.6904296859375 0.634765625 0.6611328140625 0.623046875 0.6396484359375 0.62109375 0.6083984359375 0.6142578140625 0.599609375
2 0.96484375 0.8037109359375 0.990234375 0.8291015640625 0.98828125 0.8466796859375 0.99609375 0.8525390640625 1 0.7646484359375 0.9736328140625 0.751953125 0.962890625 0.7783203140625 0.96484375 0.8037109359375
2 0.873046875 0.4267578140625 0.896484375 0.3779296859375 0.8916015640625 0.37109375 0.8759765640625 0.375 0.8544921859375 0.345703125 0.849609375 0.3701171859375 0.859375 0.3935546859375 0.857421875 0.4326171859375 0.875 0.4716796859375 0.873046875 0.4814453140625 0.880859375 0.4853515640625 0.908203125 0.4716796859375 0.9013671859375 0.451171875 0.875 0.4482421859375 0.873046875 0.4267578140625