2 0.169921875 0.0126953140625 0.17578125 0.010742185937499999 0.1767578140625 0 0.142578125 0.0009765640625 0.169921875 0.0126953140625
2 0.1748046859375 0.056640625 0.1533203140625 0.05078125 0.142578125 0.06347656406249999 0.16796875 0.08105468593750001 0.1767578140625 0.103515625 0.185546875 0.10253906406249999 0.201171875 0.0556640640625 0.1943359359375 0.033203125 0.1796875 0.038085935937499996 0.1748046859375 0.056640625
2 0.4365234359375 0.845703125 0.43359375 0.8779296859375 0.443359375 0.8857421859375 0.4638671859375 0.880859375 0.46875 0.8662109359375 0.4599609359375 0.853515625 0.4365234359375 0.845703125
2 0.37109375 0.6865234359375 0.369140625 0.6982421859375 0.3828125 0.7197265640625 0.38671875 0.7509765640625 0.400390625 0.7646484359375 0.40625 0.7197265640625 0.3984375 0.6806640640625 0.3876953140625 0.673828125 0.37109375 0.6865234359375
2 0.025390625 0.7939453140625 0.033203125 0.7822265640625 0.034179685937499996 0.73828125 0.009765625 0.7509765640625 0.025390625 0.7939453140625
2 0.6220703140625 0.28125 0.5888671859375 0.279296875 0.583984375 0.2900390640625 0.59375 0.3056640640625 0.58984375 0.3154296859375 0.607421875 0.3408203140625 0.623046875 0.3232421859375 0.62109375 0.3076171859375 0.630859375 0.2919921859375 0.6220703140625 0.28125
2 0.546875 0.1416015640625 0.560546875 0.1494140640625 0.5703125 0.10058593593750001 0.5654296859375 0.087890625 0.546875 0.1279296859375 0.546875 0.1416015640625
2 0.93359375 0.2998046859375 0.9306640640625 0.28125 0.9111328140625 0.287109375 0.908203125 0.2939453140625 0.90625 0.3291015640625 0.916015625 0.3330078140625 0.9287109359375 0.322265625 0.955078125 0.3271484359375 0.953125 0.3115234359375 0.93359375 0.2998046859375
2 0.9580078140625 0.44921875 0.970703125 0.4501953140625 0.982421875 0.4326171859375 0.9677734359375 0.419921875 0.94921875 0.4404296859375 0.9580078140625 0.44921875
2 1 0.4833984359375 0.9951171859375 0.482421875 0.986328125 0.4912109359375 0.9765625 0.5263671859375 0.984375 0.5361328140625 0.986328125 0.5751953140625 0.9931640640625 0.583984375 1 0.5830078140625 1 0.4833984359375
2 0.755859375 0.6689453140625 0.759765625 0.6611328140625 0.7509765640625 0.65625 0.75 0.6669921859375 0.755859375 0.6689453140625
2 0.77734375 0.8837890640625 0.78125 0.9013671859375 0.7763671859375 0.8671875 0.767578125 0.8759765640625 0.7705078140625 0.884765625 0.77734375 0.8837890640625
2 0.9677734359375 0.65234375 0.978515625 0.6865234359375 0.990234375 0.6943359359375 0.9677734359375 0.65234375
2 0.751953125 0.7939453140625 0.7548828140625 0.787109375 0.76953125 0.8193359359375 0.78125 0.7978515640625 0.7626953140625 0.755859375 0.75 0.7685546859375 0.751953125 0.7939453140625
2 0.73828125 0.6689453140625 0.7236328140625 0.65234375 0.71484375 0.6767578140625 0.720703125 0.7001953140625 0.732421875 0.7158203140625 0.734375 0.7021484359375 0.767578125 0.6748046859375 0.7333984359375 0.689453125 0.73828125 0.6689453140625
2 0.8291015640625 0.91015625 0.8212890640625 0.919921875 0.8076171859375 0.89453125 0.796875 0.9150390640625 0.78125 0.9228515640625 0.7890625 0.9404296859375 0.796875 0.9423828140625 0.8037109359375 0.927734375 0.8134765640625 0.931640625 0.873046875 0.8935546859375 0.8291015640625 0.91015625