2 0.1630859359375 0 0.166015625 0.022460935937500003 0.185546875 0.041992185937499996 0.19140625 0.010742185937499999 0.1826171859375 0 0.1630859359375 0
2 0.4853515640625 0.974609375 0.48046875 0.9794921859375 0.4814453140625 1 0.5107421859375 0.9921875 0.525390625 0.9990234359375 0.529296875 0.9755859359375 0.5244140640625 0.96875 0.5087890640625 0.978515625 0.4853515640625 0.974609375
2 0.4716796859375 0.875 0.462890625 0.8779296859375 0.451171875 0.8994140640625 0.45703125 0.9248046859375 0.466796875 0.9306640640625 0.4765625 0.9267578140625 0.482421875 0.9091796859375 0.482421875 0.8935546859375 0.4716796859375 0.875
2 0.41015625 0.7333984359375 0.41015625 0.6806640640625 0.376953125 0.6376953140625 0.37109375 0.5791015640625 0.3623046859375 0.56640625 0.353515625 0.5869140640625 0.353515625 0.6162109359375 0.341796875 0.6279296859375 0.345703125 0.6591796859375 0.361328125 0.7001953140625 0.373046875 0.7060546859375 0.375 0.7353515640625 0.38671875 0.7705078140625 0.3974609359375 0.78125 0.43359375 0.7880859359375 0.44921875 0.7568359359375 0.4443359359375 0.75 0.4228515640625 0.75 0.41015625 0.7333984359375
2 0.3359375 0.3740234359375 0.337890625 0.3447265640625 0.326171875 0.3349609359375 0.322265625 0.3193359359375 0.333984375 0.2919921859375 0.330078125 0.2685546859375 0.33984375 0.2451171859375 0.33984375 0.2353515640625 0.326171875 0.2177734359375 0.3173828140625 0.171875 0.2958984359375 0.1875 0.2861328140625 0.177734375 0.28125 0.1806640640625 0.28125 0.2041015640625 0.265625 0.2197265640625 0.271484375 0.2548828140625 0.255859375 0.2802734359375 0.2421875 0.2900390640625 0.2509765640625 0.314453125 0.2666015640625 0.314453125 0.2802734359375 0.296875 0.294921875 0.2978515640625 0.294921875 0.3369140640625 0.2822265640625 0.34375 0.263671875 0.3388671859375 0.2578125 0.3876953140625 0.2666015640625 0.40234375 0.2890625 0.4091796859375 0.306640625 0.4404296859375 0.310546875 0.4560546859375 0.3046875 0.4853515640625 0.3125 0.4990234359375 0.3271484359375 0.498046875 0.330078125 0.4912109359375 0.330078125 0.3779296859375 0.3359375 0.3740234359375
2 0.810546875 0.9873046859375 0.8154296859375 1 0.861328125 0.9990234359375 0.8505859359375 0.982421875 0.8408203140625 0.984375 0.8310546859375 0.9765625 0.810546875 0.9873046859375
2 0.7734375 0.7294921859375 0.78515625 0.7041015640625 0.7587890640625 0.677734375 0.736328125 0.7041015640625 0.7734375 0.7294921859375
2 0.8017578140625 0.890625 0.798828125 0.9091796859375 0.80859375 0.9306640640625 0.806640625 0.9462890640625 0.8154296859375 0.955078125 0.83984375 0.9541015640625 0.849609375 0.9228515640625 0.8251953140625 0.91796875 0.818359375 0.9033203140625 0.8017578140625 0.890625
2 0.744140625 0.5751953140625 0.734375 0.6044921859375 0.716796875 0.6259765640625 0.71484375 0.6552734359375 0.740234375 0.6669921859375 0.7578125 0.6435546859375 0.7578125 0.5791015640625 0.7529296859375 0.5703125 0.744140625 0.5751953140625
2 0.728515625 0.4853515640625 0.7236328140625 0.47265625 0.7021484359375 0.48046875 0.6953125 0.4619140640625 0.6884765640625 0.458984375 0.6796875 0.4775390640625 0.6796875 0.5458984359375 0.69140625 0.5556640640625 0.6953125 0.5810546859375 0.70703125 0.5849609359375 0.720703125 0.5556640640625 0.708984375 0.5185546859375 0.7265625 0.4970703140625 0.728515625 0.4853515640625
2 0.6484375 0.3662109359375 0.6640625 0.3447265640625 0.6376953140625 0.322265625 0.6328125 0.3466796859375 0.6484375 0.3662109359375
2 0.96484375 0.2392578140625 0.974609375 0.2490234359375 0.98046875 0.2822265640625 0.986328125 0.2841796859375 1 0.2705078140625 0.9990234359375 0.208984375 0.9736328140625 0.22265625 0.96484375 0.2392578140625
2 0.935546875 0.09863281406249999 0.9443359359375 0.109375 0.951171875 0.10839843593750001 0.9609375 0.08300781406249999 0.9638671859375 0.0234375 0.931640625 0.0517578140625 0.935546875 0.09863281406249999
2 0 0.7314453140625 0.005859375 0.7314453140625 0.015625 0.7255859359375 0.03125 0.6943359359375 0.0146484359375 0.658203125 0 0.6650390640625 0 0.7314453140625
2 0.036132814062500004 0.740234375 0.025390625 0.7587890640625 0.001953125 0.7744140640625 0.00390625 0.7900390640625 0.03515625 0.8076171859375 0.064453125 0.7705078140625 0.0625 0.7587890640625 0.043945314062500004 0.740234375 0.036132814062500004 0.740234375
2 0.09277343593750001 0.919921875 0.08105468593750001 0.90625 0.06640625 0.9306640640625 0.06640625 0.9619140640625 0.07519531406249999 0.974609375 0.08984375 0.9755859359375 0.11328125 0.9560546859375 0.1171875 0.9326171859375 0.11035156406249999 0.9140625 0.09277343593750001 0.919921875