2 0 0.1416015640625 0.013671875 0.1611328140625 0.0146484359375 0.181640625 0.0302734359375 0.16796875 0.043945314062500004 0.18359375 0.0546875 0.1845703140625 0.056640625 0.2041015640625 0.044921875 0.2333984359375 0.05859375 0.2470703140625 0.07910156406249999 0.220703125 0.08886718593750001 0.22265625 0.09765625 0.2138671859375 0.09765625 0.2021484359375 0.06640625 0.1337890640625 0.064453125 0.11035156406249999 0.052734375 0.11035156406249999 0.049804685937499996 0.126953125 0.038085935937499996 0.11328125 0.029296875 0.11621093593750001 0.03515625 0.11816406406249999 0.0302734359375 0.125 0.017578125 0.11035156406249999 0.03125 0.10644531406249999 0.02734375 0.09472656406249999 0.033203125 0.06347656406249999 0.0263671859375 0.056640625 0.016601564062499997 0.060546875 0.0009765640625 0.046875 0 0.09863281406249999 0.005859375 0.10253906406249999 0 0.10839843593750001 0 0.1416015640625
2 0.107421875 0.2373046859375 0.107421875 0.2919921859375 0.11621093593750001 0.296875 0.12402343593750001 0.291015625 0.138671875 0.2998046859375 0.146484375 0.2666015640625 0.130859375 0.2412109359375 0.11425781406249999 0.232421875 0.107421875 0.2373046859375
2 0.1826171859375 0.427734375 0.169921875 0.3935546859375 0.13671875 0.3779296859375 0.1357421859375 0.330078125 0.126953125 0.3388671859375 0.12402343593750001 0.35546875 0.09863281406249999 0.337890625 0.1015625 0.4248046859375 0.140625 0.4443359359375 0.1357421859375 0.45703125 0.109375 0.4619140640625 0.103515625 0.4951171859375 0.11621093593750001 0.49609375 0.1396484359375 0.46875 0.1552734359375 0.4765625 0.1767578140625 0.4609375 0.18359375 0.4697265640625 0.1875 0.4990234359375 0.1953125 0.5029296859375 0.203125 0.4521484359375 0.1953125 0.4228515640625 0.1884765640625 0.41796875 0.1826171859375 0.427734375
2 0.2177734359375 0.595703125 0.2080078140625 0.59375 0.212890625 0.6298828140625 0.20703125 0.6435546859375 0.220703125 0.6494140640625 0.25 0.6259765640625 0.2431640640625 0.61328125 0.2333984359375 0.61328125 0.2177734359375 0.595703125
2 0.236328125 0.5302734359375 0.2255859359375 0.52734375 0.2158203140625 0.5390625 0.2109375 0.5341796859375 0.21484375 0.5185546859375 0.2080078140625 0.509765625 0.1962890640625 0.51953125 0.1669921859375 0.49609375 0.173828125 0.5439453140625 0.1806640640625 0.55078125 0.2041015640625 0.54296875 0.21484375 0.5478515640625 0.2109375 0.5927734359375 0.224609375 0.5986328140625 0.234375 0.5810546859375 0.2265625 0.5537109359375 0.236328125 0.5458984359375 0.236328125 0.5302734359375
2 0.30078125 0.7607421859375 0.3193359359375 0.775390625 0.33203125 0.7763671859375 0.33984375 0.7529296859375 0.326171875 0.7451171859375 0.3251953140625 0.724609375 0.30078125 0.7607421859375
2 0.361328125 0.0146484359375 0.36328125 0.0263671859375 0.375 0.032226564062500004 0.376953125 0.0009765640625 0.3701171859375 0 0.361328125 0.0048828140625 0.361328125 0.0146484359375
2 0.65625 0.9169921859375 0.6650390640625 0.923828125 0.677734375 0.9228515640625 0.681640625 0.9169921859375 0.67578125 0.8935546859375 0.6591796859375 0.876953125 0.65625 0.9169921859375
2 0.58203125 0.7041015640625 0.59765625 0.7177734359375 0.6015625 0.7333984359375 0.609375 0.7353515640625 0.6328125 0.6904296859375 0.6064453140625 0.677734375 0.58203125 0.6923828140625 0.58203125 0.7041015640625
2 0.42578125 0.0615234359375 0.4228515640625 0.048828125 0.408203125 0.047851564062500004 0.4013671859375 0.021484375 0.3916015640625 0.044921875 0.3798828140625 0.0390625 0.375 0.045898435937499996 0.380859375 0.10058593593750001 0.388671875 0.10839843593750001 0.4013671859375 0.091796875 0.419921875 0.09863281406249999 0.41796875 0.07714843593750001 0.42578125 0.0615234359375
2 0.5361328140625 0.419921875 0.5205078140625 0.431640625 0.5029296859375 0.431640625 0.49609375 0.4404296859375 0.501953125 0.4638671859375 0.498046875 0.4794921859375 0.51171875 0.4833984359375 0.5439453140625 0.478515625 0.55078125 0.4677734359375 0.548828125 0.4345703140625 0.5361328140625 0.419921875
2 0.5361328140625 0.501953125 0.5126953140625 0.513671875 0.505859375 0.5302734359375 0.533203125 0.5498046859375 0.552734375 0.5810546859375 0.552734375 0.5908203140625 0.564453125 0.5947265640625 0.576171875 0.5751953140625 0.5625 0.5615234359375 0.552734375 0.5087890640625 0.5361328140625 0.501953125
2 0.396484375 0.9326171859375 0.404296875 0.9150390640625 0.384765625 0.8876953140625 0.392578125 0.8623046859375 0.3759765640625 0.845703125 0.359375 0.8759765640625 0.3623046859375 0.884765625 0.380859375 0.8896484359375 0.3671875 0.9267578140625 0.3671875 0.9970703140625 0.41796875 0.9990234359375 0.41796875 0.9853515640625 0.40625 0.9814453140625 0.3984375 0.9619140640625 0.396484375 0.9326171859375
2 0.5 0.3916015640625 0.505859375 0.3564453140625 0.49609375 0.3310546859375 0.5078125 0.3173828140625 0.5078125 0.3056640640625 0.4970703140625 0.2890625 0.4833984359375 0.296875 0.462890625 0.2958984359375 0.46875 0.3232421859375 0.455078125 0.3525390640625 0.46484375 0.3603515640625 0.4609375 0.4052734359375 0.46484375 0.4189453140625 0.47265625 0.4228515640625 0.4873046859375 0.4140625 0.4970703140625 0.416015625 0.505859375 0.4072265640625 0.5 0.3916015640625
2 0.4638671859375 0.20703125 0.4501953140625 0.205078125 0.435546875 0.1865234359375 0.4375 0.1591796859375 0.419921875 0.1298828140625 0.4091796859375 0.123046875 0.412109375 0.2275390640625 0.392578125 0.2412109359375 0.3984375 0.2626953140625 0.4072265640625 0.26953125 0.4306640640625 0.251953125 0.439453125 0.2822265640625 0.453125 0.2900390640625 0.455078125 0.2568359359375 0.466796875 0.2412109359375 0.46875 0.2177734359375 0.4638671859375 0.20703125
2 0.802734375 0.1630859359375 0.810546875 0.1572265640625 0.8056640640625 0.138671875 0.791015625 0.1572265640625 0.802734375 0.1630859359375
2 0.7734375 0.1259765640625 0.783203125 0.1318359359375 0.7939453140625 0.12890625 0.796875 0.11816406406249999 0.7802734359375 0.109375 0.7734375 0.1259765640625
2 0.73046875 0.0517578140625 0.7373046859375 0.060546875 0.75 0.0615234359375 0.75390625 0.0283203140625 0.7392578140625 0.025390625 0.73046875 0.036132814062500004 0.73046875 0.0517578140625
2 0.80859375 0.1904296859375 0.810546875 0.2197265640625 0.8251953140625 0.234375 0.837890625 0.2353515640625 0.841796875 0.2255859359375 0.833984375 0.1826171859375 0.8154296859375 0.171875 0.80859375 0.1904296859375
2 0.84765625 0.3291015640625 0.8427734359375 0.31640625 0.8310546859375 0.31640625 0.82421875 0.3330078140625 0.841796875 0.3564453140625 0.84375 0.3837890640625 0.869140625 0.4091796859375 0.873046875 0.3955078140625 0.865234375 0.3642578140625 0.84375 0.3544921859375 0.84765625 0.3291015640625
2 0.642578125 0.8388671859375 0.65234375 0.8427734359375 0.65234375 0.8115234359375 0.6416015640625 0.798828125 0.638671875 0.8232421859375 0.642578125 0.8388671859375