0 0.587890625 0.6748046859375 0.56640625 0.6650390640625 0.57421875 0.6279296859375 0.5625 0.6123046859375 0.560546875 0.5771484359375 0.5703125 0.5419921859375 0.5458984359375 0.52734375 0.537109375 0.5498046859375 0.5244140640625 0.5546875 0.515625 0.5322265640625 0.5087890640625 0.529296875 0.498046875 0.5732421859375 0.482421875 0.5810546859375 0.4716796859375 0.611328125 0.4609375 0.6005859359375 0.462890625 0.5771484359375 0.451171875 0.5693359359375 0.447265625 0.5478515640625 0.4267578140625 0.544921875 0.42578125 0.5654296859375 0.416015625 0.5830078140625 0.421875 0.6005859359375 0.4453125 0.6162109359375 0.43359375 0.6591796859375 0.470703125 0.6923828140625 0.484375 0.7431640640625 0.49609375 0.7568359359375 0.5 0.7744140640625 0.5302734359375 0.794921875 0.5390625 0.7939453140625 0.55859375 0.7626953140625 0.572265625 0.7177734359375 0.5703125 0.7041015640625 0.587890625 0.6748046859375
0 0.740234375 0.7255859359375 0.751953125 0.7041015640625 0.73828125 0.6943359359375 0.7353515640625 0.662109375 0.7216796859375 0.677734375 0.7119140640625 0.671875 0.69921875 0.6767578140625 0.6875 0.7177734359375 0.689453125 0.7392578140625 0.712890625 0.7744140640625 0.70703125 0.7998046859375 0.7177734359375 0.802734375 0.7275390640625 0.796875 0.73828125 0.8017578140625 0.763671875 0.7568359359375 0.7470703140625 0.751953125 0.740234375 0.7392578140625 0.740234375 0.7255859359375
2 0.5390625 0.8876953140625 0.541015625 0.9072265640625 0.5458984359375 0.9140625 0.5556640640625 0.912109375 0.5634765640625 0.923828125 0.5751953140625 0.919921875 0.58984375 0.9287109359375 0.59765625 0.9033203140625 0.5634765640625 0.85546875 0.560546875 0.8740234359375 0.5390625 0.8876953140625
2 0.46484375 0.3486328140625 0.46484375 0.2607421859375 0.474609375 0.2353515640625 0.45703125 0.2275390640625 0.4130859359375 0.162109375 0.3994140640625 0.173828125 0.3935546859375 0.169921875 0.3818359359375 0.17578125 0.369140625 0.1533203140625 0.3564453140625 0.1484375 0.353515625 0.1611328140625 0.365234375 0.1904296859375 0.359375 0.2158203140625 0.37109375 0.2275390640625 0.373046875 0.2392578140625 0.3681640640625 0.25 0.3447265640625 0.236328125 0.3359375 0.2470703140625 0.3359375 0.2666015640625 0.3525390640625 0.296875 0.3662109359375 0.3046875 0.3798828140625 0.2890625 0.38671875 0.2978515640625 0.38671875 0.3662109359375 0.376953125 0.3818359359375 0.3837890640625 0.388671875 0.396484375 0.3876953140625 0.4130859359375 0.36328125 0.4443359359375 0.373046875 0.451171875 0.3564453140625 0.46484375 0.3486328140625
2 0.404296875 0.4638671859375 0.412109375 0.4677734359375 0.419921875 0.4345703140625 0.4150390640625 0.427734375 0.3984375 0.4384765640625 0.404296875 0.4638671859375
2 0.27734375 0.9189453140625 0.2734375 0.9541015640625 0.28125 0.9560546859375 0.28515625 0.9091796859375 0.2783203140625 0.89453125 0.267578125 0.9111328140625 0.27734375 0.9189453140625
2 0.220703125 0.8232421859375 0.220703125 0.8408203140625 0.236328125 0.8564453140625 0.244140625 0.8388671859375 0.244140625 0.8173828140625 0.2294921859375 0.810546875 0.220703125 0.8232421859375
2 0 0.2705078140625 0.009765625 0.2705078140625 0.017578125 0.2587890640625 0.017578125 0.2294921859375 0.0009765640625 0.1875 0 0.2705078140625
2 0.1669921859375 0.6171875 0.15625 0.6396484359375 0.15625 0.6552734359375 0.162109375 0.6708984359375 0.171875 0.6748046859375 0.189453125 0.6591796859375 0.189453125 0.6376953140625 0.1767578140625 0.6328125 0.1669921859375 0.6171875
2 0 0.3447265640625 0.009765625 0.3701171859375 0.01953125 0.3720703140625 0.044921875 0.3525390640625 0.056640625 0.3330078140625 0.046875 0.3134765640625 0.038085935937499996 0.314453125 0.0302734359375 0.30078125 0.016601564062499997 0.310546875 0 0.3076171859375 0 0.3447265640625
2 0.11425781406249999 0.4765625 0.091796875 0.4501953140625 0.091796875 0.4091796859375 0.049804685937499996 0.412109375 0.044921875 0.4287109359375 0.076171875 0.4794921859375 0.0703125 0.5146484359375 0.095703125 0.5302734359375 0.095703125 0.5537109359375 0.11035156406249999 0.568359375 0.125 0.5712890640625 0.12890625 0.5341796859375 0.119140625 0.5146484359375 0.125 0.4794921859375 0.11425781406249999 0.4765625
2 0.1875 0.7568359359375 0.2021484359375 0.7734375 0.2109375 0.7744140640625 0.21484375 0.7666015640625 0.205078125 0.7490234359375 0.1904296859375 0.744140625 0.1875 0.7568359359375
2 0.140625 0.8994140640625 0.162109375 0.8583984359375 0.1572265640625 0.845703125 0.12890625 0.8818359359375 0.140625 0.8994140640625
2 0.5859375 0.9912109359375 0.5947265640625 1 0.60546875 0.9990234359375 0.607421875 0.9794921859375 0.5947265640625 0.962890625 0.587890625 0.9697265640625 0.5859375 0.9912109359375
2 0.814453125 0.8251953140625 0.8193359359375 0.83984375 0.830078125 0.8388671859375 0.853515625 0.8095703140625 0.853515625 0.7958984359375 0.8349609359375 0.787109375 0.814453125 0.8251953140625
2 0.8173828140625 0.70703125 0.802734375 0.7236328140625 0.794921875 0.7783203140625 0.822265625 0.7841796859375 0.828125 0.7412109359375 0.8203125 0.7353515640625 0.833984375 0.7197265640625 0.8173828140625 0.70703125
2 0.88671875 0.9111328140625 0.884765625 0.8876953140625 0.892578125 0.8740234359375 0.892578125 0.8525390640625 0.8837890640625 0.845703125 0.8623046859375 0.853515625 0.8486328140625 0.83984375 0.84765625 0.8876953140625 0.876953125 0.9580078140625 0.861328125 0.9873046859375 0.8720703140625 1 0.8984375 0.9990234359375 0.90625 0.9638671859375 0.90234375 0.9423828140625 0.91015625 0.9208984359375 0.88671875 0.9111328140625
2 0.6728515640625 0.078125 0.6650390640625 0.0703125 0.65625 0.07910156406249999 0.658203125 0.08691406406249999 0.67578125 0.09667968593750001 0.685546875 0.09082031406249999 0.685546875 0.07910156406249999 0.6806640640625 0.072265625 0.6728515640625 0.078125
2 0.7783203140625 0.6171875 0.791015625 0.6181640640625 0.791015625 0.5888671859375 0.7802734359375 0.587890625 0.767578125 0.6025390640625 0.7783203140625 0.6171875
2 0.7548828140625 0.45703125 0.740234375 0.4716796859375 0.7421875 0.5205078140625 0.751953125 0.5224609359375 0.78125 0.4990234359375 0.78515625 0.4677734359375 0.7802734359375 0.4609375 0.7548828140625 0.45703125
2 0.7431640640625 0.34765625 0.7314453140625 0.34765625 0.7265625 0.3623046859375 0.732421875 0.3798828140625 0.7109375 0.3916015640625 0.708984375 0.4052734359375 0.724609375 0.4384765640625 0.724609375 0.4560546859375 0.740234375 0.4560546859375 0.765625 0.4189453140625 0.75 0.3837890640625 0.751953125 0.3564453140625 0.7431640640625 0.34765625
2 0.703125 0.1884765640625 0.6923828140625 0.177734375 0.6650390640625 0.171875 0.6572265640625 0.185546875 0.640625 0.1923828140625 0.6484375 0.2080078140625 0.64453125 0.2412109359375 0.6611328140625 0.248046875 0.6748046859375 0.23828125 0.68359375 0.2470703140625 0.6953125 0.2412109359375 0.697265625 0.2255859359375 0.705078125 0.2197265640625 0.703125 0.1884765640625
0 0.7607421859375 0 0.75390625 0.0068359359375 0.7578125 0.0263671859375 0.74609375 0.049804685937499996 0.7607421859375 0.056640625 0.76171875 0.07324218593750001 0.771484375 0.07519531406249999 0.798828125 0.0517578140625 0.7890625 0.0263671859375 0.7919921859375 0.01953125 0.8046875 0.016601564062499997 0.8037109359375 0 0.7607421859375 0
2 0.6142578140625 0 0.615234375 0.0263671859375 0.623046875 0.047851564062500004 0.6328125 0.0517578140625 0.640625 0.034179685937499996 0.630859375 0.0126953140625 0.646484375 0.0009765640625 0.6142578140625 0
2 0.9990234359375 0.029296875 0.9921875 0.049804685937499996 1 0.0576171859375 0.9990234359375 0.029296875
2 0.9990234359375 0.181640625 0.990234375 0.2001953140625 1 0.2158203140625 0.9990234359375 0.181640625
2 0.9873046859375 0.125 1 0.1259765640625 0.9990234359375 0.080078125 0.984375 0.09472656406249999 0.978515625 0.11230468593750001 0.9873046859375 0.125