2 0.01171875 0.3603515640625 0.015625 0.3876953140625 0.03125 0.3935546859375 0.03125 0.3681640640625 0.024414064062499997 0.357421875 0.016601564062499997 0.357421875 0.01171875 0.3603515640625
2 0.0009765640625 0.390625 0 0.4775390640625 0.017578125 0.4775390640625 0.0390625 0.4560546859375 0.0234375 0.4423828140625 0.0234375 0.4169921859375 0.0009765640625 0.390625
2 0.05859375 0.5615234359375 0.05078125 0.5791015640625 0.052734375 0.5927734359375 0.068359375 0.5986328140625 0.087890625 0.5673828140625 0.083984375 0.5556640640625 0.07324218593750001 0.55078125 0.05859375 0.5615234359375
2 0.21875 0.8134765640625 0.2158203140625 0.794921875 0.1962890640625 0.80078125 0.177734375 0.8271484359375 0.193359375 0.8583984359375 0.1953125 0.8916015640625 0.201171875 0.8916015640625 0.220703125 0.8466796859375 0.203125 0.8330078140625 0.203125 0.8232421859375 0.21875 0.8134765640625
2 0.3125 0.049804685937499996 0.328125 0.0556640640625 0.3359375 0.0283203140625 0.3310546859375 0.021484375 0.3173828140625 0.021484375 0.3125 0.049804685937499996
2 0.41015625 0.3798828140625 0.41796875 0.3642578140625 0.3916015640625 0.35546875 0.39453125 0.3759765640625 0.41015625 0.3798828140625
2 0.5263671859375 0.634765625 0.5126953140625 0.619140625 0.509765625 0.6318359359375 0.517578125 0.6533203140625 0.513671875 0.6689453140625 0.5322265640625 0.677734375 0.5419921859375 0.697265625 0.55078125 0.6982421859375 0.55859375 0.6884765640625 0.552734375 0.6201171859375 0.5419921859375 0.6171875 0.5263671859375 0.634765625
2 0.5625 0.8134765640625 0.572265625 0.7763671859375 0.5498046859375 0.7578125 0.548828125 0.8017578140625 0.5625 0.8134765640625
2 0.9853515640625 0.72265625 1 0.7216796859375 0.9990234359375 0.689453125 0.96484375 0.6982421859375 0.9736328140625 0.71484375 0.9853515640625 0.72265625
2 0.94921875 0.5810546859375 0.93359375 0.6123046859375 0.919921875 0.6220703140625 0.9296875 0.6337890640625 0.935546875 0.6728515640625 0.951171875 0.6728515640625 0.951171875 0.6376953140625 0.966796875 0.6044921859375 0.9599609359375 0.576171875 0.94921875 0.5810546859375
2 0.888671875 0.4306640640625 0.8818359359375 0.41796875 0.8603515640625 0.412109375 0.8427734359375 0.421875 0.841796875 0.4287109359375 0.85546875 0.4697265640625 0.861328125 0.4716796859375 0.8671875 0.4599609359375 0.859375 0.4423828140625 0.8779296859375 0.443359375 0.888671875 0.4306640640625
2 0.8212890640625 0.328125 0.828125 0.3271484359375 0.837890625 0.3173828140625 0.8349609359375 0.3046875 0.814453125 0.3154296859375 0.8212890640625 0.328125
2 0.822265625 0.2138671859375 0.8154296859375 0.189453125 0.80859375 0.1923828140625 0.8046875 0.2119140640625 0.794921875 0.2216796859375 0.794921875 0.2529296859375 0.80078125 0.2568359359375 0.8232421859375 0.25 0.83984375 0.2294921859375 0.8369140640625 0.216796875 0.822265625 0.2138671859375
2 0.724609375 0.0009765640625 0.6962890640625 0 0.681640625 0.020507814062499997 0.6904296859375 0.037109375 0.703125 0.032226564062500004 0.71875 0.0576171859375 0.72265625 0.07910156406249999 0.73046875 0.07128906406249999 0.734375 0.049804685937499996 0.7265625 0.034179685937499996 0.724609375 0.0009765640625