2 0.794921875 0.8076171859375 0.798828125 0.7939453140625 0.7939453140625 0.775390625 0.78515625 0.8017578140625 0.794921875 0.8076171859375
2 0.7822265640625 0.646484375 0.77734375 0.6533203140625 0.78125 0.6767578140625 0.80859375 0.6845703140625 0.8251953140625 0.6796875 0.826171875 0.6728515640625 0.8095703140625 0.65625 0.7822265640625 0.646484375
2 0.8408203140625 0.826171875 0.8291015640625 0.818359375 0.826171875 0.8564453140625 0.830078125 0.8681640640625 0.837890625 0.8701171859375 0.857421875 0.8525390640625 0.861328125 0.8349609359375 0.8544921859375 0.82421875 0.8408203140625 0.826171875
2 0.84375 0.9365234359375 0.85546875 0.9404296859375 0.888671875 0.8994140640625 0.8857421859375 0.880859375 0.83984375 0.8857421859375 0.84375 0.9365234359375
2 0.6611328140625 0.19140625 0.654296875 0.2021484359375 0.654296875 0.2236328140625 0.662109375 0.2431640640625 0.66015625 0.2783203140625 0.66796875 0.2822265640625 0.703125 0.2470703140625 0.703125 0.2314453140625 0.6826171859375 0.228515625 0.6611328140625 0.19140625
2 0.7490234359375 0.462890625 0.7138671859375 0.451171875 0.703125 0.4794921859375 0.681640625 0.4892578140625 0.681640625 0.5009765640625 0.6904296859375 0.509765625 0.708984375 0.5126953140625 0.7177734359375 0.501953125 0.748046875 0.4873046859375 0.75390625 0.4775390640625 0.7490234359375 0.462890625
2 0.603515625 0.1494140640625 0.603515625 0.1611328140625 0.611328125 0.1904296859375 0.623046875 0.1943359359375 0.654296875 0.1669921859375 0.66015625 0.1416015640625 0.6181640640625 0.126953125 0.603515625 0.1494140640625
2 0.68359375 0.3564453140625 0.68359375 0.3740234359375 0.693359375 0.3955078140625 0.6875 0.4287109359375 0.705078125 0.4326171859375 0.728515625 0.4130859359375 0.734375 0.3720703140625 0.6904296859375 0.341796875 0.68359375 0.3564453140625
2 0.755859375 0.5439453140625 0.7470703140625 0.517578125 0.7236328140625 0.521484375 0.703125 0.5634765640625 0.7578125 0.5810546859375 0.74609375 0.6240234359375 0.7529296859375 0.634765625 0.76953125 0.6357421859375 0.7890625 0.5810546859375 0.7890625 0.5654296859375 0.767578125 0.5576171859375 0.755859375 0.5439453140625
2 0.5732421859375 0 0.5546875 0.0283203140625 0.5546875 0.038085935937499996 0.587890625 0.06542968593750001 0.58984375 0.07714843593750001 0.57421875 0.09472656406249999 0.57421875 0.11425781406249999 0.5830078140625 0.123046875 0.59375 0.12207031406249999 0.6083984359375 0.119140625 0.62890625 0.10253906406249999 0.62109375 0.07714843593750001 0.62109375 0.024414064062499997 0.5986328140625 0.015625 0.5888671859375 0 0.5732421859375 0
2 0.041015625 0.7431640640625 0.044921875 0.7529296859375 0.029296875 0.7646484359375 0.03515625 0.7744140640625 0.036132814062500004 0.767578125 0.046875 0.7646484359375 0.049804685937499996 0.73828125 0.041015625 0.7431640640625
2 0.00390625 0.5654296859375 0.01171875 0.5576171859375 0.016601564062499997 0.533203125 0 0.5361328140625 0.00390625 0.5654296859375
2 0.0859375 0.8876953140625 0.103515625 0.8876953140625 0.107421875 0.8759765640625 0.08886718593750001 0.849609375 0.08203125 0.8662109359375 0.0859375 0.8876953140625
2 0.08300781406249999 0.75 0.07421875 0.7646484359375 0.07519531406249999 0.7734375 0.091796875 0.7783203140625 0.107421875 0.7685546859375 0.107421875 0.7568359359375 0.09667968593750001 0.748046875 0.08300781406249999 0.75
2 0.41015625 0.7177734359375 0.384765625 0.7275390640625 0.3935546859375 0.744140625 0.419921875 0.7490234359375 0.4375 0.7099609359375 0.4326171859375 0.673828125 0.4140625 0.6865234359375 0.41015625 0.7177734359375
2 0.234375 0.1318359359375 0.2216796859375 0.134765625 0.2109375 0.1513671859375 0.236328125 0.1865234359375 0.244140625 0.1884765640625 0.2578125 0.1376953140625 0.2548828140625 0.107421875 0.2431640640625 0.109375 0.234375 0.1318359359375
2 0.392578125 0.5966796859375 0.384765625 0.6318359359375 0.36328125 0.6455078140625 0.3701171859375 0.658203125 0.39453125 0.6748046859375 0.4140625 0.6669921859375 0.40625 0.5966796859375 0.3994140640625 0.58984375 0.392578125 0.5966796859375
2 0.087890625 0.9306640640625 0.08984375 0.9404296859375 0.111328125 0.9560546859375 0.11328125 0.9833984359375 0.125 0.9892578140625 0.140625 0.9580078140625 0.138671875 0.9169921859375 0.1298828140625 0.91015625 0.087890625 0.9306640640625
2 0.234375 0.2177734359375 0.232421875 0.2333984359375 0.2451171859375 0.251953125 0.2607421859375 0.255859375 0.2666015640625 0.25 0.2705078140625 0.265625 0.291015625 0.2685546859375 0.30078125 0.2529296859375 0.298828125 0.2431640640625 0.2607421859375 0.197265625 0.234375 0.2177734359375
2 0.2333984359375 0.005859375 0.193359375 0.032226564062500004 0.201171875 0.0556640640625 0.201171875 0.10058593593750001 0.2060546859375 0.109375 0.21875 0.11035156406249999 0.228515625 0.09277343593750001 0.2421875 0.0302734359375 0.2421875 0.0126953140625 0.2333984359375 0.005859375
2 0.3154296859375 0.328125 0.2978515640625 0.306640625 0.28515625 0.3154296859375 0.283203125 0.3388671859375 0.26953125 0.3447265640625 0.26953125 0.3583984359375 0.2841796859375 0.373046875 0.3056640640625 0.375 0.3212890640625 0.390625 0.3359375 0.3916015640625 0.34375 0.3798828140625 0.333984375 0.3583984359375 0.333984375 0.3349609359375 0.3154296859375 0.328125
2 0.5068359359375 0.896484375 0.4814453140625 0.884765625 0.4765625 0.8974609359375 0.486328125 0.9208984359375 0.48046875 0.9345703140625 0.482421875 0.9697265640625 0.4853515640625 0.978515625 0.49609375 0.9775390640625 0.53125 0.9482421859375 0.537109375 0.9150390640625 0.5263671859375 0.89453125 0.5068359359375 0.896484375
2 0.470703125 0.7724609359375 0.4658203140625 0.763671875 0.4541015640625 0.767578125 0.447265625 0.7529296859375 0.4345703140625 0.74609375 0.423828125 0.7509765640625 0.423828125 0.7724609359375 0.40234375 0.7958984359375 0.40625 0.8076171859375 0.4228515640625 0.814453125 0.435546875 0.8291015640625 0.439453125 0.8486328140625 0.45703125 0.8564453140625 0.466796875 0.8466796859375 0.46484375 0.8291015640625 0.47265625 0.8154296859375 0.470703125 0.7724609359375
2 0.375 0.5068359359375 0.341796875 0.4482421859375 0.3134765640625 0.416015625 0.314453125 0.4580078140625 0.306640625 0.4736328140625 0.322265625 0.4873046859375 0.330078125 0.5087890640625 0.330078125 0.5400390640625 0.34765625 0.5478515640625 0.3818359359375 0.541015625 0.390625 0.5341796859375 0.392578125 0.5224609359375 0.375 0.5068359359375