2 0.025390625 0.7822265640625 0.03515625 0.7841796859375 0.04296875 0.7509765640625 0.040039064062500004 0.73046875 0.015625 0.7431640640625 0.025390625 0.7822265640625
2 0.1806640640625 0.06640625 0.1630859359375 0.056640625 0.150390625 0.06347656406249999 0.150390625 0.07128906406249999 0.173828125 0.08691406406249999 0.181640625 0.10839843593750001 0.189453125 0.10839843593750001 0.205078125 0.06347656406249999 0.2001953140625 0.0390625 0.18359375 0.047851564062500004 0.1806640640625 0.06640625
2 0.1552734359375 0.013671875 0.177734375 0.020507814062499997 0.18359375 0.016601564062499997 0.1806640640625 0 0.1484375 0.0009765640625 0.1552734359375 0.013671875
2 0.4384765640625 0.83984375 0.431640625 0.8447265640625 0.43359375 0.8720703140625 0.4384765640625 0.87890625 0.447265625 0.8779296859375 0.4658203140625 0.873046875 0.46875 0.8642578140625 0.4580078140625 0.84765625 0.4384765640625 0.83984375
2 0.279296875 0.3115234359375 0.2646484359375 0.32421875 0.2529296859375 0.31640625 0.25 0.3212890640625 0.2666015640625 0.337890625 0.29296875 0.3427734359375 0.302734375 0.3271484359375 0.291015625 0.2841796859375 0.2822265640625 0.28125 0.279296875 0.3115234359375
2 0.3759765640625 0.67578125 0.369140625 0.6904296859375 0.384765625 0.7197265640625 0.384765625 0.7412109359375 0.3935546859375 0.755859375 0.400390625 0.7548828140625 0.40625 0.7158203140625 0.400390625 0.6826171859375 0.3896484359375 0.669921875 0.3759765640625 0.67578125
2 0.1787109359375 0.064453125 0.1572265640625 0.056640625 0.150390625 0.06542968593750001 0.1572265640625 0.078125 0.173828125 0.08496093593750001 0.181640625 0.10644531406249999 0.19140625 0.10839843593750001 0.20703125 0.0556640640625 0.2021484359375 0.0390625 0.185546875 0.043945314062500004 0.1787109359375 0.064453125
2 0.544921875 0.1337890640625 0.544921875 0.1455078140625 0.560546875 0.1513671859375 0.568359375 0.10839843593750001 0.5654296859375 0.091796875 0.5546875 0.10253906406249999 0.544921875 0.1337890640625
2 0.6318359359375 0.4140625 0.6484375 0.4130859359375 0.65234375 0.3994140640625 0.6337890640625 0.375 0.623046875 0.4033203140625 0.6318359359375 0.4140625
2 0.6328125 0.3076171859375 0.6220703140625 0.283203125 0.6005859359375 0.28515625 0.5908203140625 0.279296875 0.58203125 0.2958984359375 0.58984375 0.3056640640625 0.587890625 0.3212890640625 0.60546875 0.3642578140625 0.623046875 0.3076171859375 0.6279296859375 0.302734375 0.6318359359375 0.3125 0.6328125 0.3076171859375
2 0.724609375 0.6826171859375 0.732421875 0.6650390640625 0.7177734359375 0.650390625 0.7109375 0.6748046859375 0.724609375 0.6826171859375
2 0.76171875 0.7978515640625 0.7734375 0.8037109359375 0.7734375 0.7802734359375 0.7509765640625 0.755859375 0.748046875 0.7763671859375 0.76171875 0.7978515640625
2 0.9453125 0.3134765640625 0.927734375 0.3037109359375 0.9228515640625 0.287109375 0.9072265640625 0.2890625 0.90234375 0.2958984359375 0.90234375 0.3310546859375 0.912109375 0.3330078140625 0.9248046859375 0.32421875 0.9404296859375 0.33203125 0.94921875 0.3271484359375 0.9453125 0.3134765640625
2 0.9521484359375 0.44921875 0.9609375 0.4501953140625 0.974609375 0.4384765640625 0.9658203140625 0.421875 0.9453125 0.4384765640625 0.9521484359375 0.44921875
2 1 0.5029296859375 0.9912109359375 0.490234375 0.98046875 0.4912109359375 0.96875 0.5205078140625 0.9765625 0.5712890640625 0.986328125 0.5849609359375 1 0.5810546859375 1 0.5029296859375
2 0.794921875 0.8994140640625 0.78125 0.9208984359375 0.78515625 0.9345703140625 0.794921875 0.9384765640625 0.8017578140625 0.92578125 0.81640625 0.9189453140625 0.8056640640625 0.89453125 0.794921875 0.8994140640625