2 0.07910156406249999 0.705078125 0.041992185937499996 0.6875 0.0390625 0.7041015640625 0.05078125 0.7275390640625 0.044921875 0.7568359359375 0.056640625 0.7841796859375 0.095703125 0.7607421859375 0.09765625 0.7392578140625 0.083984375 0.7255859359375 0.07910156406249999 0.705078125
2 0 0.6162109359375 0.0517578140625 0.66015625 0.06640625 0.6611328140625 0.068359375 0.6455078140625 0.056640625 0.6220703140625 0.05859375 0.5810546859375 0.0537109359375 0.57421875 0.0302734359375 0.572265625 0.0234375 0.5537109359375 0.016601564062499997 0.55078125 0 0.5791015640625 0 0.6162109359375
2 0.447265625 0.7373046859375 0.4580078140625 0.759765625 0.470703125 0.7587890640625 0.478515625 0.7314453140625 0.47265625 0.7060546859375 0.4619140640625 0.701171875 0.447265625 0.7373046859375
2 0.5390625 0.8173828140625 0.5244140640625 0.787109375 0.5185546859375 0.78515625 0.4990234359375 0.798828125 0.4794921859375 0.78515625 0.47265625 0.7919921859375 0.478515625 0.8310546859375 0.46484375 0.8427734359375 0.46484375 0.8525390640625 0.4794921859375 0.869140625 0.501953125 0.8798828140625 0.51953125 0.8759765640625 0.517578125 0.8564453140625 0.533203125 0.8447265640625 0.5390625 0.8173828140625
2 0.408203125 0.4970703140625 0.37109375 0.4443359359375 0.359375 0.3798828140625 0.3525390640625 0.375 0.34375 0.3916015640625 0.34375 0.4208984359375 0.33203125 0.4404296859375 0.3515625 0.5126953140625 0.359375 0.5205078140625 0.359375 0.5400390640625 0.380859375 0.5927734359375 0.3916015640625 0.6015625 0.4296875 0.6103515640625 0.443359375 0.5771484359375 0.4150390640625 0.5625 0.408203125 0.5517578140625 0.408203125 0.4970703140625
2 0.2568359359375 0 0.259765625 0.022460935937500003 0.248046875 0.040039064062500004 0.2421875 0.06933593593750001 0.228515625 0.07910156406249999 0.228515625 0.09277343593750001 0.2509765640625 0.12109375 0.259765625 0.12011718593750001 0.2705078140625 0.09375 0.2802734359375 0.09375 0.283203125 0.1279296859375 0.248046875 0.1337890640625 0.244140625 0.1845703140625 0.2509765640625 0.203125 0.2724609359375 0.205078125 0.28515625 0.2216796859375 0.298828125 0.2529296859375 0.296875 0.2939453140625 0.3037109359375 0.3046875 0.314453125 0.3056640640625 0.31640625 0.2041015640625 0.326171875 0.1806640640625 0.3203125 0.1650390640625 0.322265625 0.12207031406249999 0.3125 0.10449218593750001 0.322265625 0.08496093593750001 0.328125 0.0048828140625 0.3232421859375 0 0.2568359359375 0
2 0.638671875 0.1533203140625 0.65234375 0.1669921859375 0.666015625 0.1533203140625 0.666015625 0.1435546859375 0.6416015640625 0.126953125 0.638671875 0.1533203140625
2 0.884765625 0.9716796859375 0.8896484359375 1 0.91796875 0.9990234359375 0.923828125 0.9833984359375 0.9208984359375 0.951171875 0.8916015640625 0.9609375 0.884765625 0.9716796859375
2 0.7255859359375 0.267578125 0.7060546859375 0.275390625 0.701171875 0.2607421859375 0.6923828140625 0.255859375 0.6875 0.2607421859375 0.685546875 0.3095703140625 0.693359375 0.3330078140625 0.68359375 0.3447265640625 0.720703125 0.3701171859375 0.7265625 0.3447265640625 0.720703125 0.3154296859375 0.734375 0.2822265640625 0.7255859359375 0.267578125
2 0.87890625 0.8583984359375 0.875 0.8310546859375 0.8642578140625 0.81640625 0.8564453140625 0.81640625 0.845703125 0.8330078140625 0.853515625 0.8896484359375 0.8759765640625 0.921875 0.890625 0.9248046859375 0.904296875 0.9169921859375 0.91015625 0.8974609359375 0.90625 0.8681640640625 0.87890625 0.8583984359375
2 0.765625 0.3818359359375 0.7568359359375 0.365234375 0.73828125 0.4013671859375 0.724609375 0.4130859359375 0.7265625 0.4365234359375 0.71875 0.4541015640625 0.7431640640625 0.455078125 0.76171875 0.4873046859375 0.755859375 0.5146484359375 0.744140625 0.5283203140625 0.78125 0.5439453140625 0.794921875 0.5244140640625 0.77734375 0.5107421859375 0.767578125 0.4892578140625 0.765625 0.3818359359375