2 0.21875 0.9619140640625 0.232421875 0.9814453140625 0.236328125 0.9384765640625 0.2294921859375 0.9296875 0.21875 0.9482421859375 0.21875 0.9619140640625
2 0.109375 0.6787109359375 0.11621093593750001 0.640625 0.080078125 0.6455078140625 0.05859375 0.6943359359375 0.06347656406249999 0.705078125 0.076171875 0.7041015640625 0.08300781406249999 0.697265625 0.099609375 0.6962890640625 0.09765625 0.6884765640625 0.109375 0.6787109359375
2 0.1767578140625 0.83203125 0.154296875 0.8525390640625 0.154296875 0.8623046859375 0.169921875 0.8779296859375 0.171875 0.8994140640625 0.185546875 0.9033203140625 0.203125 0.8916015640625 0.205078125 0.8388671859375 0.2001953140625 0.830078125 0.1767578140625 0.83203125
2 0.076171875 0.5341796859375 0.07519531406249999 0.4765625 0.064453125 0.4833984359375 0.044921875 0.5517578140625 0.044921875 0.5615234359375 0.0595703140625 0.5625 0.072265625 0.5849609359375 0.11328125 0.5419921859375 0.10839843593750001 0.53515625 0.08300781406249999 0.541015625 0.076171875 0.5341796859375
2 0.4326171859375 0.693359375 0.4150390640625 0.67578125 0.39453125 0.6923828140625 0.392578125 0.7177734359375 0.4072265640625 0.72265625 0.4169921859375 0.7109375 0.4345703140625 0.7109375 0.4345703140625 0.716796875 0.423828125 0.7197265640625 0.423828125 0.7294921859375 0.4375 0.7568359359375 0.447265625 0.7353515640625 0.466796875 0.7158203140625 0.4462890640625 0.68359375 0.4326171859375 0.693359375
2 0.353515625 0.6162109359375 0.3662109359375 0.642578125 0.3818359359375 0.640625 0.3974609359375 0.65234375 0.419921875 0.6572265640625 0.42578125 0.6474609359375 0.419921875 0.6025390640625 0.4033203140625 0.5859375 0.353515625 0.6162109359375
2 0.2763671859375 0.318359375 0.265625 0.3291015640625 0.263671875 0.3544921859375 0.25390625 0.3662109359375 0.267578125 0.3818359359375 0.2724609359375 0.40234375 0.2998046859375 0.3828125 0.30859375 0.4072265640625 0.3203125 0.4111328140625 0.330078125 0.3759765640625 0.314453125 0.3583984359375 0.30859375 0.3310546859375 0.2763671859375 0.318359375
2 0.33984375 0.4794921859375 0.337890625 0.4970703140625 0.3232421859375 0.5 0.310546875 0.5166015640625 0.318359375 0.5400390640625 0.341796875 0.5693359359375 0.3671875 0.5751953140625 0.3671875 0.5380859359375 0.3828125 0.4951171859375 0.3525390640625 0.466796875 0.33984375 0.4794921859375
2 0.1650390640625 0 0.15625 0.0029296859375 0.1474609359375 0.0234375 0.1328125 0.0302734359375 0.150390625 0.0517578140625 0.146484375 0.06542968593750001 0.15625 0.07910156406249999 0.154296875 0.09277343593750001 0.173828125 0.11230468593750001 0.173828125 0.12011718593750001 0.1689453140625 0.126953125 0.1572265640625 0.126953125 0.1279296859375 0.119140625 0.126953125 0.1259765640625 0.14453125 0.1416015640625 0.13671875 0.1689453140625 0.1416015640625 0.1875 0.1552734359375 0.185546875 0.1708984359375 0.1640625 0.1923828140625 0.173828125 0.197265625 0.1845703140625 0.1875 0.2119140640625 0.1630859359375 0.2109375 0.14453125 0.2353515640625 0.14453125 0.2451171859375 0.1689453140625 0.267578125 0.1904296859375 0.234375 0.1953125 0.2626953140625 0.224609375 0.2744140640625 0.236328125 0.2646484359375 0.234375 0.2431640640625 0.248046875 0.2314453140625 0.25 0.2080078140625 0.259765625 0.2001953140625 0.26171875 0.1865234359375 0.2490234359375 0.158203125 0.19140625 0.1396484359375 0.1923828140625 0.1328125 0.20703125 0.1259765640625 0.20703125 0.10839843593750001 0.193359375 0.08105468593750001 0.205078125 0.0615234359375 0.205078125 0.047851564062500004 0.193359375 0.008789064062500001 0.1845703140625 0 0.1650390640625 0
2 0.455078125 0.8388671859375 0.455078125 0.8564453140625 0.46484375 0.8642578140625 0.478515625 0.8466796859375 0.4716796859375 0.82421875 0.4599609359375 0.828125 0.455078125 0.8388671859375
2 0.486328125 0.8818359359375 0.490234375 0.9228515640625 0.4951171859375 0.931640625 0.51953125 0.9345703140625 0.525390625 0.9033203140625 0.513671875 0.8740234359375 0.5029296859375 0.8671875 0.486328125 0.8818359359375
2 0.6201171859375 0.3984375 0.630859375 0.3974609359375 0.638671875 0.3837890640625 0.6376953140625 0.36328125 0.609375 0.3779296859375 0.6201171859375 0.3984375
2 0.57421875 0.2646484359375 0.5673828140625 0.263671875 0.568359375 0.2978515640625 0.5625 0.3154296859375 0.5810546859375 0.30859375 0.61328125 0.3291015640625 0.6171875 0.3017578140625 0.5947265640625 0.283203125 0.5849609359375 0.291015625 0.57421875 0.2646484359375
2 0.55859375 0.1337890640625 0.568359375 0.08886718593750001 0.5634765640625 0.080078125 0.5458984359375 0.08203125 0.53515625 0.07128906406249999 0.5390625 0.032226564062500004 0.5087890640625 0.02734375 0.505859375 0.06347656406249999 0.515625 0.08496093593750001 0.52734375 0.08886718593750001 0.5390625 0.12011718593750001 0.541015625 0.1669921859375 0.53515625 0.1904296859375 0.5556640640625 0.19140625 0.564453125 0.2001953140625 0.56640625 0.1728515640625 0.552734375 0.1591796859375 0.55078125 0.1416015640625 0.55859375 0.1337890640625
2 0.6640625 0.5654296859375 0.681640625 0.5869140640625 0.69140625 0.5751953140625 0.6953125 0.5556640640625 0.6767578140625 0.54296875 0.6640625 0.5654296859375
2 0.7900390640625 0.76171875 0.7685546859375 0.7734375 0.7607421859375 0.765625 0.744140625 0.7763671859375 0.73828125 0.7998046859375 0.74609375 0.8193359359375 0.7578125 0.8251953140625 0.7626953140625 0.7890625 0.7744140640625 0.80859375 0.7890625 0.8037109359375 0.7900390640625 0.76171875
2 0.72265625 0.6494140640625 0.744140625 0.6005859359375 0.7353515640625 0.59375 0.7138671859375 0.595703125 0.7001953140625 0.58984375 0.693359375 0.5947265640625 0.689453125 0.6298828140625 0.703125 0.6416015640625 0.701171875 0.6728515640625 0.712890625 0.6845703140625 0.734375 0.6806640640625 0.736328125 0.6708984359375 0.72265625 0.6591796859375 0.72265625 0.6494140640625
2 0.791015625 0.9599609359375 0.796875 0.9833984359375 0.8134765640625 1 0.833984375 0.9990234359375 0.8310546859375 0.990234375 0.822265625 0.9892578140625 0.8056640640625 0.95703125 0.791015625 0.9599609359375
2 0.890625 0.1298828140625 0.904296875 0.1435546859375 0.90234375 0.1552734359375 0.919921875 0.1650390640625 0.923828125 0.11816406406249999 0.9072265640625 0.111328125 0.890625 0.12207031406249999 0.890625 0.1298828140625
2 0.919921875 0.2587890640625 0.923828125 0.2919921859375 0.935546875 0.2958984359375 0.95703125 0.2529296859375 0.95703125 0.2373046859375 0.9482421859375 0.23046875 0.919921875 0.2587890640625
2 0.9482421859375 0.3359375 0.9365234359375 0.34375 0.9296875 0.3525390640625 0.9296875 0.3759765640625 0.9453125 0.3798828140625 0.9599609359375 0.365234375 0.9755859359375 0.37890625 0.98828125 0.3427734359375 0.9482421859375 0.3359375
2 0.990234375 0.5302734359375 0.98046875 0.5576171859375 0.982421875 0.5693359359375 0.98828125 0.5693359359375 1 0.5576171859375 0.9990234359375 0.482421875 0.98828125 0.4951171859375 0.990234375 0.5302734359375
2 0.53515625 0.9736328140625 0.548828125 0.9560546859375 0.5302734359375 0.943359375 0.525390625 0.9580078140625 0.53515625 0.9736328140625