2 0.1650390640625 0.74609375 0.1591796859375 0.724609375 0.14453125 0.7333984359375 0.1396484359375 0.75 0.12402343593750001 0.748046875 0.103515625 0.7763671859375 0.10839843593750001 0.791015625 0.1416015640625 0.779296875 0.1669921859375 0.796875 0.18359375 0.7958984359375 0.1796875 0.7685546859375 0.1875 0.7353515640625 0.1806640640625 0.732421875 0.1650390640625 0.74609375
2 0.029296875 0.4814453140625 0.04296875 0.5009765640625 0.0546875 0.4736328140625 0.045898435937499996 0.46484375 0.036132814062500004 0.46484375 0.029296875 0.4814453140625
2 0.08203125 0.5966796859375 0.08203125 0.6044921859375 0.10546875 0.6259765640625 0.11328125 0.5947265640625 0.10839843593750001 0.587890625 0.09667968593750001 0.587890625 0.08203125 0.5966796859375
2 0 0.4423828140625 0.0078125 0.4423828140625 0.017578125 0.4365234359375 0.021484375 0.4072265640625 0.0009765640625 0.37890625 0 0.4423828140625
2 0.047851564062500004 0.5078125 0.041015625 0.5146484359375 0.044921875 0.5419921859375 0.03125 0.5556640640625 0.03515625 0.5576171859375 0.043945314062500004 0.55078125 0.06542968593750001 0.552734375 0.076171875 0.5322265640625 0.047851564062500004 0.5078125
2 0.2646484359375 0 0.224609375 0.0009765640625 0.263671875 0.020507814062499997 0.2646484359375 0
2 0.294921875 0.12402343593750001 0.283203125 0.1630859359375 0.287109375 0.1826171859375 0.30078125 0.1865234359375 0.328125 0.1689453140625 0.328125 0.1376953140625 0.3037109359375 0.1171875 0.294921875 0.12402343593750001
2 0.271484375 0.0029296859375 0.271484375 0.024414064062499997 0.2646484359375 0.03515625 0.2490234359375 0.033203125 0.2421875 0.040039064062500004 0.2421875 0.0537109359375 0.25390625 0.06738281406249999 0.251953125 0.10058593593750001 0.263671875 0.10839843593750001 0.28515625 0.09082031406249999 0.298828125 0.06933593593750001 0.2880859359375 0 0.271484375 0.0029296859375
2 0.3798828140625 0.3125 0.3642578140625 0.302734375 0.34375 0.3349609359375 0.34375 0.3564453140625 0.3740234359375 0.375 0.37890625 0.3935546859375 0.38671875 0.3974609359375 0.423828125 0.3623046859375 0.42578125 0.3447265640625 0.4091796859375 0.30859375 0.3798828140625 0.3125
2 0.4228515640625 0.4375 0.4033203140625 0.41796875 0.412109375 0.4794921859375 0.419921875 0.4814453140625 0.4453125 0.4677734359375 0.451171875 0.4462890640625 0.4384765640625 0.43359375 0.4228515640625 0.4375
2 0.4521484359375 0.521484375 0.4287109359375 0.501953125 0.42578125 0.5419921859375 0.41796875 0.5576171859375 0.4384765640625 0.564453125 0.4443359359375 0.576171875 0.455078125 0.5791015640625 0.478515625 0.5302734359375 0.478515625 0.5185546859375 0.4677734359375 0.513671875 0.4521484359375 0.521484375
2 0.56640625 0.7802734359375 0.5615234359375 0.7578125 0.5263671859375 0.75 0.50390625 0.7666015640625 0.49609375 0.8115234359375 0.5078125 0.8154296859375 0.5283203140625 0.80078125 0.5439453140625 0.8046875 0.560546875 0.7919921859375 0.56640625 0.7802734359375
2 0.4833984359375 0.59765625 0.4638671859375 0.625 0.4453125 0.6318359359375 0.4453125 0.6435546859375 0.4580078140625 0.65625 0.4814453140625 0.658203125 0.4873046859375 0.681640625 0.5146484359375 0.697265625 0.525390625 0.6962890640625 0.533203125 0.6474609359375 0.5263671859375 0.638671875 0.5146484359375 0.638671875 0.4833984359375 0.59765625
2 0.4140625 0.3310546859375 0.4091796859375 0.310546875 0.3818359359375 0.314453125 0.3642578140625 0.3046875 0.345703125 0.3369140640625 0.345703125 0.3583984359375 0.3759765640625 0.375 0.380859375 0.3955078140625 0.388671875 0.3955078140625 0.4052734359375 0.375 0.421875 0.3662109359375 0.423828125 0.3408203140625 0.4140625 0.3310546859375
2 0.58203125 0.9072265640625 0.5751953140625 0.875 0.5615234359375 0.892578125 0.54296875 0.9033203140625 0.546875 0.9443359359375 0.5654296859375 0.95703125 0.5703125 0.9541015640625 0.5673828140625 1 0.61328125 0.9990234359375 0.615234375 0.9755859359375 0.59765625 0.9501953140625 0.603515625 0.9169921859375 0.58203125 0.9072265640625
2 0.6875 0.08496093593750001 0.697265625 0.06542968593750001 0.6806640640625 0.0546875 0.666015625 0.07714843593750001 0.6875 0.08496093593750001
2 0.658203125 0.038085935937499996 0.669921875 0.047851564062500004 0.681640625 0.038085935937499996 0.6826171859375 0 0.65625 0.0009765640625 0.658203125 0.038085935937499996
2 0.7861328140625 0.396484375 0.783203125 0.4130859359375 0.791015625 0.4365234359375 0.80859375 0.4580078140625 0.81640625 0.4482421859375 0.814453125 0.4267578140625 0.794921875 0.3994140640625 0.7861328140625 0.396484375
2 0.765625 0.2861328140625 0.75390625 0.2783203140625 0.748046875 0.2626953140625 0.74609375 0.2490234359375 0.763671875 0.2177734359375 0.76171875 0.2041015640625 0.7392578140625 0.212890625 0.7265625 0.1845703140625 0.7041015640625 0.177734375 0.69921875 0.1865234359375 0.705078125 0.2158203140625 0.703125 0.2763671859375 0.732421875 0.3017578140625 0.7421875 0.3369140640625 0.75390625 0.3525390640625 0.75 0.3759765640625 0.76171875 0.3779296859375 0.787109375 0.3544921859375 0.798828125 0.3251953140625 0.767578125 0.3173828140625 0.765625 0.2861328140625
2 0.85546875 0.6103515640625 0.861328125 0.6279296859375 0.8515625 0.6591796859375 0.8671875 0.6611328140625 0.880859375 0.6259765640625 0.87109375 0.6044921859375 0.8623046859375 0.6015625 0.85546875 0.6103515640625
2 0.8583984359375 0.556640625 0.8388671859375 0.556640625 0.8291015640625 0.541015625 0.81640625 0.5458984359375 0.80859375 0.5673828140625 0.810546875 0.5810546859375 0.791015625 0.5908203140625 0.8017578140625 0.609375 0.818359375 0.6103515640625 0.8349609359375 0.58984375 0.8564453140625 0.58203125 0.86328125 0.5712890640625 0.8583984359375 0.556640625
2 0.96484375 0.8486328140625 0.9541015640625 0.837890625 0.9365234359375 0.861328125 0.923828125 0.8232421859375 0.8974609359375 0.80859375 0.88671875 0.8525390640625 0.9052734359375 0.861328125 0.9189453140625 0.87890625 0.9375 0.8759765640625 0.916015625 0.9013671859375 0.927734375 0.9111328140625 0.947265625 0.9052734359375 0.94921875 0.8818359359375 0.9609375 0.8701171859375 0.96484375 0.8486328140625
2 0.875 0.7431640640625 0.8828125 0.7470703140625 0.90234375 0.7294921859375 0.8857421859375 0.716796875 0.875 0.7294921859375 0.875 0.7431640640625