2 0 0.3681640640625 0.013671875 0.3798828140625 0.03515625 0.3720703140625 0.03125 0.3447265640625 0.044921875 0.3310546859375 0.0234375 0.3212890640625 0.015625 0.2919921859375 0.0068359359375 0.287109375 0 0.2998046859375 0 0.3681640640625
2 0.095703125 0.4462890640625 0.08300781406249999 0.4375 0.06738281406249999 0.453125 0.0546875 0.4560546859375 0.05078125 0.4892578140625 0.091796875 0.5224609359375 0.103515625 0.5087890640625 0.103515625 0.4912109359375 0.0859375 0.4794921859375 0.095703125 0.4462890640625
2 0.115234375 0.5947265640625 0.12109375 0.6005859359375 0.134765625 0.5810546859375 0.1279296859375 0.5625 0.115234375 0.5751953140625 0.115234375 0.5947265640625
2 0.169921875 0.6689453140625 0.173828125 0.6904296859375 0.1640625 0.7001953140625 0.16796875 0.7314453140625 0.173828125 0.7353515640625 0.193359375 0.7119140640625 0.189453125 0.6806640640625 0.1748046859375 0.666015625 0.169921875 0.6689453140625
2 0.244140625 0.7880859359375 0.232421875 0.7548828140625 0.2158203140625 0.73828125 0.189453125 0.7529296859375 0.1953125 0.7724609359375 0.2109375 0.7900390640625 0.19921875 0.8212890640625 0.23046875 0.8271484359375 0.236328125 0.8134765640625 0.23046875 0.7998046859375 0.2412109359375 0.796875 0.244140625 0.7880859359375
2 0.236328125 0.9365234359375 0.2431640640625 0.9453125 0.2509765640625 0.943359375 0.2568359359375 0.955078125 0.2666015640625 0.951171875 0.27734375 0.9560546859375 0.2890625 0.9326171859375 0.2705078140625 0.8984375 0.236328125 0.9208984359375 0.236328125 0.9365234359375
2 0.2978515640625 0.126953125 0.2880859359375 0.103515625 0.2734375 0.1318359359375 0.2822265640625 0.1484375 0.298828125 0.1494140640625 0.3125 0.1318359359375 0.3125 0.11816406406249999 0.3076171859375 0.115234375 0.2978515640625 0.126953125
2 0.3564453140625 0.22265625 0.3447265640625 0.236328125 0.3291015640625 0.216796875 0.328125 0.2763671859375 0.341796875 0.2900390640625 0.349609375 0.3154296859375 0.35546875 0.3154296859375 0.375 0.2822265640625 0.361328125 0.2412109359375 0.36328125 0.2294921859375 0.3564453140625 0.22265625
2 0.43359375 0.4755859359375 0.443359375 0.4619140640625 0.416015625 0.4443359359375 0.423828125 0.4091796859375 0.4072265640625 0.412109375 0.3955078140625 0.400390625 0.390625 0.4423828140625 0.39453125 0.4599609359375 0.40234375 0.4658203140625 0.400390625 0.4736328140625 0.4140625 0.4892578140625 0.4140625 0.5185546859375 0.421875 0.5107421859375 0.423828125 0.4892578140625 0.435546875 0.4833984359375 0.43359375 0.4755859359375
2 0.4765625 0.6708984359375 0.46875 0.6943359359375 0.46875 0.7119140640625 0.4765625 0.7158203140625 0.49609375 0.6943359359375 0.494140625 0.6806640640625 0.4833984359375 0.66796875 0.4765625 0.6708984359375
2 0.5576171859375 0.7734375 0.5361328140625 0.7734375 0.51953125 0.7880859359375 0.53125 0.7998046859375 0.529296875 0.8291015640625 0.53515625 0.8310546859375 0.5478515640625 0.810546875 0.5634765640625 0.810546875 0.572265625 0.8017578140625 0.5576171859375 0.7734375
2 0.5849609359375 0.958984375 0.5654296859375 0.955078125 0.560546875 0.9599609359375 0.5625 0.9755859359375 0.5927734359375 1 0.6171875 0.9990234359375 0.619140625 0.9833984359375 0.60546875 0.9697265640625 0.6025390640625 0.94921875 0.5849609359375 0.958984375
2 0.841796875 0.8994140640625 0.853515625 0.9169921859375 0.880859375 0.9345703140625 0.884765625 0.9228515640625 0.876953125 0.9111328140625 0.8447265640625 0.880859375 0.841796875 0.8994140640625
2 0.865234375 0.8251953140625 0.8671875 0.8095703140625 0.8603515640625 0.8046875 0.8447265640625 0.80859375 0.8369140640625 0.794921875 0.8359375 0.8291015640625 0.84375 0.8544921859375 0.8564453140625 0.83984375 0.8720703140625 0.841796875 0.875 0.8369140640625 0.865234375 0.8251953140625
2 0.8115234359375 0.708984375 0.80859375 0.7216796859375 0.81640625 0.7431640640625 0.83984375 0.7666015640625 0.833984375 0.7353515640625 0.8466796859375 0.7421875 0.849609375 0.7275390640625 0.8115234359375 0.708984375
2 0.796875 0.4306640640625 0.7890625 0.4130859359375 0.794921875 0.3974609359375 0.7900390640625 0.39453125 0.7646484359375 0.4140625 0.7509765640625 0.373046875 0.740234375 0.3857421859375 0.7421875 0.4541015640625 0.748046875 0.4560546859375 0.7607421859375 0.42578125 0.7705078140625 0.451171875 0.7900390640625 0.44140625 0.796875 0.4306640640625
2 0.69921875 0.3154296859375 0.7265625 0.3369140640625 0.728515625 0.2880859359375 0.7236328140625 0.283203125 0.705078125 0.2998046859375 0.69921875 0.3154296859375
2 0.5546875 0.9228515640625 0.5625 0.8974609359375 0.5498046859375 0.890625 0.5390625 0.9169921859375 0.5546875 0.9228515640625