2 0.037109375 0.2548828140625 0.044921875 0.2373046859375 0.018554685937500003 0.232421875 0.021484375 0.2431640640625 0.037109375 0.2548828140625
2 0.064453125 0.3134765640625 0.056640625 0.2783203140625 0.034179685937499996 0.27734375 0.03125 0.2900390640625 0.064453125 0.3134765640625
2 0.05078125 0.3955078140625 0.06640625 0.4052734359375 0.06640625 0.3759765640625 0.043945314062500004 0.37109375 0.041015625 0.3779296859375 0.05078125 0.3955078140625
2 0.1513671859375 0.537109375 0.13671875 0.5458984359375 0.1484375 0.5556640640625 0.1513671859375 0.537109375
2 0.15234375 0.6357421859375 0.1513671859375 0.615234375 0.130859375 0.6259765640625 0.1357421859375 0.63671875 0.15234375 0.6357421859375
2 0.169921875 0.7509765640625 0.17578125 0.7353515640625 0.1591796859375 0.720703125 0.162109375 0.7431640640625 0.169921875 0.7509765640625
2 0.212890625 0.7900390640625 0.22265625 0.7978515640625 0.23046875 0.7763671859375 0.2197265640625 0.76953125 0.212890625 0.7744140640625 0.212890625 0.7900390640625
2 0.2451171859375 0.857421875 0.236328125 0.8798828140625 0.251953125 0.8994140640625 0.263671875 0.8896484359375 0.263671875 0.8818359359375 0.255859375 0.8642578140625 0.2451171859375 0.857421875
2 0.296875 0.9990234359375 0.2900390640625 0.982421875 0.279296875 0.9853515640625 0.2763671859375 1 0.296875 0.9990234359375
2 0.298828125 0.06347656406249999 0.314453125 0.07324218593750001 0.310546875 0.020507814062499997 0.2978515640625 0.009765625 0.291015625 0.045898435937499996 0.298828125 0.06347656406249999
2 0.322265625 0.1572265640625 0.322265625 0.1826171859375 0.3271484359375 0.189453125 0.3359375 0.1884765640625 0.34765625 0.1611328140625 0.33984375 0.1572265640625 0.3330078140625 0.130859375 0.322265625 0.1572265640625
2 0.361328125 0.2548828140625 0.365234375 0.2783203140625 0.37890625 0.2861328140625 0.388671875 0.2666015640625 0.3779296859375 0.25390625 0.3662109359375 0.251953125 0.361328125 0.2548828140625
2 0.392578125 0.3720703140625 0.41015625 0.3896484359375 0.4140625 0.3623046859375 0.3994140640625 0.349609375 0.3916015640625 0.3515625 0.392578125 0.3720703140625
2 0.451171875 0.5009765640625 0.45703125 0.4931640640625 0.4521484359375 0.47265625 0.443359375 0.4873046859375 0.451171875 0.5009765640625
2 0.58203125 0.9208984359375 0.58984375 0.9228515640625 0.595703125 0.9130859359375 0.5927734359375 0.89453125 0.58203125 0.9033203140625 0.58203125 0.9208984359375
2 0.8984375 0.8662109359375 0.900390625 0.8798828140625 0.91015625 0.8876953140625 0.9287109359375 0.88671875 0.935546875 0.8740234359375 0.9072265640625 0.853515625 0.8984375 0.8662109359375
2 0.71875 0.3134765640625 0.720703125 0.2705078140625 0.7119140640625 0.267578125 0.69921875 0.3017578140625 0.71875 0.3134765640625
2 0.693359375 0.2236328140625 0.70703125 0.2275390640625 0.716796875 0.2177734359375 0.716796875 0.2080078140625 0.6943359359375 0.19921875 0.693359375 0.2236328140625
2 0.68359375 0.1845703140625 0.6875 0.1611328140625 0.6708984359375 0.154296875 0.66796875 0.1728515640625 0.68359375 0.1845703140625
2 0.80078125 0.5615234359375 0.80078125 0.5458984359375 0.7919921859375 0.5390625 0.787109375 0.5556640640625 0.80078125 0.5615234359375