2 0.1015625 0.2998046859375 0.109375 0.3056640640625 0.12109375 0.2978515640625 0.11035156406249999 0.28125 0.10253906406249999 0.28125 0.1015625 0.2998046859375
2 0.28515625 0.8271484359375 0.28515625 0.8505859359375 0.29296875 0.8544921859375 0.2998046859375 0.84765625 0.30859375 0.8525390640625 0.2958984359375 0.81640625 0.28515625 0.8271484359375
2 0.294921875 0.8115234359375 0.296875 0.7744140640625 0.2861328140625 0.74609375 0.27734375 0.7646484359375 0.294921875 0.8115234359375
2 0.017578125 0.047851564062500004 0.015625 0.018554685937500003 0.0009765640625 0 0 0.045898435937499996 0.017578125 0.047851564062500004
2 0.05078125 0.2080078140625 0.06542968593750001 0.220703125 0.076171875 0.2197265640625 0.078125 0.2021484359375 0.064453125 0.1845703140625 0.040039064062500004 0.1796875 0.05078125 0.2080078140625
2 0.2265625 0.6904296859375 0.2373046859375 0.69921875 0.259765625 0.7021484359375 0.26171875 0.6728515640625 0.2373046859375 0.6640625 0.2265625 0.6748046859375 0.2265625 0.6904296859375
2 0.150390625 0.4541015640625 0.15625 0.4697265640625 0.189453125 0.4990234359375 0.197265625 0.4853515640625 0.193359375 0.4580078140625 0.1572265640625 0.447265625 0.150390625 0.4541015640625
2 0.208984375 0.6396484359375 0.216796875 0.6416015640625 0.236328125 0.6103515640625 0.2138671859375 0.578125 0.1953125 0.6123046859375 0.208984375 0.6396484359375
2 0.3251953140625 0.88671875 0.296875 0.9130859359375 0.30078125 0.9306640640625 0.3125 0.9423828140625 0.314453125 0.9619140640625 0.322265625 0.9658203140625 0.32421875 0.9365234359375 0.33203125 0.9228515640625 0.33203125 0.8955078140625 0.3251953140625 0.88671875
2 0.6650390640625 0.96875 0.671875 0.9677734359375 0.677734375 0.9306640640625 0.6650390640625 0.919921875 0.658203125 0.9599609359375 0.6650390640625 0.96875
2 0.6376953140625 0.77734375 0.626953125 0.7861328140625 0.6328125 0.8271484359375 0.642578125 0.8369140640625 0.64453125 0.8544921859375 0.654296875 0.8603515640625 0.65625 0.8505859359375 0.64453125 0.8310546859375 0.6484375 0.7919921859375 0.6376953140625 0.77734375
2 0.541015625 0.5322265640625 0.546875 0.5693359359375 0.5546875 0.5751953140625 0.5703125 0.5263671859375 0.5615234359375 0.513671875 0.5517578140625 0.515625 0.541015625 0.5322265640625
2 0.5859375 0.6513671859375 0.595703125 0.7021484359375 0.6015625 0.7041015640625 0.615234375 0.6572265640625 0.595703125 0.6396484359375 0.5908203140625 0.619140625 0.5859375 0.6513671859375
2 0.427734375 0.1533203140625 0.43359375 0.2177734359375 0.4453125 0.2216796859375 0.451171875 0.2119140640625 0.44921875 0.1611328140625 0.4345703140625 0.140625 0.427734375 0.1533203140625
2 0.3818359359375 0.021484375 0.37890625 0.032226564062500004 0.3984375 0.07128906406249999 0.400390625 0.09472656406249999 0.408203125 0.10253906406249999 0.423828125 0.06933593593750001 0.40234375 0.043945314062500004 0.400390625 0.0263671859375 0.3818359359375 0.021484375
2 0.5 0.3603515640625 0.49609375 0.3310546859375 0.4892578140625 0.328125 0.48046875 0.3505859359375 0.49609375 0.4033203140625 0.509765625 0.4150390640625 0.515625 0.4462890640625 0.529296875 0.4501953140625 0.533203125 0.4208984359375 0.517578125 0.4052734359375 0.515625 0.3818359359375 0.5 0.3603515640625
2 0.859375 0.5498046859375 0.875 0.5595703140625 0.880859375 0.5556640640625 0.880859375 0.5419921859375 0.8662109359375 0.537109375 0.859375 0.5498046859375
2 0.7236328140625 0 0.708984375 0.024414064062499997 0.7109375 0.045898435937499996 0.7265625 0.0517578140625 0.7333984359375 0 0.7236328140625 0
2 0.9228515640625 0.7734375 0.93359375 0.7744140640625 0.93359375 0.7529296859375 0.9052734359375 0.720703125 0.90625 0.7587890640625 0.9228515640625 0.7734375
2 0.7841796859375 0.197265625 0.771484375 0.2138671859375 0.767578125 0.2568359359375 0.775390625 0.2919921859375 0.783203125 0.3076171859375 0.79296875 0.3115234359375 0.818359375 0.2783203140625 0.791015625 0.2587890640625 0.79296875 0.2041015640625 0.7841796859375 0.197265625