2 0.0029296859375 0.939453125 0.025390625 0.9404296859375 0.03125 0.9365234359375 0.0283203140625 0.9140625 0 0.9169921859375 0.0029296859375 0.939453125
2 0.146484375 0.2802734359375 0.1396484359375 0.26953125 0.12402343593750001 0.2734375 0.10839843593750001 0.29296875 0.09082031406249999 0.27734375 0.0703125 0.2880859359375 0.080078125 0.3134765640625 0.080078125 0.3388671859375 0.109375 0.3486328140625 0.11621093593750001 0.333984375 0.1396484359375 0.34375 0.146484375 0.3369140640625 0.146484375 0.2802734359375
2 0.1953125 0.3994140640625 0.1845703140625 0.41796875 0.169921875 0.4169921859375 0.169921875 0.4423828140625 0.15625 0.4853515640625 0.158203125 0.5029296859375 0.1689453140625 0.515625 0.201171875 0.5166015640625 0.208984375 0.5068359359375 0.203125 0.4443359359375 0.2060546859375 0.39453125 0.1953125 0.3994140640625
2 0.06347656406249999 0.08203125 0.038085935937499996 0.08203125 0.020507814062499997 0.09375 0 0.08691406406249999 0.0009765640625 0.150390625 0.0146484359375 0.150390625 0.022460935937500003 0.142578125 0.0556640640625 0.1484375 0.06347656406249999 0.171875 0.07128906406249999 0.1640625 0.09082031406249999 0.181640625 0.10546875 0.1826171859375 0.109375 0.1689453140625 0.095703125 0.1435546859375 0.076171875 0.1318359359375 0.06347656406249999 0.08203125
2 0.2802734359375 0.6328125 0.263671875 0.6435546859375 0.2607421859375 0.658203125 0.23828125 0.6630859359375 0.2451171859375 0.6796875 0.263671875 0.6845703140625 0.265625 0.6708984359375 0.275390625 0.6669921859375 0.283203125 0.6494140640625 0.2802734359375 0.6328125
2 0.2607421859375 0.5546875 0.22265625 0.5927734359375 0.228515625 0.6064453140625 0.2265625 0.6376953140625 0.2421875 0.6435546859375 0.25390625 0.6279296859375 0.25390625 0.6083984359375 0.265625 0.5830078140625 0.2607421859375 0.5546875
2 0.2822265640625 0.740234375 0.259765625 0.7529296859375 0.26171875 0.7666015640625 0.2705078140625 0.7734375 0.2939453140625 0.7734375 0.310546875 0.7880859359375 0.318359375 0.7822265640625 0.3203125 0.7685546859375 0.3037109359375 0.7421875 0.2822265640625 0.740234375
2 0.3388671859375 0.927734375 0.3359375 0.9365234359375 0.345703125 0.9541015640625 0.330078125 0.9794921859375 0.3408203140625 0.982421875 0.3505859359375 0.99609375 0.3662109359375 0.9921875 0.3740234359375 1 0.396484375 0.9990234359375 0.388671875 0.9736328140625 0.373046875 0.9638671859375 0.361328125 0.9384765640625 0.3388671859375 0.927734375
2 0.3134765640625 0.8359375 0.294921875 0.8583984359375 0.294921875 0.8701171859375 0.3056640640625 0.87890625 0.3310546859375 0.875 0.3427734359375 0.888671875 0.357421875 0.8916015640625 0.36328125 0.8720703140625 0.35546875 0.8486328140625 0.3330078140625 0.83203125 0.3134765640625 0.8359375
2 0.6220703140625 0.658203125 0.61328125 0.6650390640625 0.603515625 0.6865234359375 0.6142578140625 0.701171875 0.623046875 0.7001953140625 0.65234375 0.6865234359375 0.658203125 0.6748046859375 0.6552734359375 0.662109375 0.6220703140625 0.658203125
2 0.658203125 0.7705078140625 0.66796875 0.7724609359375 0.6953125 0.7548828140625 0.697265625 0.7412109359375 0.6552734359375 0.703125 0.658203125 0.7705078140625
2 0.607421875 0.5478515640625 0.58984375 0.5068359359375 0.5771484359375 0.5 0.572265625 0.5146484359375 0.578125 0.5478515640625 0.5625 0.5556640640625 0.560546875 0.5673828140625 0.587890625 0.5869140640625 0.578125 0.6123046859375 0.580078125 0.6318359359375 0.61328125 0.6455078140625 0.630859375 0.6318359359375 0.62109375 0.6005859359375 0.62109375 0.5595703140625 0.607421875 0.5478515640625
2 0.74609375 0.9619140640625 0.7392578140625 0.953125 0.7109375 0.9482421859375 0.728515625 0.8681640640625 0.7236328140625 0.859375 0.7099609359375 0.859375 0.6923828140625 0.833984375 0.6845703140625 0.833984375 0.6796875 0.8427734359375 0.681640625 0.8955078140625 0.703125 0.9638671859375 0.6806640640625 0.9765625 0.6796875 0.9853515640625 0.6884765640625 0.994140625 0.7109375 0.9990234359375 0.724609375 0.9951171859375 0.728515625 0.9833984359375 0.74609375 0.9716796859375 0.74609375 0.9619140640625
2 0.53515625 0.2353515640625 0.5087890640625 0.248046875 0.4951171859375 0.2421875 0.494140625 0.2568359359375 0.53125 0.3388671859375 0.525390625 0.3525390640625 0.5478515640625 0.376953125 0.5625 0.3798828140625 0.568359375 0.3759765640625 0.568359375 0.3369140640625 0.5390625 0.3017578140625 0.53515625 0.2353515640625
2 0.45703125 0.10839843593750001 0.45703125 0.07910156406249999 0.466796875 0.06738281406249999 0.478515625 0.0263671859375 0.4599609359375 0.005859375 0.4326171859375 0 0.416015625 0.022460935937500003 0.408203125 0.0537109359375 0.431640625 0.07714843593750001 0.4296875 0.11425781406249999 0.4375 0.1279296859375 0.4375 0.1533203140625 0.427734375 0.1748046859375 0.4326171859375 0.181640625 0.443359375 0.1806640640625 0.4541015640625 0.171875 0.474609375 0.1728515640625 0.482421875 0.11425781406249999 0.45703125 0.10839843593750001
2 0.78125 0.0283203140625 0.7880859359375 0.037109375 0.796875 0.036132814062500004 0.810546875 0.024414064062499997 0.8154296859375 0 0.78125 0.0009765640625 0.78125 0.0283203140625
2 0.8896484359375 0.2421875 0.8759765640625 0.240234375 0.87890625 0.2529296859375 0.8662109359375 0.251953125 0.849609375 0.2685546859375 0.849609375 0.2939453140625 0.880859375 0.3076171859375 0.900390625 0.2958984359375 0.908203125 0.2451171859375 0.9033203140625 0.232421875 0.8896484359375 0.2421875
2 0.8701171859375 0.10546875 0.8544921859375 0.119140625 0.857421875 0.10644531406249999 0.8515625 0.10253906406249999 0.84765625 0.07910156406249999 0.8291015640625 0.08203125 0.8251953140625 0.0703125 0.81640625 0.09863281406249999 0.806640625 0.10644531406249999 0.8046875 0.1279296859375 0.826171875 0.1396484359375 0.8359375 0.1611328140625 0.826171875 0.2099609359375 0.828125 0.2236328140625 0.84375 0.2412109359375 0.869140625 0.1435546859375 0.86328125 0.1337890640625 0.873046875 0.11035156406249999 0.8701171859375 0.10546875
2 0.8994140640625 0.408203125 0.88671875 0.4521484359375 0.91015625 0.4814453140625 0.921875 0.4560546859375 0.91015625 0.4326171859375 0.912109375 0.4169921859375 0.8994140640625 0.408203125
2 0.931640625 0.5615234359375 0.947265625 0.5986328140625 0.95703125 0.6005859359375 0.978515625 0.5517578140625 0.98046875 0.5341796859375 0.9755859359375 0.529296875 0.931640625 0.5615234359375
2 0.873046875 0.3916015640625 0.880859375 0.3935546859375 0.896484375 0.3818359359375 0.8876953140625 0.36328125 0.87109375 0.3759765640625 0.873046875 0.3916015640625