2 0.09375 0.5654296859375 0.11328125 0.5595703140625 0.10449218593750001 0.537109375 0.0859375 0.5595703140625 0.09375 0.5654296859375
2 0.1552734359375 0.693359375 0.13671875 0.7099609359375 0.146484375 0.7646484359375 0.150390625 0.7763671859375 0.158203125 0.7783203140625 0.169921875 0.7373046859375 0.154296875 0.7275390640625 0.16015625 0.7001953140625 0.1552734359375 0.693359375
2 0.419921875 0.5322265640625 0.4296875 0.5341796859375 0.44140625 0.5224609359375 0.431640625 0.4970703140625 0.4248046859375 0.49609375 0.419921875 0.5322265640625
2 0.259765625 0.0556640640625 0.2724609359375 0.060546875 0.28515625 0.07910156406249999 0.294921875 0.043945314062500004 0.2900390640625 0.0390625 0.2626953140625 0.041015625 0.259765625 0.0556640640625
2 0.298828125 0.1943359359375 0.30859375 0.2001953140625 0.30859375 0.1787109359375 0.3173828140625 0.158203125 0.294921875 0.1728515640625 0.298828125 0.1943359359375
2 0.837890625 0.9033203140625 0.845703125 0.9365234359375 0.853515625 0.9384765640625 0.859375 0.8916015640625 0.8486328140625 0.884765625 0.837890625 0.8916015640625 0.837890625 0.9033203140625
2 0.8349609359375 0.8046875 0.8212890640625 0.80078125 0.8203125 0.8271484359375 0.83203125 0.8349609359375 0.8447265640625 0.857421875 0.857421875 0.8583984359375 0.861328125 0.8466796859375 0.85546875 0.8291015640625 0.837890625 0.8173828140625 0.8349609359375 0.8046875
2 0.79296875 0.7138671859375 0.794921875 0.6884765640625 0.7890625 0.6806640640625 0.791015625 0.6240234359375 0.7802734359375 0.62109375 0.76171875 0.6357421859375 0.759765625 0.6611328140625 0.765625 0.6669921859375 0.765625 0.6904296859375 0.783203125 0.7138671859375 0.791015625 0.7626953140625 0.806640625 0.7666015640625 0.810546875 0.7568359359375 0.80078125 0.7451171859375 0.80078125 0.7255859359375 0.79296875 0.7138671859375
2 0.724609375 0.5283203140625 0.72265625 0.5517578140625 0.72265625 0.5673828140625 0.73046875 0.5693359359375 0.7421875 0.5517578140625 0.7421875 0.5322265640625 0.7333984359375 0.521484375 0.724609375 0.5283203140625
2 0.6953125 0.4873046859375 0.70703125 0.5029296859375 0.716796875 0.4931640640625 0.7138671859375 0.4453125 0.703125 0.4541015640625 0.6953125 0.4873046859375
2 0.6875 0.3173828140625 0.69140625 0.2685546859375 0.6845703140625 0.265625 0.671875 0.2998046859375 0.6875 0.3173828140625
2 0.888671875 0.09863281406249999 0.8984375 0.07519531406249999 0.8837890640625 0.06640625 0.880859375 0.09277343593750001 0.888671875 0.09863281406249999
2 0.9599609359375 0.3359375 0.947265625 0.3369140640625 0.94921875 0.3466796859375 0.9677734359375 0.359375 0.99609375 0.3623046859375 1 0.3466796859375 0.9951171859375 0.341796875 0.9716796859375 0.34375 0.9599609359375 0.3359375
2 0.544921875 0.9599609359375 0.552734375 0.9345703140625 0.5400390640625 0.923828125 0.53515625 0.9404296859375 0.544921875 0.9599609359375