2 0.140625 0.020507814062499997 0.1572265640625 0.033203125 0.169921875 0.032226564062500004 0.173828125 0.016601564062499997 0.16796875 0.0029296859375 0.1396484359375 0 0.140625 0.020507814062499997
2 0.1669921859375 0.072265625 0.1494140640625 0.06640625 0.138671875 0.07910156406249999 0.1796875 0.12011718593750001 0.197265625 0.06738281406249999 0.1904296859375 0.048828125 0.1826171859375 0.048828125 0.1669921859375 0.072265625
2 0.2734375 0.3017578140625 0.263671875 0.3037109359375 0.2734375 0.3173828140625 0.2626953140625 0.33203125 0.2431640640625 0.3203125 0.236328125 0.3271484359375 0.2587890640625 0.3515625 0.287109375 0.3564453140625 0.298828125 0.3466796859375 0.298828125 0.3388671859375 0.2783203140625 0.287109375 0.2734375 0.3017578140625
2 0.3359375 0.4814453140625 0.3369140640625 0.453125 0.3125 0.4619140640625 0.3251953140625 0.482421875 0.3359375 0.4814453140625
2 0.3671875 0.6943359359375 0.365234375 0.7060546859375 0.37890625 0.7275390640625 0.37890625 0.7509765640625 0.38671875 0.7666015640625 0.396484375 0.7685546859375 0.400390625 0.7275390640625 0.392578125 0.6904296859375 0.3837890640625 0.681640625 0.3671875 0.6943359359375
2 0.4306640640625 0.85546875 0.4296875 0.8857421859375 0.44140625 0.8916015640625 0.4599609359375 0.888671875 0.462890625 0.8740234359375 0.4501953140625 0.859375 0.4306640640625 0.85546875
2 0.783203125 0.9267578140625 0.78515625 0.9443359359375 0.79296875 0.9462890640625 0.7998046859375 0.935546875 0.814453125 0.9326171859375 0.8037109359375 0.90234375 0.783203125 0.9267578140625
2 0.74609375 0.7861328140625 0.76171875 0.8115234359375 0.76953125 0.8134765640625 0.76953125 0.7880859359375 0.7548828140625 0.767578125 0.7470703140625 0.767578125 0.74609375 0.7861328140625
2 0.72265625 0.6943359359375 0.732421875 0.6767578140625 0.7158203140625 0.66015625 0.70703125 0.6826171859375 0.72265625 0.6943359359375
2 0.62109375 0.4150390640625 0.6259765640625 0.421875 0.64453125 0.4208984359375 0.646484375 0.4052734359375 0.638671875 0.3896484359375 0.6298828140625 0.38671875 0.62109375 0.4150390640625
2 0.623046875 0.2978515640625 0.6142578140625 0.291015625 0.5966796859375 0.296875 0.5849609359375 0.2890625 0.580078125 0.3017578140625 0.58984375 0.3173828140625 0.583984375 0.3271484359375 0.6015625 0.3447265640625 0.615234375 0.3330078140625 0.607421875 0.3154296859375 0.623046875 0.3056640640625 0.623046875 0.2978515640625
2 0.5625 0.1357421859375 0.5595703140625 0.099609375 0.546875 0.11621093593750001 0.53125 0.1767578140625 0.5400390640625 0.16015625 0.5537109359375 0.162109375 0.556640625 0.1572265640625 0.5625 0.1357421859375
2 0.92578125 0.3076171859375 0.9228515640625 0.291015625 0.900390625 0.2978515640625 0.896484375 0.3349609359375 0.9013671859375 0.341796875 0.91015625 0.3408203140625 0.9208984359375 0.33203125 0.9453125 0.3349609359375 0.94140625 0.3173828140625 0.92578125 0.3076171859375
2 0.9453125 0.4541015640625 0.958984375 0.4599609359375 0.97265625 0.4443359359375 0.9638671859375 0.427734375 0.943359375 0.4404296859375 0.9453125 0.4541015640625
2 1 0.5400390640625 0.994140625 0.5361328140625 0.9921875 0.5009765640625 0.9833984359375 0.49609375 0.966796875 0.5302734359375 0.978515625 0.5849609359375 0.98828125 0.5888671859375 1 0.5849609359375 1 0.5400390640625