2 0.779296875 0.6005859359375 0.779296875 0.5869140640625 0.7685546859375 0.580078125 0.767578125 0.5927734359375 0.779296875 0.6005859359375
2 0.763671875 0.4697265640625 0.763671875 0.4501953140625 0.7509765640625 0.4375 0.751953125 0.4599609359375 0.763671875 0.4697265640625
2 0.767578125 0.6533203140625 0.775390625 0.6533203140625 0.78125 0.6474609359375 0.7802734359375 0.626953125 0.76953125 0.6298828140625 0.767578125 0.6533203140625
2 0.2802734359375 0.8671875 0.267578125 0.8818359359375 0.271484375 0.9072265640625 0.279296875 0.9111328140625 0.2890625 0.9072265640625 0.28125 0.9033203140625 0.2890625 0.8779296859375 0.2802734359375 0.8671875
2 0.6640625 0.2568359359375 0.658203125 0.2705078140625 0.6630859359375 0.28125 0.673828125 0.2802734359375 0.6875 0.2705078140625 0.685546875 0.2509765640625 0.6787109359375 0.24609375 0.6640625 0.2568359359375
2 0.228515625 0.8681640640625 0.25390625 0.8701171859375 0.25 0.8330078140625 0.2392578140625 0.833984375 0.2353515640625 0.826171875 0.228515625 0.8681640640625
2 0.7734375 0.4697265640625 0.7705078140625 0.494140625 0.7578125 0.4931640640625 0.751953125 0.5146484359375 0.767578125 0.5185546859375 0.775390625 0.4931640640625 0.80078125 0.4697265640625 0.7939453140625 0.4609375 0.7734375 0.4697265640625
2 0.228515625 0.9404296859375 0.2265625 0.9501953140625 0.240234375 0.9541015640625 0.271484375 0.9306640640625 0.2568359359375 0.9140625 0.2470703140625 0.916015625 0.228515625 0.9404296859375
2 0.54296875 0.8232421859375 0.546875 0.8388671859375 0.560546875 0.8447265640625 0.5703125 0.8271484359375 0.5703125 0.7978515640625 0.5556640640625 0.783203125 0.54296875 0.8232421859375
2 0.10253906406249999 0.626953125 0.0859375 0.6669921859375 0.0859375 0.6806640640625 0.1015625 0.6865234359375 0.109375 0.6826171859375 0.1171875 0.6552734359375 0.1171875 0.6416015640625 0.10253906406249999 0.626953125
2 0.609375 0.0009765640625 0.611328125 0.0126953140625 0.603515625 0.0302734359375 0.62109375 0.047851564062500004 0.6298828140625 0.033203125 0.642578125 0.0302734359375 0.6416015640625 0 0.609375 0.0009765640625
2 0.88671875 0.8701171859375 0.8740234359375 0.86328125 0.865234375 0.9169921859375 0.875 0.9345703140625 0.8828125 0.9365234359375 0.892578125 0.9267578140625 0.890625 0.9013671859375 0.896484375 0.8916015640625 0.88671875 0.8701171859375
2 0.318359375 0.9814453140625 0.32421875 0.9658203140625 0.3056640640625 0.94921875 0.29296875 0.9521484359375 0.291015625 0.9677734359375 0.275390625 0.9833984359375 0.2734375 0.9951171859375 0.28125 0.9990234359375 0.2919921859375 0.990234375 0.32421875 0.9951171859375 0.326171875 0.9873046859375 0.318359375 0.9814453140625
2 0.599609375 0.9365234359375 0.603515625 0.9931640640625 0.6064453140625 1 0.619140625 0.9990234359375 0.634765625 0.9833984359375 0.62109375 0.9462890640625 0.6044921859375 0.9296875 0.599609375 0.9365234359375
2 0.2431640640625 0.01171875 0.25390625 0.0146484359375 0.271484375 0.0595703140625 0.279296875 0.0615234359375 0.29296875 0.022460935937500003 0.283203125 0.0009765640625 0.2353515640625 0 0.2431640640625 0.01171875
2 0.1787109359375 0.65625 0.173828125 0.6279296859375 0.1611328140625 0.62109375 0.1484375 0.6318359359375 0.1484375 0.6513671859375 0.169921875 0.6728515640625 0.1640625 0.6845703140625 0.17578125 0.6904296859375 0.1796875 0.7021484359375 0.173828125 0.7060546859375 0.20703125 0.7216796859375 0.21484375 0.7060546859375 0.21484375 0.6650390640625 0.1982421859375 0.65625 0.1787109359375 0.65625
2 0.3232421859375 0.095703125 0.310546875 0.1376953140625 0.2919921859375 0.1328125 0.275390625 0.1455078140625 0.2734375 0.1572265640625 0.2919921859375 0.18359375 0.3095703140625 0.171875 0.3125 0.1845703140625 0.326171875 0.1904296859375 0.326171875 0.2001953140625 0.341796875 0.2177734359375 0.341796875 0.1669921859375 0.3515625 0.1455078140625 0.330078125 0.1337890640625 0.3232421859375 0.095703125
2 0.2265625 0.7666015640625 0.2177734359375 0.76171875 0.208984375 0.7666015640625 0.21484375 0.7841796859375 0.2041015640625 0.796875 0.1884765640625 0.794921875 0.1796875 0.7802734359375 0.1875 0.7587890640625 0.181640625 0.7431640640625 0.16796875 0.7392578140625 0.166015625 0.7080078140625 0.1494140640625 0.6953125 0.1318359359375 0.69921875 0.123046875 0.7119140640625 0.125 0.7216796859375 0.1552734359375 0.72265625 0.16015625 0.7705078140625 0.1689453140625 0.779296875 0.177734375 0.7705078140625 0.16796875 0.7958984359375 0.171875 0.8095703140625 0.1904296859375 0.830078125 0.2060546859375 0.81640625 0.20703125 0.8291015640625 0.2158203140625 0.837890625 0.23046875 0.8388671859375 0.220703125 0.8349609359375 0.216796875 0.8173828140625 0.21875 0.7744140640625 0.2265625 0.7666015640625
2 0.46875 0.5673828140625 0.4619140640625 0.560546875 0.4482421859375 0.560546875 0.439453125 0.5830078140625 0.443359375 0.6103515640625 0.46484375 0.6240234359375 0.455078125 0.6533203140625 0.4716796859375 0.677734375 0.4921875 0.6826171859375 0.501953125 0.6669921859375 0.501953125 0.6494140640625 0.482421875 0.6162109359375 0.46875 0.5673828140625
2 0.388671875 0.2568359359375 0.3828125 0.2412109359375 0.3701171859375 0.232421875 0.3564453140625 0.25 0.34375 0.2490234359375 0.3291015640625 0.279296875 0.30859375 0.2900390640625 0.302734375 0.3115234359375 0.3125 0.3115234359375 0.3134765640625 0.294921875 0.3349609359375 0.296875 0.3408203140625 0.2890625 0.359375 0.3037109359375 0.36328125 0.3408203140625 0.376953125 0.3447265640625 0.38671875 0.3115234359375 0.37890625 0.2802734359375 0.388671875 0.2685546859375 0.388671875 0.2568359359375
2 0.423828125 0.3935546859375 0.3955078140625 0.359375 0.3876953140625 0.359375 0.3828125 0.3720703140625 0.390625 0.4111328140625 0.380859375 0.4404296859375 0.4033203140625 0.453125 0.419921875 0.4853515640625 0.4296875 0.4892578140625 0.435546875 0.4833984359375 0.4375 0.4443359359375 0.423828125 0.4111328140625 0.423828125 0.3935546859375
2 0.689453125 0.1689453140625 0.681640625 0.1591796859375 0.689453125 0.1259765640625 0.6787109359375 0.119140625 0.6630859359375 0.130859375 0.65234375 0.1279296859375 0.662109375 0.11230468593750001 0.658203125 0.08300781406249999 0.671875 0.06738281406249999 0.671875 0.0556640640625 0.6630859359375 0.048828125 0.638671875 0.07519531406249999 0.638671875 0.11621093593750001 0.6484375 0.1259765640625 0.634765625 0.1357421859375 0.630859375 0.1552734359375 0.65625 0.1884765640625 0.658203125 0.2158203140625 0.671875 0.2177734359375 0.673828125 0.2041015640625 0.6826171859375 0.203125 0.689453125 0.1884765640625 0.689453125 0.1689453140625
2 0 0.3466796859375 0.0126953140625 0.330078125 0.0302734359375 0.32421875 0.04296875 0.3369140640625 0.0234375 0.3701171859375 0.0234375 0.3837890640625 0.037109375 0.4033203140625 0.029296875 0.4443359359375 0.060546875 0.4716796859375 0.05859375 0.4951171859375 0.064453125 0.5068359359375 0.099609375 0.5419921859375 0.111328125 0.5009765640625 0.09667968593750001 0.498046875 0.080078125 0.4775390640625 0.07421875 0.4306640640625 0.064453125 0.4228515640625 0.064453125 0.3935546859375 0.076171875 0.3798828140625 0.078125 0.3525390640625 0.07324218593750001 0.341796875 0.04296875 0.3310546859375 0.029296875 0.2939453140625 0.03125 0.2822265640625 0.022460935937500003 0.27734375 0 0.2861328140625 0 0.3466796859375