2 0.068359375 0.6650390640625 0.0703125 0.6767578140625 0.087890625 0.6845703140625 0.1015625 0.6669921859375 0.10058593593750001 0.638671875 0.08691406406249999 0.638671875 0.068359375 0.6650390640625
2 0.23046875 0.8779296859375 0.2177734359375 0.873046875 0.20703125 0.8779296859375 0.19140625 0.9033203140625 0.20703125 0.9326171859375 0.20703125 0.9658203140625 0.216796875 0.9658203140625 0.2265625 0.9287109359375 0.21875 0.9052734359375 0.232421875 0.8896484359375 0.23046875 0.8779296859375
2 0.046875 0.4970703140625 0.033203125 0.4814453140625 0.0546875 0.4716796859375 0.043945314062500004 0.443359375 0.033203125 0.4462890640625 0.033203125 0.4736328140625 0.020507814062499997 0.474609375 0.001953125 0.4931640640625 0 0.5322265640625 0.01171875 0.5458984359375 0.01171875 0.5615234359375 0.03515625 0.5654296859375 0.060546875 0.5458984359375 0.060546875 0.5361328140625 0.048828125 0.5263671859375 0.046875 0.4970703140625
2 0.330078125 0.1513671859375 0.345703125 0.1787109359375 0.35546875 0.1337890640625 0.3388671859375 0.125 0.33203125 0.1298828140625 0.330078125 0.1513671859375
2 0.4228515640625 0.4375 0.419921875 0.4599609359375 0.40625 0.4677734359375 0.40625 0.4794921859375 0.421875 0.4853515640625 0.4375 0.4775390640625 0.443359375 0.4619140640625 0.443359375 0.4501953140625 0.4228515640625 0.4375
2 0.5478515640625 0.70703125 0.515625 0.7412109359375 0.51953125 0.7548828140625 0.556640625 0.7900390640625 0.56640625 0.7802734359375 0.564453125 0.7255859359375 0.560546875 0.7138671859375 0.5478515640625 0.70703125
2 0.890625 0.6904296859375 0.900390625 0.6806640640625 0.8837890640625 0.669921875 0.880859375 0.6748046859375 0.890625 0.6904296859375
2 0.9853515640625 0.822265625 0.998046875 0.8212890640625 0.9990234359375 0.7890625 0.966796875 0.7978515640625 0.9736328140625 0.814453125 0.9853515640625 0.822265625
2 0.890625 0.5302734359375 0.8720703140625 0.517578125 0.859375 0.5224609359375 0.857421875 0.5654296859375 0.865234375 0.5712890640625 0.875 0.5615234359375 0.87109375 0.5498046859375 0.890625 0.5400390640625 0.890625 0.5302734359375
2 0.8408203140625 0.326171875 0.828125 0.3232421859375 0.8212890640625 0.302734375 0.814453125 0.3056640640625 0.80078125 0.3369140640625 0.8046875 0.3779296859375 0.810546875 0.3818359359375 0.8173828140625 0.3671875 0.837890625 0.3564453140625 0.845703125 0.3388671859375 0.8408203140625 0.326171875
2 0.7158203140625 0.107421875 0.6953125 0.1259765640625 0.693359375 0.1396484359375 0.6982421859375 0.150390625 0.7109375 0.1552734359375 0.71875 0.1923828140625 0.73046875 0.2021484359375 0.7421875 0.1630859359375 0.734375 0.1494140640625 0.73046875 0.11621093593750001 0.7158203140625 0.107421875
2 0.96484375 0.6884765640625 0.9580078140625 0.68359375 0.919921875 0.7197265640625 0.927734375 0.7685546859375 0.9375 0.7783203140625 0.94921875 0.7685546859375 0.953125 0.7392578140625 0.96484375 0.7138671859375 0.96484375 0.6884765640625