2 0.2685546859375 0.14453125 0.2607421859375 0.16015625 0.2509765640625 0.138671875 0.24609375 0.1513671859375 0.234375 0.1552734359375 0.23828125 0.1923828140625 0.2587890640625 0.208984375 0.298828125 0.2158203140625 0.30078125 0.2060546859375 0.283203125 0.1884765640625 0.28515625 0.1455078140625 0.2685546859375 0.14453125
2 0.009765625 0.4072265640625 0.015625 0.3525390640625 0.0009765640625 0.34375 0 0.4033203140625 0.009765625 0.4072265640625
2 0.015625 0.4501953140625 0.015625 0.4677734359375 0.029296875 0.4736328140625 0.05078125 0.4462890640625 0.043945314062500004 0.43359375 0.024414064062499997 0.435546875 0.015625 0.4501953140625
2 0.1328125 0.6748046859375 0.12890625 0.7236328140625 0.13671875 0.7255859359375 0.158203125 0.7099609359375 0.158203125 0.6787109359375 0.1435546859375 0.666015625 0.1328125 0.6748046859375
2 0.16015625 0.8486328140625 0.16796875 0.8505859359375 0.1796875 0.8349609359375 0.1767578140625 0.822265625 0.158203125 0.8369140640625 0.16015625 0.8486328140625
2 0.328125 0.3798828140625 0.345703125 0.3935546859375 0.3515625 0.3720703140625 0.34375 0.3408203140625 0.3349609359375 0.337890625 0.328125 0.3798828140625
2 0.3359375 0.4462890640625 0.3359375 0.4599609359375 0.3583984359375 0.45703125 0.3662109359375 0.466796875 0.376953125 0.4658203140625 0.376953125 0.4287109359375 0.3583984359375 0.416015625 0.35546875 0.4306640640625 0.3359375 0.4462890640625
2 0.435546875 0.7822265640625 0.455078125 0.7861328140625 0.455078125 0.7568359359375 0.4443359359375 0.75 0.4375 0.7568359359375 0.435546875 0.7822265640625
2 0.4609375 0.6748046859375 0.451171875 0.6650390640625 0.451171875 0.6513671859375 0.4345703140625 0.63671875 0.412109375 0.6630859359375 0.41015625 0.6787109359375 0.423828125 0.6865234359375 0.4267578140625 0.70703125 0.4443359359375 0.69140625 0.453125 0.6962890640625 0.4453125 0.7373046859375 0.455078125 0.7470703140625 0.47265625 0.7353515640625 0.46875 0.7041015640625 0.45703125 0.6943359359375 0.4609375 0.6748046859375
2 0.5625 0.9931640640625 0.56640625 0.9658203140625 0.5498046859375 0.947265625 0.537109375 0.9697265640625 0.5625 0.9931640640625
2 0.85546875 0.9814453140625 0.857421875 0.9658203140625 0.8291015640625 0.935546875 0.833984375 0.9677734359375 0.85546875 0.9814453140625
2 0.7998046859375 0.85546875 0.79296875 0.8701171859375 0.806640625 0.9150390640625 0.8125 0.9169921859375 0.826171875 0.9013671859375 0.822265625 0.8759765640625 0.8134765640625 0.859375 0.7998046859375 0.85546875
2 0.5810546859375 0.0234375 0.5634765640625 0.0234375 0.556640625 0.06542968593750001 0.5634765640625 0.07421875 0.578125 0.07324218593750001 0.5927734359375 0.072265625 0.59765625 0.06542968593750001 0.58984375 0.032226564062500004 0.5810546859375 0.0234375
2 0.705078125 0.3330078140625 0.69140625 0.3251953140625 0.6865234359375 0.30859375 0.6787109359375 0.330078125 0.6533203140625 0.337890625 0.6328125 0.2724609359375 0.6162109359375 0.259765625 0.61328125 0.2685546859375 0.6328125 0.3134765640625 0.658203125 0.3525390640625 0.654296875 0.3798828140625 0.67578125 0.3916015640625 0.68359375 0.3857421859375 0.68359375 0.3740234359375 0.70703125 0.3603515640625 0.705078125 0.3330078140625
2 0.9482421859375 0 0.9375 0.0068359359375 0.9453125 0.0263671859375 0.935546875 0.034179685937499996 0.931640625 0.0576171859375 0.94140625 0.06347656406249999 0.9443359359375 0.056640625 0.9599609359375 0.056640625 0.97265625 0.038085935937499996 0.9716796859375 0 0.9482421859375 0
2 0.728515625 0.5009765640625 0.732421875 0.4775390640625 0.7236328140625 0.47265625 0.71875 0.4990234359375 0.728515625 0.5009765640625