2 0.54296875 0.9072265640625 0.5517578140625 0.919921875 0.560546875 0.9189453140625 0.578125 0.9130859359375 0.5751953140625 0.892578125 0.5595703140625 0.890625 0.54296875 0.9072265640625
2 0.2197265640625 0.822265625 0.205078125 0.8388671859375 0.201171875 0.8564453140625 0.208984375 0.8837890640625 0.216796875 0.8876953140625 0.23046875 0.8623046859375 0.234375 0.8388671859375 0.2275390640625 0.822265625 0.2197265640625 0.822265625
2 0.61328125 0.9501953140625 0.5927734359375 0.921875 0.578125 0.9287109359375 0.568359375 0.9677734359375 0.556640625 0.9873046859375 0.56640625 0.9970703140625 0.5908203140625 0.98828125 0.59765625 0.9736328140625 0.61328125 0.9638671859375 0.61328125 0.9501953140625
2 0.0302734359375 0.330078125 0.0126953140625 0.330078125 0.013671875 0.3896484359375 0.0263671859375 0.40625 0.03515625 0.4052734359375 0.05859375 0.3818359359375 0.060546875 0.3662109359375 0.049804685937499996 0.341796875 0.0302734359375 0.330078125
2 0.265625 0.9072265640625 0.2568359359375 0.90234375 0.228515625 0.9365234359375 0.23828125 0.9501953140625 0.236328125 0.9755859359375 0.2509765640625 0.98046875 0.2666015640625 1 0.296875 0.9990234359375 0.291015625 0.9833984359375 0.294921875 0.9560546859375 0.279296875 0.9384765640625 0.265625 0.9072265640625
2 0.1875 0.7490234359375 0.1875 0.7236328140625 0.166015625 0.6728515640625 0.1455078140625 0.662109375 0.12890625 0.6884765640625 0.13671875 0.7060546859375 0.134765625 0.7177734359375 0.1484375 0.7333984359375 0.154296875 0.7587890640625 0.150390625 0.7861328140625 0.1650390640625 0.8046875 0.171875 0.8037109359375 0.1826171859375 0.794921875 0.19921875 0.7958984359375 0.205078125 0.7568359359375 0.1875 0.7490234359375
2 0.4169921859375 0.482421875 0.4033203140625 0.490234375 0.3896484359375 0.466796875 0.3642578140625 0.462890625 0.34375 0.4912109359375 0.34375 0.5087890640625 0.361328125 0.5205078140625 0.361328125 0.5400390640625 0.375 0.5517578140625 0.37890625 0.5693359359375 0.39453125 0.5751953140625 0.4189453140625 0.55078125 0.435546875 0.5498046859375 0.435546875 0.5048828140625 0.4169921859375 0.482421875
2 0.5615234359375 0.80859375 0.5537109359375 0.810546875 0.529296875 0.7939453140625 0.529296875 0.7822265640625 0.5078125 0.7509765640625 0.5078125 0.7353515640625 0.4833984359375 0.720703125 0.466796875 0.7451171859375 0.47265625 0.7724609359375 0.4775390640625 0.78125 0.4921875 0.7802734359375 0.494140625 0.7978515640625 0.486328125 0.8076171859375 0.505859375 0.8349609359375 0.515625 0.8720703140625 0.53125 0.8720703140625 0.5458984359375 0.859375 0.5732421859375 0.869140625 0.576171875 0.8310546859375 0.5615234359375 0.80859375
2 0.091796875 0.5107421859375 0.07910156406249999 0.486328125 0.06738281406249999 0.486328125 0.045898435937499996 0.46875 0.0390625 0.4794921859375 0.041015625 0.5146484359375 0.036132814062500004 0.51953125 0.01953125 0.5166015640625 0.025390625 0.5380859359375 0.01953125 0.5615234359375 0.06640625 0.6123046859375 0.10546875 0.5869140640625 0.115234375 0.5322265640625 0.10839843593750001 0.51953125 0.091796875 0.5107421859375
2 0.3701171859375 0.4375 0.3857421859375 0.451171875 0.396484375 0.4091796859375 0.396484375 0.3916015640625 0.369140625 0.3603515640625 0.34375 0.3037109359375 0.3349609359375 0.259765625 0.30078125 0.2763671859375 0.302734375 0.3134765640625 0.318359375 0.3310546859375 0.318359375 0.3525390640625 0.3115234359375 0.359375 0.298828125 0.3583984359375 0.29296875 0.3935546859375 0.30859375 0.4267578140625 0.310546875 0.4521484359375 0.32421875 0.4541015640625 0.3330078140625 0.44140625 0.3544921859375 0.443359375 0.3583984359375 0.4375 0.3701171859375 0.4375
2 0.6083984359375 0 0.587890625 0.0126953140625 0.564453125 0.049804685937499996 0.564453125 0.0615234359375 0.580078125 0.07324218593750001 0.595703125 0.0615234359375 0.60546875 0.032226564062500004 0.62109375 0.0146484359375 0.6083984359375 0
2 0.74609375 0.4248046859375 0.7666015640625 0.412109375 0.7734375 0.3974609359375 0.7490234359375 0.388671875 0.7353515640625 0.400390625 0.7255859359375 0.384765625 0.705078125 0.3759765640625 0.712890625 0.3369140640625 0.7041015640625 0.322265625 0.6884765640625 0.328125 0.662109375 0.2978515640625 0.65234375 0.2744140640625 0.65234375 0.2392578140625 0.6435546859375 0.236328125 0.6181640640625 0.25 0.60546875 0.2646484359375 0.615234375 0.2822265640625 0.615234375 0.3076171859375 0.6298828140625 0.33203125 0.6396484359375 0.328125 0.6484375 0.3369140640625 0.65625 0.3642578140625 0.65234375 0.3857421859375 0.6640625 0.4111328140625 0.6962890640625 0.43359375 0.7177734359375 0.4296875 0.7265625 0.4345703140625 0.720703125 0.4599609359375 0.7021484359375 0.46484375 0.697265625 0.4775390640625 0.71484375 0.4931640640625 0.720703125 0.5087890640625 0.732421875 0.5126953140625 0.740234375 0.4794921859375 0.7578125 0.4736328140625 0.75390625 0.4384765640625 0.74609375 0.4248046859375
2 0.822265625 0.8935546859375 0.828125 0.9130859359375 0.83984375 0.9150390640625 0.861328125 0.8935546859375 0.861328125 0.8837890640625 0.8466796859375 0.873046875 0.822265625 0.8935546859375
2 0.765625 0.6337890640625 0.765625 0.6611328140625 0.78515625 0.6708984359375 0.794921875 0.6533203140625 0.787109375 0.6240234359375 0.7744140640625 0.619140625 0.765625 0.6337890640625
2 0.89453125 0.9287109359375 0.8857421859375 0.91796875 0.8623046859375 0.927734375 0.845703125 0.9560546859375 0.84375 0.9716796859375 0.865234375 0.9892578140625 0.8671875 0.9990234359375 0.9296875 0.9990234359375 0.912109375 0.9638671859375 0.9140625 0.9462890640625 0.8974609359375 0.951171875 0.89453125 0.9287109359375
2 0.830078125 0.7998046859375 0.8427734359375 0.78125 0.859375 0.7763671859375 0.853515625 0.7509765640625 0.857421875 0.7353515640625 0.8212890640625 0.7421875 0.7978515640625 0.7109375 0.78125 0.7216796859375 0.78125 0.7470703140625 0.76953125 0.7529296859375 0.7734375 0.7802734359375 0.78125 0.7900390640625 0.78125 0.8251953140625 0.7919921859375 0.841796875 0.8115234359375 0.84765625 0.8251953140625 0.86328125 0.8515625 0.8623046859375 0.8671875 0.8564453140625 0.865234375 0.8349609359375 0.8330078140625 0.8125 0.830078125 0.7998046859375
2 0.927734375 0.09472656406249999 0.9345703140625 0.10546875 0.94140625 0.10449218593750001 0.947265625 0.09277343593750001 0.9443359359375 0.052734375 0.931640625 0.0595703140625 0.927734375 0.09472656406249999
2 0.9599609359375 0 0.939453125 0.016601564062499997 0.9443359359375 0.02734375 0.95703125 0.0302734359375 0.9755859359375 0.015625 0.9873046859375 0.017578125 0.98828125 0.0009765640625 0.9599609359375 0