2 0.06542968593750001 0.666015625 0.076171875 0.6669921859375 0.08203125 0.6494140640625 0.07324218593750001 0.642578125 0.060546875 0.6552734359375 0.06542968593750001 0.666015625
2 0.171875 0.8408203140625 0.1796875 0.8193359359375 0.1630859359375 0.802734375 0.16015625 0.8310546859375 0.171875 0.8408203140625
2 0.21875 0.9990234359375 0.21875 0.9736328140625 0.2099609359375 0.970703125 0.19140625 0.9990234359375 0.21875 0.9990234359375
2 0.125 0.7646484359375 0.125 0.7255859359375 0.09667968593750001 0.73046875 0.09375 0.7431640640625 0.125 0.7646484359375
2 0.16015625 0.9130859359375 0.16015625 0.9287109359375 0.173828125 0.9287109359375 0.19140625 0.9169921859375 0.1845703140625 0.888671875 0.1767578140625 0.888671875 0.16015625 0.9130859359375
2 0.0009765640625 0.41796875 0.001953125 0.4677734359375 0.015625 0.4931640640625 0.025390625 0.4814453140625 0.033203125 0.4482421859375 0.010742185937499999 0.419921875 0.0009765640625 0.41796875
2 0.25 0.08886718593750001 0.255859375 0.07324218593750001 0.2333984359375 0.068359375 0.23046875 0.08105468593750001 0.25 0.08886718593750001
2 0.283203125 0.2060546859375 0.306640625 0.2216796859375 0.3125 0.1923828140625 0.3076171859375 0.1875 0.2841796859375 0.189453125 0.283203125 0.2060546859375
2 0.25 0.1689453140625 0.28515625 0.1865234359375 0.287109375 0.1357421859375 0.2783203140625 0.134765625 0.251953125 0.1552734359375 0.25 0.1689453140625
2 0.314453125 0.3447265640625 0.32421875 0.3544921859375 0.326171875 0.3681640640625 0.33203125 0.3681640640625 0.33984375 0.3466796859375 0.3291015640625 0.3359375 0.3193359359375 0.3359375 0.314453125 0.3447265640625
2 0.380859375 0.4658203140625 0.38671875 0.4462890640625 0.3759765640625 0.439453125 0.373046875 0.4560546859375 0.380859375 0.4658203140625
2 0.4150390640625 0.525390625 0.4052734359375 0.513671875 0.3974609359375 0.513671875 0.384765625 0.5302734359375 0.384765625 0.5400390640625 0.408203125 0.5537109359375 0.4140625 0.5849609359375 0.42578125 0.5869140640625 0.4375 0.5654296859375 0.435546875 0.5341796859375 0.4267578140625 0.5234375 0.4150390640625 0.525390625
2 0.4462890640625 0.712890625 0.470703125 0.7138671859375 0.466796875 0.6962890640625 0.4580078140625 0.689453125 0.4453125 0.6962890640625 0.4462890640625 0.712890625
2 0.462890625 0.8193359359375 0.46875 0.8212890640625 0.478515625 0.8134765640625 0.4794921859375 0.78125 0.462890625 0.7958984359375 0.462890625 0.8193359359375
2 0.505859375 0.8857421859375 0.513671875 0.8857421859375 0.517578125 0.8388671859375 0.5087890640625 0.8359375 0.494140625 0.8427734359375 0.505859375 0.8857421859375
2 0.533203125 0.9384765640625 0.541015625 0.9248046859375 0.5302734359375 0.90625 0.5234375 0.9345703140625 0.533203125 0.9384765640625
2 0.751953125 0.5185546859375 0.7578125 0.5087890640625 0.7490234359375 0.498046875 0.744140625 0.5126953140625 0.751953125 0.5185546859375
2 0.5439453140625 0.978515625 0.53515625 0.9990234359375 0.546875 0.9990234359375 0.546875 0.9892578140625 0.5556640640625 0.98828125 0.556640625 0.9814453140625 0.5439453140625 0.978515625
2 0.8203125 0.7548828140625 0.8115234359375 0.732421875 0.796875 0.7412109359375 0.8037109359375 0.75390625 0.8203125 0.7548828140625
2 0.7578125 0.6240234359375 0.765625 0.6259765640625 0.767578125 0.5810546859375 0.7509765640625 0.576171875 0.75 0.6025390640625 0.7578125 0.6240234359375
2 0.8017578140625 0.6484375 0.78515625 0.6572265640625 0.783203125 0.6689453140625 0.794921875 0.6806640640625 0.796875 0.7041015640625 0.802734375 0.7060546859375 0.810546875 0.7001953140625 0.8125 0.6865234359375 0.810546875 0.6591796859375 0.8017578140625 0.6484375
2 0.66015625 0.3408203140625 0.669921875 0.3740234359375 0.685546875 0.3818359359375 0.693359375 0.3720703140625 0.6787109359375 0.326171875 0.6650390640625 0.330078125 0.66015625 0.3408203140625
2 0.6083984359375 0.1015625 0.60546875 0.1552734359375 0.62109375 0.1611328140625 0.626953125 0.1845703140625 0.638671875 0.1943359359375 0.638671875 0.1533203140625 0.619140625 0.1357421859375 0.6171875 0.11230468593750001 0.6083984359375 0.1015625
2 0.859375 0.9873046859375 0.8701171859375 1 0.90234375 0.9990234359375 0.8828125 0.9599609359375 0.8662109359375 0.94921875 0.859375 0.9560546859375 0.859375 0.9873046859375
2 0.904296875 0.07910156406249999 0.9228515640625 0.099609375 0.931640625 0.09863281406249999 0.94140625 0.06738281406249999 0.9208984359375 0.0703125 0.9150390640625 0.056640625 0.904296875 0.07910156406249999
1 0.466796875 0.2529296859375 0.4580078140625 0.236328125 0.4482421859375 0.251953125 0.4375 0.2509765640625 0.439453125 0.2919921859375 0.4248046859375 0.291015625 0.4140625 0.3017578140625 0.4140625 0.3173828140625 0.40625 0.3173828140625 0.408203125 0.3291015640625 0.41796875 0.3291015640625 0.4560546859375 0.318359375 0.48046875 0.3212890640625 0.470703125 0.3017578140625 0.466796875 0.2529296859375
1 0.341796875 0.8134765640625 0.30921264531250003 0.837271615625 0.35546875 0.8427734359375 0.375 0.8134765640625 0.3720703140625 0.806640625 0.3603515640625 0.814453125 0.341796875 0.8134765640625
1 0.3818359359375 0.931640625 0.365234375 0.9404296859375 0.37109375 0.9443359359375 0.3671875 0.9716796859375 0.375 0.9755859359375 0.3876953140625 0.970703125 0.392578125 0.9599609359375 0.390625 0.9423828140625 0.3818359359375 0.931640625