2 0.05859375 0.9208984359375 0.0517578140625 0.91796875 0.046875 0.9384765640625 0.01953125 0.9541015640625 0.02734375 0.9755859359375 0.044921875 0.9873046859375 0.0390625 0.9990234359375 0.1015625 0.9990234359375 0.091796875 0.9794921859375 0.07519531406249999 0.962890625 0.064453125 0.9619140640625 0.05859375 0.9208984359375
2 0.1767578140625 0.21484375 0.173828125 0.2255859359375 0.1796875 0.2373046859375 0.1884765640625 0.24609375 0.197265625 0.2451171859375 0.208984375 0.2333984359375 0.205078125 0.2216796859375 0.1904296859375 0.2109375 0.1767578140625 0.21484375
2 0.10449218593750001 0.048828125 0.095703125 0.0537109359375 0.095703125 0.06933593593750001 0.103515625 0.08886718593750001 0.1015625 0.10253906406249999 0.138671875 0.11621093593750001 0.146484375 0.036132814062500004 0.1337890640625 0.029296875 0.11816406406249999 0.0546875 0.10449218593750001 0.048828125
2 0.341796875 0.4931640640625 0.337890625 0.4677734359375 0.345703125 0.4501953140625 0.33203125 0.4306640640625 0.330078125 0.3935546859375 0.3251953140625 0.390625 0.3076171859375 0.408203125 0.2958984359375 0.400390625 0.2890625 0.4033203140625 0.2890625 0.4228515640625 0.275390625 0.4384765640625 0.27734375 0.4541015640625 0.25 0.4931640640625 0.2568359359375 0.505859375 0.2783203140625 0.498046875 0.30078125 0.5009765640625 0.302734375 0.5283203140625 0.26953125 0.5400390640625 0.265625 0.5810546859375 0.2763671859375 0.59375 0.2900390640625 0.5859375 0.298828125 0.5908203140625 0.298828125 0.6103515640625 0.318359375 0.6416015640625 0.3125 0.6669921859375 0.3193359359375 0.67578125 0.33203125 0.6767578140625 0.33984375 0.5341796859375 0.328125 0.5244140640625 0.328125 0.5166015640625 0.341796875 0.4931640640625
2 0.3828125 0.8330078140625 0.37109375 0.7548828140625 0.3662109359375 0.751953125 0.359375 0.7646484359375 0.359375 0.8017578140625 0.34765625 0.8173828140625 0.36328125 0.8603515640625 0.404296875 0.9091796859375 0.416015625 0.8798828140625 0.416015625 0.8544921859375 0.3955078140625 0.83203125 0.3828125 0.8330078140625
2 0.4248046859375 0.931640625 0.4150390640625 0.921875 0.4033203140625 0.931640625 0.3857421859375 0.91796875 0.388671875 0.9443359359375 0.41015625 0.9580078140625 0.4365234359375 0.95703125 0.44921875 0.9365234359375 0.44921875 0.9248046859375 0.4248046859375 0.931640625
2 0.740234375 0.7626953140625 0.732421875 0.7841796859375 0.708984375 0.8095703140625 0.708984375 0.8369140640625 0.732421875 0.8408203140625 0.75 0.8173828140625 0.75390625 0.7685546859375 0.7490234359375 0.759765625 0.740234375 0.7626953140625
2 0.72265625 0.6708984359375 0.7138671859375 0.666015625 0.6982421859375 0.67578125 0.693359375 0.6591796859375 0.6826171859375 0.65625 0.677734375 0.6982421859375 0.68359375 0.7197265640625 0.67578125 0.7333984359375 0.689453125 0.7451171859375 0.693359375 0.7646484359375 0.703125 0.7744140640625 0.716796875 0.7451171859375 0.708984375 0.7080078140625 0.72265625 0.6884765640625 0.72265625 0.6708984359375
2 0.5556640640625 0.109375 0.525390625 0.1318359359375 0.51171875 0.1689453140625 0.515625 0.1923828140625 0.52734375 0.1982421859375 0.5400390640625 0.1953125 0.546875 0.1826171859375 0.5625 0.12207031406249999 0.5556640640625 0.109375
2 0.513671875 0.0556640640625 0.50390625 0.0302734359375 0.5078125 0.0009765640625 0.4658203140625 0 0.46875 0.018554685937500003 0.453125 0.032226564062500004 0.45703125 0.045898435937499996 0.47265625 0.0615234359375 0.4609375 0.10058593593750001 0.48046875 0.11816406406249999 0.48046875 0.1298828140625 0.48828125 0.1318359359375 0.49609375 0.11621093593750001 0.513671875 0.10253906406249999 0.505859375 0.07910156406249999 0.513671875 0.0556640640625
2 0.92578125 0.3076171859375 0.9306640640625 0.31640625 0.9375 0.3154296859375 0.947265625 0.2998046859375 0.9521484359375 0.244140625 0.921875 0.2666015640625 0.92578125 0.3076171859375
2 0.8837890640625 0.142578125 0.880859375 0.1630859359375 0.892578125 0.1923828140625 0.9111328140625 0.1953125 0.921875 0.2041015640625 0.927734375 0.1904296859375 0.923828125 0.1728515640625 0.9052734359375 0.166015625 0.8837890640625 0.142578125
2 0.9853515640625 0.416015625 0.955078125 0.4326171859375 0.96484375 0.4482421859375 0.96875 0.4833984359375 0.9765625 0.4833984359375 0.986328125 0.4736328140625 0.982421875 0.4365234359375 0.990234375 0.4267578140625 0.9853515640625 0.416015625