2 0.3876953140625 0.625 0.330078125 0.6259765640625 0.390625 0.6318359359375 0.3876953140625 0.625
2 0.25390625 0.5263671859375 0.259765625 0.5166015640625 0.2470703140625 0.50390625 0.2421875 0.5224609359375 0.25390625 0.5263671859375
2 0.443359375 0.9853515640625 0.4248046859375 0.9609375 0.419921875 0.9716796859375 0.4365234359375 0.986328125 0.443359375 0.9853515640625
2 0.748046875 0.8779296859375 0.75 0.8623046859375 0.7392578140625 0.857421875 0.732421875 0.8740234359375 0.748046875 0.8779296859375
2 0.18359375 0.3740234359375 0.19921875 0.3837890640625 0.203125 0.3564453140625 0.1904296859375 0.3515625 0.18359375 0.3583984359375 0.18359375 0.3740234359375
2 1 0.3701171859375 0.9892578140625 0.36328125 0.982421875 0.3818359359375 0.98828125 0.3974609359375 1 0.4033203140625 1 0.3701171859375
2 0.59375 0.3876953140625 0.59375 0.4189453140625 0.60546875 0.4189453140625 0.61328125 0.4091796859375 0.61328125 0.3955078140625 0.6005859359375 0.37890625 0.59375 0.3876953140625
2 0 0.7998046859375 0.001953125 0.8427734359375 0.017578125 0.8251953140625 0.01953125 0.7998046859375 0.0126953140625 0.79296875 0 0.7998046859375
2 0.2578125 0.6259765640625 0.28515625 0.6376953140625 0.29296875 0.6181640640625 0.2783203140625 0.59375 0.2578125 0.6181640640625 0.2578125 0.6259765640625
2 0.60546875 0.4541015640625 0.603515625 0.4638671859375 0.609375 0.4892578140625 0.62109375 0.5009765640625 0.62890625 0.4951171859375 0.62890625 0.4677734359375 0.6181640640625 0.447265625 0.60546875 0.4541015640625
2 0.0703125 0.11425781406249999 0.072265625 0.1259765640625 0.08496093593750001 0.138671875 0.109375 0.1416015640625 0.109375 0.12011718593750001 0.10058593593750001 0.107421875 0.08496093593750001 0.103515625 0.0703125 0.11425781406249999
2 0.2021484359375 0.40625 0.19140625 0.4306640640625 0.203125 0.4580078140625 0.212890625 0.4599609359375 0.220703125 0.4501953140625 0.220703125 0.4189453140625 0.2158203140625 0.408203125 0.2021484359375 0.40625
2 0.2666015640625 0.556640625 0.234375 0.5791015640625 0.2373046859375 0.59765625 0.255859375 0.5986328140625 0.2705078140625 0.5859375 0.279296875 0.5869140640625 0.2802734359375 0.560546875 0.2666015640625 0.556640625
2 0.06738281406249999 0.146484375 0.068359375 0.1689453140625 0.05859375 0.1865234359375 0.06542968593750001 0.19921875 0.076171875 0.2021484359375 0.091796875 0.1923828140625 0.095703125 0.1650390640625 0.08886718593750001 0.154296875 0.06738281406249999 0.146484375
2 0.1494140640625 0.23046875 0.1279296859375 0.23828125 0.123046875 0.2548828140625 0.1455078140625 0.279296875 0.154296875 0.2802734359375 0.1640625 0.2705078140625 0.1640625 0.2607421859375 0.158203125 0.2373046859375 0.1494140640625 0.23046875
2 0.70703125 0.7490234359375 0.705078125 0.7802734359375 0.697265625 0.7939453140625 0.71484375 0.8017578140625 0.748046875 0.7861328140625 0.72265625 0.7568359359375 0.7177734359375 0.73828125 0.70703125 0.7490234359375
2 0.513671875 0.1865234359375 0.517578125 0.2177734359375 0.533203125 0.2197265640625 0.55078125 0.2041015640625 0.546875 0.1728515640625 0.5341796859375 0.15625 0.513671875 0.1865234359375
2 0.6376953140625 0.53515625 0.625 0.5458984359375 0.625 0.5615234359375 0.6396484359375 0.572265625 0.650390625 0.5712890640625 0.67578125 0.5556640640625 0.68359375 0.5419921859375 0.6787109359375 0.529296875 0.6376953140625 0.53515625
2 0.6982421859375 0.62109375 0.6748046859375 0.62109375 0.66015625 0.6337890640625 0.66796875 0.6708984359375 0.685546875 0.6708984359375 0.6904296859375 0.662109375 0.71484375 0.6513671859375 0.712890625 0.6376953140625 0.6982421859375 0.62109375
2 0.3212890640625 0.6875 0.296875 0.7177734359375 0.29296875 0.7509765640625 0.3046875 0.7568359359375 0.3310546859375 0.744140625 0.33984375 0.7314453140625 0.3291015640625 0.6875 0.3212890640625 0.6875
2 0.3701171859375 0.818359375 0.3623046859375 0.818359375 0.357421875 0.8310546859375 0.361328125 0.8759765640625 0.3828125 0.8955078140625 0.39453125 0.9150390640625 0.39453125 0.9404296859375 0.40625 0.9462890640625 0.41796875 0.9091796859375 0.392578125 0.8720703140625 0.38671875 0.8388671859375 0.3701171859375 0.818359375
2 0.5927734359375 0.265625 0.5751953140625 0.267578125 0.5703125 0.2626953140625 0.572265625 0.2529296859375 0.5615234359375 0.234375 0.5546875 0.2509765640625 0.5546875 0.3095703140625 0.537109375 0.3251953140625 0.5419921859375 0.337890625 0.55859375 0.3447265640625 0.58984375 0.3251953140625 0.58984375 0.3017578140625 0.599609375 0.2822265640625 0.5927734359375 0.265625
2 0.484375 0.047851564062500004 0.490234375 0.0048828140625 0.4619140640625 0 0.4609375 0.020507814062499997 0.443359375 0.032226564062500004 0.443359375 0.0517578140625 0.4541015640625 0.0625 0.4755859359375 0.05859375 0.482421875 0.06542968593750001 0.494140625 0.09277343593750001 0.49609375 0.11816406406249999 0.5029296859375 0.126953125 0.513671875 0.1279296859375 0.51953125 0.07714843593750001 0.505859375 0.06738281406249999 0.4990234359375 0.05078125 0.484375 0.047851564062500004