2 0.623046875 0.2490234359375 0.6240234359375 0.216796875 0.611328125 0.2353515640625 0.611328125 0.2431640640625 0.623046875 0.2490234359375
2 0.123046875 0.5966796859375 0.12109375 0.6083984359375 0.12890625 0.6083984359375 0.146484375 0.5947265640625 0.1435546859375 0.58984375 0.1337890640625 0.587890625 0.123046875 0.5966796859375
2 0.52734375 0.034179685937499996 0.5439453140625 0.02734375 0.5625 0.0048828140625 0.517578125 0.0302734359375 0.52734375 0.034179685937499996
2 0.240234375 0.8740234359375 0.2490234359375 0.88671875 0.2578125 0.8876953140625 0.263671875 0.8681640640625 0.2607421859375 0.861328125 0.2490234359375 0.859375 0.240234375 0.8740234359375
2 0.517578125 0.038085935937499996 0.5126953140625 0.033203125 0.453125 0.0576171859375 0.46875 0.0595703140625 0.4833984359375 0.056640625 0.4873046859375 0.048828125 0.5126953140625 0.044921875 0.517578125 0.038085935937499996
2 0.62109375 0.3408203140625 0.62890625 0.3408203140625 0.638671875 0.3154296859375 0.6318359359375 0.30078125 0.619140625 0.3134765640625 0.62109375 0.3408203140625
2 0.6650390640625 0.1875 0.685546875 0.1884765640625 0.685546875 0.1728515640625 0.6689453140625 0.158203125 0.658203125 0.1669921859375 0.6650390640625 0.1875
2 0.482421875 0.1513671859375 0.4921875 0.1552734359375 0.515625 0.1376953140625 0.5205078140625 0.12109375 0.48828125 0.1318359359375 0.482421875 0.1513671859375
2 0.28515625 0.9814453140625 0.2890625 0.9951171859375 0.296875 0.9990234359375 0.314453125 0.9873046859375 0.3115234359375 0.962890625 0.2939453140625 0.96875 0.28515625 0.9814453140625
2 0.9296875 0.045898435937499996 0.953125 0.049804685937499996 0.947265625 0.0263671859375 0.951171875 0.0009765640625 0.9384765640625 0 0.9296875 0.045898435937499996
2 0.3447265640625 0.091796875 0.341796875 0.10058593593750001 0.3515625 0.1318359359375 0.359375 0.1337890640625 0.373046875 0.1259765640625 0.373046875 0.11425781406249999 0.3564453140625 0.09375 0.3447265640625 0.091796875
2 0.189453125 0.7392578140625 0.189453125 0.7568359359375 0.201171875 0.7626953140625 0.212890625 0.7431640640625 0.2060546859375 0.705078125 0.1953125 0.7099609359375 0.189453125 0.7392578140625
2 0.314453125 0.0263671859375 0.33984375 0.0556640640625 0.345703125 0.0146484359375 0.3173828140625 0.00390625 0.3125 0.008789064062500001 0.314453125 0.0263671859375
2 0.130859375 0.5048828140625 0.13671875 0.5146484359375 0.158203125 0.4873046859375 0.1435546859375 0.455078125 0.130859375 0.4677734359375 0.130859375 0.5048828140625
2 0.701171875 0.3427734359375 0.73046875 0.3466796859375 0.73046875 0.3212890640625 0.736328125 0.3115234359375 0.7080078140625 0.302734375 0.701171875 0.3427734359375
2 0.4619140640625 0.482421875 0.455078125 0.4873046859375 0.4609375 0.5048828140625 0.455078125 0.5322265640625 0.470703125 0.5478515640625 0.482421875 0.5341796859375 0.47265625 0.5146484359375 0.4765625 0.4873046859375 0.4619140640625 0.482421875
2 0.099609375 0.4423828140625 0.0859375 0.4853515640625 0.095703125 0.4951171859375 0.1171875 0.4853515640625 0.119140625 0.4619140640625 0.11035156406249999 0.4375 0.099609375 0.4423828140625
2 0.37890625 0.3408203140625 0.3818359359375 0.349609375 0.390625 0.3486328140625 0.423828125 0.3330078140625 0.4013671859375 0.298828125 0.392578125 0.2998046859375 0.37890625 0.3408203140625
2 0.4169921859375 0.388671875 0.41015625 0.3935546859375 0.412109375 0.4150390640625 0.421875 0.4521484359375 0.43359375 0.4541015640625 0.439453125 0.4423828140625 0.439453125 0.4072265640625 0.4287109359375 0.390625 0.4169921859375 0.388671875
2 0.9990234359375 0.09375 0.9775390640625 0.08984375 0.953125 0.10253906406249999 0.953125 0.1357421859375 0.96484375 0.1416015640625 0.9716796859375 0.125 0.9873046859375 0.126953125 0.998046875 0.11816406406249999 0.9990234359375 0.09375
2 0.98828125 0.2255859359375 1 0.2314453140625 0.9970703140625 0.138671875 0.955078125 0.1689453140625 0.984375 0.1904296859375 0.98828125 0.2255859359375
2 0.07324218593750001 0.302734375 0.0537109359375 0.306640625 0.048828125 0.3291015640625 0.06640625 0.3349609359375 0.078125 0.3701171859375 0.08984375 0.3759765640625 0.103515625 0.3564453140625 0.1015625 0.3466796859375 0.078125 0.3193359359375 0.07324218593750001 0.302734375
2 0.7822265640625 0.59375 0.783203125 0.6416015640625 0.796875 0.6689453140625 0.80859375 0.6728515640625 0.8203125 0.6259765640625 0.798828125 0.6083984359375 0.7939453140625 0.591796875 0.7822265640625 0.59375
2 0.7177734359375 0.373046875 0.70703125 0.3955078140625 0.732421875 0.4384765640625 0.736328125 0.4638671859375 0.7578125 0.4716796859375 0.763671875 0.4423828140625 0.73828125 0.4189453140625 0.732421875 0.3759765640625 0.7177734359375 0.373046875
2 0.0068359359375 0.09375 0.001953125 0.11425781406249999 0.01171875 0.1474609359375 0.0390625 0.1572265640625 0.032226564062500004 0.169921875 0.022460935937500003 0.16796875 0.017578125 0.1748046859375 0.021484375 0.2021484359375 0.032226564062500004 0.22265625 0.046875 0.2236328140625 0.056640625 0.1904296859375 0.0390625 0.1396484359375 0.015625 0.09863281406249999 0.0068359359375 0.09375
2 0.6064453140625 0.126953125 0.61328125 0.09667968593750001 0.6259765640625 0.095703125 0.6376953140625 0.08203125 0.6513671859375 0.109375 0.6669921859375 0.111328125 0.671875 0.10449218593750001 0.669921875 0.06933593593750001 0.6376953140625 0.033203125 0.623046875 0.038085935937499996 0.626953125 0.06347656406249999 0.6123046859375 0.0703125 0.609375 0.08105468593750001 0.595703125 0.09082031406249999 0.587890625 0.11425781406249999 0.59375 0.1298828140625 0.595703125 0.11230468593750001 0.603515625 0.11230468593750001 0.59765625 0.12207031406249999 0.6064453140625 0.126953125
0 0.830078125 0.7177734359375 0.7958984359375 0.7109375 0.78515625 0.6787109359375 0.7763671859375 0.673828125 0.755859375 0.7177734359375 0.759765625 0.7392578140625 0.75390625 0.7451171859375 0.7802734359375 0.74609375 0.794921875 0.7568359359375 0.796875 0.7412109359375 0.8154296859375 0.728515625 0.8232421859375 0.73046875 0.830078125 0.7177734359375