2 0.09765625 0.0615234359375 0.099609375 0.049804685937499996 0.09082031406249999 0.02734375 0.0703125 0.047851564062500004 0.09765625 0.0615234359375
2 0.1328125 0.1396484359375 0.12207031406249999 0.134765625 0.11328125 0.1416015640625 0.111328125 0.1630859359375 0.125 0.1962890640625 0.1328125 0.2470703140625 0.14453125 0.2626953140625 0.158203125 0.2314453140625 0.146484375 0.2158203140625 0.146484375 0.1826171859375 0.1328125 0.1396484359375
2 0.2890625 0.6513671859375 0.294921875 0.6533203140625 0.296875 0.6083984359375 0.2744140640625 0.6015625 0.271484375 0.6103515640625 0.2890625 0.6513671859375
2 0.337890625 0.8779296859375 0.35546875 0.8681640640625 0.3505859359375 0.8515625 0.33203125 0.8701171859375 0.337890625 0.8779296859375
2 0.3740234359375 0.912109375 0.34375 0.9482421859375 0.341796875 0.9775390640625 0.349609375 0.9833984359375 0.3505859359375 1 0.390625 0.9990234359375 0.390625 0.9501953140625 0.37890625 0.9384765640625 0.384765625 0.9130859359375 0.3740234359375 0.912109375
2 0.32421875 0.7861328140625 0.34375 0.8134765640625 0.34375 0.7744140640625 0.3330078140625 0.76171875 0.3251953140625 0.76171875 0.32421875 0.7861328140625
2 0.662109375 0.9990234359375 0.6552734359375 0.970703125 0.6328125 0.9794921859375 0.6357421859375 1 0.662109375 0.9990234359375
2 0.689453125 0.9462890640625 0.6875 0.9150390640625 0.6650390640625 0.900390625 0.662109375 0.9189453140625 0.671875 0.9970703140625 0.70703125 0.9990234359375 0.70703125 0.9716796859375 0.6884765640625 0.966796875 0.68359375 0.9580078140625 0.689453125 0.9462890640625
2 0.4130859359375 0 0.408203125 0.0263671859375 0.42578125 0.043945314062500004 0.4296875 0.032226564062500004 0.421875 0.018554685937500003 0.421875 0.0009765640625 0.4130859359375 0
2 0.689453125 0.022460935937500003 0.703125 0.0302734359375 0.7109375 0.020507814062499997 0.708984375 0.0009765640625 0.6904296859375 0 0.689453125 0.022460935937500003
2 0.71875 0.040039064062500004 0.71484375 0.07128906406249999 0.71484375 0.07910156406249999 0.724609375 0.08105468593750001 0.736328125 0.06933593593750001 0.736328125 0.041992185937499996 0.7294921859375 0.033203125 0.71875 0.040039064062500004
2 0.84375 0.4501953140625 0.849609375 0.4521484359375 0.857421875 0.4052734359375 0.8525390640625 0.3984375 0.8359375 0.4150390640625 0.84375 0.4501953140625
2 0.8310546859375 0.30859375 0.8173828140625 0.310546875 0.814453125 0.3271484359375 0.8203125 0.3486328140625 0.8515625 0.3623046859375 0.859375 0.3564453140625 0.85546875 0.3388671859375 0.8359375 0.3232421859375 0.8310546859375 0.30859375
2 0.7763671859375 0.12109375 0.75390625 0.1513671859375 0.7578125 0.2001953140625 0.771484375 0.2119140640625 0.791015625 0.2802734359375 0.798828125 0.2822265640625 0.806640625 0.2646484359375 0.791015625 0.2158203140625 0.787109375 0.12402343593750001 0.7763671859375 0.12109375
2 0.90234375 0.6279296859375 0.9013671859375 0.6171875 0.890625 0.6201171859375 0.8935546859375 0.62890625 0.90234375 0.6279296859375
2 0.9609375 0.7470703140625 0.97265625 0.7333984359375 0.9482421859375 0.7109375 0.943359375 0.7294921859375 0.9609375 0.7470703140625
2 0.9326171859375 0.626953125 0.9296875 0.6748046859375 0.9404296859375 0.69140625 0.947265625 0.6904296859375 0.953125 0.6748046859375 0.94140625 0.6572265640625 0.9453125 0.6396484359375 0.9326171859375 0.626953125
2 0.9560546859375 0.7578125 0.9384765640625 0.7578125 0.9375 0.7783203140625 0.94921875 0.7919921859375 0.955078125 0.8173828140625 0.96484375 0.8212890640625 0.970703125 0.8173828140625 0.97265625 0.7958984359375 0.962890625 0.7666015640625 0.9560546859375 0.7578125
2 0.849609375 0.6181640640625 0.859375 0.6220703140625 0.865234375 0.6123046859375 0.865234375 0.5693359359375 0.8544921859375 0.564453125 0.849609375 0.6181640640625
2 0.53515625 0.4794921859375 0.541015625 0.4814453140625 0.548828125 0.4521484359375 0.5302734359375 0.443359375 0.52734375 0.4541015640625 0.53515625 0.4794921859375