2 0.4912109359375 0.072265625 0.474609375 0.06542968593750001 0.4765625 0.0517578140625 0.4814453140625 0.048828125 0.4931640640625 0.06640625 0.5107421859375 0.0625 0.529296875 0.036132814062500004 0.533203125 0.016601564062499997 0.548828125 0.008789064062500001 0.5478515640625 0 0.44921875 0.0009765640625 0.44921875 0.0556640640625 0.4306640640625 0.064453125 0.427734375 0.07324218593750001 0.4326171859375 0.08203125 0.447265625 0.08496093593750001 0.4453125 0.10644531406249999 0.4560546859375 0.109375 0.4697265640625 0.12890625 0.48046875 0.1279296859375 0.4765625 0.09863281406249999 0.4912109359375 0.095703125 0.498046875 0.08300781406249999 0.4912109359375 0.072265625
2 0.041992185937499996 0.025390625 0.024414064062499997 0.046875 0.009765625 0.043945314062500004 0.020507814062499997 0.06640625 0.041992185937499996 0.0703125 0.049804685937499996 0.08203125 0.0625 0.08300781406249999 0.068359375 0.07714843593750001 0.06640625 0.0615234359375 0.05078125 0.049804685937499996 0.041992185937499996 0.025390625
2 0.09277343593750001 0.248046875 0.09765625 0.2763671859375 0.12109375 0.2939453140625 0.123046875 0.3076171859375 0.11328125 0.3251953140625 0.12402343593750001 0.333984375 0.1357421859375 0.333984375 0.142578125 0.3486328140625 0.15234375 0.3505859359375 0.15234375 0.2998046859375 0.123046875 0.2666015640625 0.11816406406249999 0.248046875 0.09277343593750001 0.248046875
2 0.2265625 0.3310546859375 0.2216796859375 0.326171875 0.20703125 0.3330078140625 0.189453125 0.3759765640625 0.189453125 0.3955078140625 0.17578125 0.4072265640625 0.193359375 0.4326171859375 0.203125 0.4345703140625 0.20703125 0.3798828140625 0.2099609359375 0.373046875 0.224609375 0.3701171859375 0.2265625 0.3310546859375
2 0.220703125 0.4833984359375 0.22265625 0.4951171859375 0.212890625 0.5146484359375 0.212890625 0.5263671859375 0.220703125 0.5283203140625 0.2392578140625 0.513671875 0.25 0.5146484359375 0.2412109359375 0.474609375 0.220703125 0.4833984359375
2 0.2978515640625 0.619140625 0.287109375 0.6240234359375 0.28125 0.6376953140625 0.28515625 0.6708984359375 0.26171875 0.6787109359375 0.26171875 0.6904296859375 0.291015625 0.7099609359375 0.3056640640625 0.705078125 0.3125 0.6943359359375 0.298828125 0.6591796859375 0.2978515640625 0.619140625
2 0.2626953140625 0.794921875 0.259765625 0.8056640640625 0.2705078140625 0.81640625 0.2880859359375 0.81640625 0.2890625 0.8388671859375 0.30859375 0.8486328140625 0.3125 0.8349609359375 0.3291015640625 0.83203125 0.341796875 0.8134765640625 0.2626953140625 0.794921875
2 0.4072265640625 0.943359375 0.3955078140625 0.9453125 0.3740234359375 0.927734375 0.33984375 0.9384765640625 0.3525390640625 1 0.416015625 0.9990234359375 0.4091796859375 0.986328125 0.39453125 0.9794921859375 0.408203125 0.9580078140625 0.4072265640625 0.943359375
2 0.6591796859375 0.685546875 0.65625 0.7099609359375 0.6640625 0.7509765640625 0.6689453140625 0.7578125 0.677734375 0.7568359359375 0.68359375 0.7490234359375 0.68359375 0.7275390640625 0.669921875 0.6904296859375 0.6591796859375 0.685546875
2 0.6513671859375 0.5859375 0.6416015640625 0.580078125 0.626953125 0.5908203140625 0.623046875 0.6240234359375 0.630859375 0.6416015640625 0.64453125 0.6455078140625 0.654296875 0.6396484359375 0.673828125 0.6064453140625 0.6650390640625 0.58203125 0.6513671859375 0.5859375
2 0.5517578140625 0.2734375 0.5322265640625 0.29296875 0.5146484359375 0.28125 0.515625 0.3037109359375 0.505859375 0.3154296859375 0.521484375 0.3349609359375 0.521484375 0.3701171859375 0.537109375 0.3720703140625 0.552734375 0.3466796859375 0.541015625 0.3193359359375 0.552734375 0.2978515640625 0.5517578140625 0.2734375
2 1 0.6103515640625 0.9912109359375 0.61328125 0.9814453140625 0.59375 0.955078125 0.6162109359375 0.9765625 0.6357421859375 0.98046875 0.6494140640625 0.98828125 0.6513671859375 1 0.6318359359375 1 0.6103515640625
2 0.9453125 0.4404296859375 0.96875 0.4580078140625 0.982421875 0.4482421859375 0.982421875 0.4365234359375 0.9716796859375 0.427734375 0.9453125 0.4404296859375
2 0.865234375 0.2333984359375 0.875 0.2373046859375 0.880859375 0.2177734359375 0.8779296859375 0.203125 0.859375 0.2158203140625 0.865234375 0.2333984359375
2 0.857421875 0.1572265640625 0.880859375 0.1728515640625 0.900390625 0.1396484359375 0.8935546859375 0.130859375 0.857421875 0.1416015640625 0.857421875 0.1572265640625
2 0.8291015640625 0 0.826171875 0.016601564062499997 0.837890625 0.0615234359375 0.849609375 0.07519531406249999 0.86328125 0.0537109359375 0.85546875 0.036132814062500004 0.857421875 0.016601564062499997 0.8486328140625 0 0.8291015640625 0