2 0.966796875 0.4501953140625 0.98046875 0.4365234359375 0.9697265640625 0.42578125 0.951171875 0.4345703140625 0.966796875 0.4501953140625
2 0.328125 0.8955078140625 0.3310546859375 0.90234375 0.34765625 0.9052734359375 0.365234375 0.8876953140625 0.3603515640625 0.87890625 0.3349609359375 0.88671875 0.328125 0.8955078140625
2 0.859375 0.2216796859375 0.8642578140625 0.232421875 0.873046875 0.2333984359375 0.87890625 0.2099609359375 0.8701171859375 0.1875 0.861328125 0.1943359359375 0.859375 0.2216796859375
2 0.85546875 0.1396484359375 0.861328125 0.1591796859375 0.8701171859375 0.16796875 0.87890625 0.1669921859375 0.896484375 0.1337890640625 0.8896484359375 0.123046875 0.8623046859375 0.12890625 0.85546875 0.1396484359375
2 0.22265625 0.4814453140625 0.2109375 0.5126953140625 0.2216796859375 0.52734375 0.232421875 0.5263671859375 0.248046875 0.5107421859375 0.2421875 0.4853515640625 0.2333984359375 0.4765625 0.22265625 0.4814453140625
2 0.6572265640625 0.681640625 0.65234375 0.6962890640625 0.662109375 0.7470703140625 0.673828125 0.7548828140625 0.68359375 0.7412109359375 0.681640625 0.7216796859375 0.669921875 0.6904296859375 0.6572265640625 0.681640625
2 1 0.6044921859375 0.9892578140625 0.607421875 0.9833984359375 0.595703125 0.9736328140625 0.595703125 0.955078125 0.6083984359375 0.955078125 0.6162109359375 0.986328125 0.6455078140625 1 0.6259765640625 1 0.6044921859375
2 0.82421875 0.010742185937499999 0.8359375 0.0576171859375 0.849609375 0.06542968593750001 0.861328125 0.049804685937499996 0.853515625 0.0009765640625 0.8271484359375 0 0.82421875 0.010742185937499999
2 0.022460935937500003 0.037109375 0.0078125 0.036132814062500004 0.0078125 0.047851564062500004 0.018554685937500003 0.0625 0.05859375 0.07910156406249999 0.06640625 0.07324218593750001 0.06640625 0.0615234359375 0.040039064062500004 0.01953125 0.022460935937500003 0.037109375
2 0.2578125 0.7958984359375 0.2666015640625 0.8125 0.287109375 0.8212890640625 0.2939453140625 0.837890625 0.30859375 0.8427734359375 0.337890625 0.8212890640625 0.3349609359375 0.810546875 0.3056640640625 0.796875 0.2578125 0.7958984359375
2 0.6630859359375 0.580078125 0.6318359359375 0.578125 0.625 0.5849609359375 0.623046875 0.6259765640625 0.638671875 0.6416015640625 0.65234375 0.6337890640625 0.669921875 0.6083984359375 0.669921875 0.5888671859375 0.6630859359375 0.580078125
2 0.27734375 0.6630859359375 0.259765625 0.6845703140625 0.2666015640625 0.697265625 0.29296875 0.7060546859375 0.310546875 0.6982421859375 0.2939453140625 0.615234375 0.27734375 0.6337890640625 0.27734375 0.6630859359375
2 0.2265625 0.3291015640625 0.2177734359375 0.322265625 0.201171875 0.3310546859375 0.173828125 0.4033203140625 0.17578125 0.4130859359375 0.201171875 0.4345703140625 0.208984375 0.4189453140625 0.208984375 0.3759765640625 0.2265625 0.3564453140625 0.2265625 0.3291015640625
2 0.5498046859375 0.26953125 0.5322265640625 0.279296875 0.5146484359375 0.275390625 0.501953125 0.3095703140625 0.515625 0.3291015640625 0.517578125 0.3662109359375 0.53125 0.3701171859375 0.55078125 0.3486328140625 0.544921875 0.3193359359375 0.5546875 0.2783203140625 0.5498046859375 0.26953125
2 0.11816406406249999 0.265625 0.10839843593750001 0.251953125 0.09277343593750001 0.251953125 0.087890625 0.2568359359375 0.091796875 0.2783203140625 0.119140625 0.3037109359375 0.109375 0.3349609359375 0.1298828140625 0.337890625 0.150390625 0.3544921859375 0.158203125 0.3291015640625 0.15234375 0.2998046859375 0.1337890640625 0.271484375 0.11816406406249999 0.265625
2 0.4033203140625 0.935546875 0.3935546859375 0.9375 0.3740234359375 0.921875 0.3583984359375 0.919921875 0.3359375 0.9384765640625 0.3525390640625 1 0.408203125 0.9990234359375 0.4140625 0.9853515640625 0.400390625 0.9716796859375 0.408203125 0.9462890640625 0.4033203140625 0.935546875
2 0.498046875 0.06738281406249999 0.513671875 0.0537109359375 0.52734375 0.032226564062500004 0.529296875 0.0146484359375 0.5419921859375 0 0.443359375 0.0029296859375 0.4453125 0.047851564062500004 0.42578125 0.06347656406249999 0.42578125 0.07519531406249999 0.443359375 0.08886718593750001 0.443359375 0.10449218593750001 0.4658203140625 0.125 0.4765625 0.1259765640625 0.482421875 0.11816406406249999 0.48046875 0.09667968593750001 0.49609375 0.08496093593750001 0.498046875 0.06738281406249999