2 0.2734375 0.2314453140625 0.2734375 0.2431640640625 0.2861328140625 0.25390625 0.294921875 0.2529296859375 0.30859375 0.2392578140625 0.3076171859375 0.212890625 0.2900390640625 0.21484375 0.2734375 0.2314453140625
2 0.2998046859375 0.263671875 0.2939453140625 0.27734375 0.2763671859375 0.275390625 0.2734375 0.2841796859375 0.302734375 0.3134765640625 0.31640625 0.3095703140625 0.3203125 0.2861328140625 0.310546875 0.2685546859375 0.2998046859375 0.263671875
2 0 0.5634765640625 0.001953125 0.5966796859375 0.0283203140625 0.591796875 0.03515625 0.5849609359375 0.024414064062499997 0.548828125 0 0.5634765640625
2 0.06738281406249999 0.6328125 0.05859375 0.6376953140625 0.05859375 0.6826171859375 0.044921875 0.7001953140625 0.044921875 0.7099609359375 0.05859375 0.7138671859375 0.087890625 0.7080078140625 0.08203125 0.6943359359375 0.083984375 0.6728515640625 0.06738281406249999 0.6328125
2 0.083984375 0.7783203140625 0.083984375 0.8212890640625 0.09375 0.8232421859375 0.12109375 0.7939453140625 0.12207031406249999 0.771484375 0.10839843593750001 0.76953125 0.083984375 0.7783203140625
2 0.146484375 0.8720703140625 0.15625 0.8427734359375 0.1435546859375 0.833984375 0.130859375 0.8447265640625 0.119140625 0.8779296859375 0.109375 0.8876953140625 0.11425781406249999 0.896484375 0.130859375 0.9013671859375 0.1328125 0.9072265640625 0.115234375 0.9208984359375 0.126953125 0.9345703140625 0.12109375 0.9560546859375 0.1298828140625 0.966796875 0.13671875 0.9658203140625 0.150390625 0.9501953140625 0.150390625 0.9306640640625 0.16015625 0.9150390640625 0.146484375 0.8720703140625
2 0.1630859359375 0.974609375 0.154296875 0.9970703140625 0.212890625 0.9990234359375 0.2080078140625 0.986328125 0.1826171859375 0.970703125 0.1748046859375 0.978515625 0.1630859359375 0.974609375
2 0.361328125 0.4287109359375 0.3583984359375 0.4140625 0.3310546859375 0.400390625 0.322265625 0.4052734359375 0.326171875 0.4267578140625 0.314453125 0.4345703140625 0.314453125 0.4443359359375 0.3046875 0.4541015640625 0.3115234359375 0.466796875 0.318359375 0.4658203140625 0.3291015640625 0.453125 0.3447265640625 0.45703125 0.34375 0.4404296859375 0.361328125 0.4287109359375
2 0.4404296859375 0.60546875 0.4375 0.6669921859375 0.4150390640625 0.66796875 0.412109375 0.6787109359375 0.4248046859375 0.708984375 0.4345703140625 0.71484375 0.455078125 0.7138671859375 0.4609375 0.6982421859375 0.453125 0.6943359359375 0.451171875 0.6083984359375 0.4404296859375 0.60546875
2 0.4931640640625 0.822265625 0.48828125 0.8271484359375 0.48046875 0.8583984359375 0.48046875 0.8662109359375 0.48828125 0.8701171859375 0.5009765640625 0.8515625 0.515625 0.8466796859375 0.5166015640625 0.826171875 0.4931640640625 0.822265625
2 0.5458984359375 0.935546875 0.5361328140625 0.919921875 0.5234375 0.9423828140625 0.53515625 0.9599609359375 0.529296875 0.9736328140625 0.529296875 0.9853515640625 0.53515625 0.9853515640625 0.552734375 0.9755859359375 0.560546875 0.9541015640625 0.55859375 0.9384765640625 0.5458984359375 0.935546875
2 0.8701171859375 0.677734375 0.8603515640625 0.685546875 0.8408203140625 0.671875 0.8359375 0.6787109359375 0.84375 0.7275390640625 0.873046875 0.7529296859375 0.896484375 0.7197265640625 0.888671875 0.7060546859375 0.890625 0.6845703140625 0.8701171859375 0.677734375
2 0.7998046859375 0.52734375 0.796875 0.5478515640625 0.818359375 0.5576171859375 0.8388671859375 0.556640625 0.845703125 0.5400390640625 0.8154296859375 0.525390625 0.7998046859375 0.52734375
2 0.7451171859375 0.33203125 0.728515625 0.3564453140625 0.7412109359375 0.380859375 0.75390625 0.3798828140625 0.759765625 0.3642578140625 0.748046875 0.3525390640625 0.75390625 0.3369140640625 0.7451171859375 0.33203125
2 0.66796875 0.2119140640625 0.6767578140625 0.220703125 0.693359375 0.2197265640625 0.708984375 0.2080078140625 0.6904296859375 0.18359375 0.66796875 0.2041015640625 0.66796875 0.2119140640625
2 0.5986328140625 0.0234375 0.595703125 0.0615234359375 0.60546875 0.06542968593750001 0.623046875 0.049804685937499996 0.625 0.038085935937499996 0.6181640640625 0.029296875 0.5986328140625 0.0234375