2 0.040039064062500004 0.583984375 0.033203125 0.5927734359375 0.03515625 0.6220703140625 0.045898435937499996 0.630859375 0.064453125 0.6337890640625 0.072265625 0.6279296859375 0.072265625 0.6103515640625 0.0517578140625 0.587890625 0.040039064062500004 0.583984375
2 0.091796875 0.8623046859375 0.1015625 0.8955078140625 0.109375 0.8994140640625 0.126953125 0.8564453140625 0.10644531406249999 0.822265625 0.09375 0.8310546859375 0.091796875 0.8623046859375
2 0.06542968593750001 0.685546875 0.038085935937499996 0.69140625 0.033203125 0.7021484359375 0.033203125 0.7314453140625 0.041015625 0.7529296859375 0.048828125 0.7529296859375 0.078125 0.7236328140625 0.08203125 0.7119140640625 0.078125 0.6962890640625 0.06542968593750001 0.685546875
2 0.244140625 0.2958984359375 0.244140625 0.3076171859375 0.255859375 0.3095703140625 0.279296875 0.2939453140625 0.2626953140625 0.255859375 0.25390625 0.2626953140625 0.244140625 0.2958984359375
2 0.1259765640625 0 0.150390625 0.0263671859375 0.14453125 0.06738281406249999 0.19140625 0.09082031406249999 0.201171875 0.06542968593750001 0.19921875 0.0517578140625 0.16015625 0.020507814062499997 0.1591796859375 0 0.1259765640625 0
2 0.2099609359375 0.154296875 0.1962890640625 0.1640625 0.1767578140625 0.16015625 0.189453125 0.1943359359375 0.189453125 0.2119140640625 0.2255859359375 0.2265625 0.23828125 0.2451171859375 0.248046875 0.2392578140625 0.25 0.2197265640625 0.23046875 0.1748046859375 0.2099609359375 0.154296875
2 0.294921875 0.3994140640625 0.3125 0.4150390640625 0.31640625 0.4306640640625 0.326171875 0.4306640640625 0.33203125 0.4267578140625 0.328125 0.3916015640625 0.3115234359375 0.37890625 0.294921875 0.3994140640625
2 0.3125 0.4423828140625 0.3203125 0.4716796859375 0.31640625 0.5087890640625 0.3251953140625 0.517578125 0.3359375 0.5166015640625 0.341796875 0.5107421859375 0.341796875 0.4736328140625 0.3173828140625 0.435546875 0.3125 0.4423828140625
2 0.4833984359375 0.833984375 0.4609375 0.8642578140625 0.4658203140625 0.875 0.474609375 0.8740234359375 0.49609375 0.8701171859375 0.50390625 0.8486328140625 0.4990234359375 0.8359375 0.4833984359375 0.833984375
2 0.5087890640625 0.88671875 0.505859375 0.9150390640625 0.513671875 0.9501953140625 0.498046875 0.9677734359375 0.49609375 0.9853515640625 0.5107421859375 0.98828125 0.5205078140625 1 0.5390625 0.9990234359375 0.537109375 0.9833984359375 0.5234375 0.9619140640625 0.517578125 0.8935546859375 0.5087890640625 0.88671875
2 0.44140625 0.6865234359375 0.4267578140625 0.662109375 0.416015625 0.7021484359375 0.41796875 0.7587890640625 0.4384765640625 0.78125 0.447265625 0.7822265640625 0.453125 0.7607421859375 0.451171875 0.7470703140625 0.44140625 0.7373046859375 0.44140625 0.6865234359375
2 0.6630859359375 0.177734375 0.658203125 0.1708984359375 0.66796875 0.1494140640625 0.6650390640625 0.138671875 0.6396484359375 0.146484375 0.6328125 0.1669921859375 0.6484375 0.1787109359375 0.638671875 0.1943359359375 0.638671875 0.2138671859375 0.654296875 0.2158203140625 0.66015625 0.2001953140625 0.681640625 0.1865234359375 0.6806640640625 0.1796875 0.6630859359375 0.177734375
2 0.6767578140625 0.291015625 0.671875 0.3076171859375 0.6826171859375 0.3203125 0.69140625 0.3193359359375 0.69921875 0.3115234359375 0.69921875 0.2939453140625 0.6943359359375 0.2890625 0.6767578140625 0.291015625
2 0.5986328140625 0.060546875 0.607421875 0.0595703140625 0.599609375 0.0009765640625 0.5869140640625 0 0.59375 0.0537109359375 0.5986328140625 0.060546875
2 0.7568359359375 0.458984375 0.73828125 0.5009765640625 0.73828125 0.5224609359375 0.75 0.5283203140625 0.755859375 0.5009765640625 0.765625 0.4873046859375 0.763671875 0.4658203140625 0.7568359359375 0.458984375
2 0.802734375 0.5576171859375 0.7919921859375 0.552734375 0.7744140640625 0.552734375 0.755859375 0.5869140640625 0.771484375 0.6240234359375 0.779296875 0.6240234359375 0.791015625 0.6123046859375 0.7890625 0.5888671859375 0.802734375 0.5654296859375 0.802734375 0.5576171859375
2 0.8798828140625 0.81640625 0.85546875 0.8271484359375 0.86328125 0.8486328140625 0.86328125 0.8759765640625 0.873046875 0.8837890640625 0.880859375 0.8779296859375 0.8828125 0.8642578140625 0.884765625 0.8271484359375 0.8798828140625 0.81640625
2 0.833984375 0.7861328140625 0.8466796859375 0.802734375 0.85546875 0.8017578140625 0.853515625 0.7763671859375 0.8427734359375 0.759765625 0.833984375 0.7666015640625 0.833984375 0.7861328140625
2 0.697265625 0.3994140640625 0.71484375 0.4033203140625 0.720703125 0.3818359359375 0.7138671859375 0.37109375 0.7021484359375 0.369140625 0.697265625 0.3994140640625