2 0.1279296859375 0.109375 0.123046875 0.12011718593750001 0.125 0.2275390640625 0.13671875 0.2314453140625 0.162109375 0.1865234359375 0.15625 0.1787109359375 0.154296875 0.1259765640625 0.1279296859375 0.109375
2 0.2255859359375 0.337890625 0.2080078140625 0.35546875 0.197265625 0.3486328140625 0.208984375 0.3310546859375 0.2109375 0.3134765640625 0.2041015640625 0.3046875 0.1904296859375 0.302734375 0.1826171859375 0.314453125 0.169921875 0.3095703140625 0.1640625 0.3427734359375 0.185546875 0.3505859359375 0.19140625 0.3662109359375 0.189453125 0.3916015640625 0.203125 0.3935546859375 0.2177734359375 0.37890625 0.2255859359375 0.384765625 0.2421875 0.3603515640625 0.2255859359375 0.337890625
2 0.0595703140625 0 0.05859375 0.038085935937499996 0.044921875 0.049804685937499996 0.044921875 0.06347656406249999 0.08300781406249999 0.072265625 0.095703125 0.08496093593750001 0.10058593593750001 0.078125 0.12402343593750001 0.08203125 0.126953125 0.06542968593750001 0.09082031406249999 0 0.0595703140625 0
2 0.287109375 0.5791015640625 0.287109375 0.5966796859375 0.2734375 0.6142578140625 0.294921875 0.6337890640625 0.296875 0.6123046859375 0.314453125 0.5888671859375 0.3037109359375 0.56640625 0.287109375 0.5791015640625
2 0.3564453140625 0.7890625 0.3515625 0.8017578140625 0.3671875 0.8154296859375 0.369140625 0.8251953140625 0.392578125 0.8291015640625 0.39453125 0.8212890640625 0.37890625 0.8056640640625 0.3828125 0.7900390640625 0.3564453140625 0.7890625
2 0.427734375 0.9248046859375 0.4111328140625 0.91796875 0.4052734359375 0.908203125 0.3984375 0.9091796859375 0.3984375 0.9248046859375 0.38671875 0.9326171859375 0.384765625 0.9423828140625 0.373046875 0.9482421859375 0.373046875 0.9619140640625 0.3837890640625 0.970703125 0.392578125 0.9697265640625 0.4052734359375 0.947265625 0.4150390640625 0.951171875 0.427734375 0.9365234359375 0.427734375 0.9248046859375
2 0.05859375 0.9990234359375 0.0595703140625 0.98046875 0.0234375 0.9912109359375 0.024414064062499997 1 0.05859375 0.9990234359375
2 0.044921875 0.9384765640625 0.049804685937499996 0.9453125 0.05859375 0.9443359359375 0.076171875 0.9326171859375 0.076171875 0.9248046859375 0.0576171859375 0.916015625 0.044921875 0.9384765640625
2 0.00390625 0.9423828140625 0.013671875 0.9599609359375 0 0.9794921859375 0.00390625 0.9873046859375 0.037109375 0.9404296859375 0.0263671859375 0.92578125 0.005859375 0.9306640640625 0.00390625 0.9423828140625
2 0.6875 0.6279296859375 0.68359375 0.6357421859375 0.689453125 0.6513671859375 0.69140625 0.6181640640625 0.6845703140625 0.603515625 0.671875 0.6201171859375 0.6875 0.6279296859375
2 0.5107421859375 0.037109375 0.5 0.043945314062500004 0.490234375 0.06738281406249999 0.490234375 0.09472656406249999 0.50390625 0.10839843593750001 0.513671875 0.08105468593750001 0.52734375 0.07128906406249999 0.52734375 0.0615234359375 0.5107421859375 0.037109375
2 0.6865234359375 0.513671875 0.6708984359375 0.517578125 0.6552734359375 0.505859375 0.65625 0.5498046859375 0.666015625 0.5556640640625 0.6728515640625 0.58203125 0.693359375 0.5849609359375 0.69921875 0.5751953140625 0.693359375 0.5556640640625 0.6953125 0.5224609359375 0.6865234359375 0.513671875
2 0.5673828140625 0.142578125 0.55859375 0.1689453140625 0.5390625 0.1728515640625 0.5390625 0.2001953140625 0.5234375 0.2294921859375 0.5322265640625 0.244140625 0.54296875 0.2451171859375 0.556640625 0.2373046859375 0.57421875 0.1884765640625 0.57421875 0.1572265640625 0.5673828140625 0.142578125
2 0.751953125 0.7021484359375 0.7177734359375 0.69140625 0.71484375 0.6748046859375 0.7021484359375 0.666015625 0.69140625 0.6806640640625 0.6953125 0.6923828140625 0.681640625 0.7119140640625 0.681640625 0.7294921859375 0.6923828140625 0.75 0.70703125 0.7509765640625 0.7255859359375 0.728515625 0.7373046859375 0.728515625 0.74609375 0.7197265640625 0.751953125 0.7021484359375
2 0.634765625 0.3623046859375 0.6279296859375 0.361328125 0.6162109359375 0.384765625 0.58984375 0.3896484359375 0.58984375 0.4033203140625 0.640625 0.4521484359375 0.654296875 0.4384765640625 0.65625 0.3916015640625 0.640625 0.3798828140625 0.634765625 0.3623046859375
2 0.5888671859375 0.263671875 0.5732421859375 0.2578125 0.5595703140625 0.279296875 0.5390625 0.2900390640625 0.541015625 0.3076171859375 0.5517578140625 0.318359375 0.5791015640625 0.30859375 0.58984375 0.3154296859375 0.59375 0.3369140640625 0.603515625 0.3388671859375 0.626953125 0.2939453140625 0.6142578140625 0.240234375 0.5986328140625 0.248046875 0.5888671859375 0.263671875
2 0.779296875 0.8388671859375 0.7705078140625 0.826171875 0.763671875 0.8349609359375 0.7578125 0.8740234359375 0.748046875 0.8876953140625 0.76171875 0.9111328140625 0.7578125 0.9931640640625 0.7607421859375 1 0.775390625 0.9990234359375 0.77734375 0.9111328140625 0.798828125 0.8876953140625 0.779296875 0.8779296859375 0.779296875 0.8388671859375
2 0.73828125 0.8271484359375 0.7421875 0.7978515640625 0.7255859359375 0.79296875 0.7265625 0.8193359359375 0.73828125 0.8271484359375
2 0.8828125 0.1787109359375 0.8935546859375 0.1953125 0.904296875 0.1982421859375 0.9140625 0.1923828140625 0.91015625 0.1669921859375 0.8876953140625 0.15625 0.8828125 0.1787109359375
2 0.8525390640625 0 0.8671875 0.0302734359375 0.8818359359375 0.033203125 0.8896484359375 0.05078125 0.8984375 0.049804685937499996 0.904296875 0.041992185937499996 0.904296875 0.020507814062499997 0.919921875 0.0009765640625 0.8525390640625 0
2 0.8603515640625 0.078125 0.853515625 0.08496093593750001 0.8515625 0.10058593593750001 0.8623046859375 0.11328125 0.8984375 0.11816406406249999 0.9140625 0.09277343593750001 0.9111328140625 0.068359375 0.8857421859375 0.078125 0.8603515640625 0.078125
2 0.9482421859375 0.162109375 0.931640625 0.1748046859375 0.912109375 0.2197265640625 0.91796875 0.2333984359375 0.9140625 0.2626953140625 0.923828125 0.2705078140625 0.9375 0.2587890640625 0.9609375 0.2060546859375 0.953125 0.1962890640625 0.9482421859375 0.162109375
2 1 0.3916015640625 0.98828125 0.3837890640625 0.98828125 0.3701171859375 0.998046875 0.3564453140625 1 0.2958984359375 0.9853515640625 0.296875 0.9658203140625 0.283203125 0.966796875 0.3193359359375 0.955078125 0.3349609359375 0.951171875 0.3603515640625 0.9765625 0.3701171859375 0.974609375 0.4169921859375 0.986328125 0.4287109359375 0.984375 0.4521484359375 0.990234375 0.4580078140625 1 0.4501953140625 1 0.3916015640625