2 0.966796875 0.4619140640625 0.982421875 0.4462890640625 0.9638671859375 0.43359375 0.94921875 0.4462890640625 0.966796875 0.4619140640625
2 0.6552734359375 0.6875 0.65234375 0.7041015640625 0.66015625 0.7509765640625 0.671875 0.7626953140625 0.68359375 0.7529296859375 0.68359375 0.7333984359375 0.671875 0.6962890640625 0.6552734359375 0.6875
2 1 0.6123046859375 0.9892578140625 0.611328125 0.9814453140625 0.599609375 0.9580078140625 0.61328125 0.955078125 0.6220703140625 0.978515625 0.6533203140625 0.98828125 0.6552734359375 1 0.6376953140625 1 0.6123046859375
2 0.220703125 0.4853515640625 0.212890625 0.5146484359375 0.2177734359375 0.53125 0.23828125 0.5322265640625 0.2470703140625 0.53125 0.251953125 0.5185546859375 0.2412109359375 0.474609375 0.220703125 0.4853515640625
2 0.20703125 0.3310546859375 0.19140625 0.3701171859375 0.19140625 0.3896484359375 0.2001953140625 0.390625 0.203125 0.3994140640625 0.189453125 0.4248046859375 0.203125 0.4306640640625 0.208984375 0.3798828140625 0.23046875 0.3466796859375 0.2216796859375 0.328125 0.20703125 0.3310546859375
2 0.0263671859375 0.037109375 0.013671875 0.038085935937499996 0.01171875 0.049804685937499996 0.020507814062499997 0.064453125 0.05859375 0.08105468593750001 0.068359375 0.07714843593750001 0.068359375 0.06347656406249999 0.045898435937499996 0.0234375 0.0263671859375 0.037109375
2 0.3408203140625 0.810546875 0.2958984359375 0.798828125 0.2578125 0.8037109359375 0.2685546859375 0.818359375 0.2861328140625 0.822265625 0.2958984359375 0.83984375 0.3017578140625 0.833984375 0.30078125 0.8466796859375 0.30859375 0.8466796859375 0.30859375 0.8310546859375 0.3330078140625 0.830078125 0.341796875 0.8232421859375 0.3408203140625 0.810546875
2 0.8291015640625 0 0.826171875 0.020507814062499997 0.833984375 0.0556640640625 0.84375 0.07714843593750001 0.853515625 0.07910156406249999 0.865234375 0.0556640640625 0.859375 0.022460935937500003 0.8447265640625 0 0.8291015640625 0
2 0.6298828140625 0.5859375 0.625 0.5966796859375 0.625 0.6357421859375 0.6337890640625 0.6484375 0.64453125 0.6474609359375 0.671875 0.6123046859375 0.66796875 0.5888671859375 0.6552734359375 0.583984375 0.6298828140625 0.5859375
2 0.30078125 0.6337890640625 0.2939453140625 0.619140625 0.279296875 0.6376953140625 0.28125 0.6689453140625 0.26171875 0.6826171859375 0.2685546859375 0.69921875 0.29296875 0.7099609359375 0.3125 0.7041015640625 0.310546875 0.6728515640625 0.298828125 0.6689453140625 0.30078125 0.6337890640625
2 0.8896484359375 0.134765625 0.8603515640625 0.138671875 0.853515625 0.1533203140625 0.859375 0.1845703140625 0.8671875 0.1904296859375 0.859375 0.2294921859375 0.86328125 0.2412109359375 0.875 0.2451171859375 0.8828125 0.2314453140625 0.880859375 0.1904296859375 0.900390625 0.1474609359375 0.8896484359375 0.134765625
2 0.5283203140625 0.2890625 0.5166015640625 0.28515625 0.50390625 0.3154296859375 0.515625 0.3369140640625 0.51953125 0.3720703140625 0.53125 0.3759765640625 0.5546875 0.3525390640625 0.548828125 0.3310546859375 0.5517578140625 0.279296875 0.5283203140625 0.2890625
2 0.10839843593750001 0.251953125 0.09667968593750001 0.251953125 0.08984375 0.2626953140625 0.09375 0.2822265640625 0.12109375 0.3017578140625 0.123046875 0.3193359359375 0.11328125 0.3349609359375 0.150390625 0.3486328140625 0.158203125 0.3310546859375 0.154296875 0.2998046859375 0.1357421859375 0.271484375 0.10839843593750001 0.251953125
2 0.40625 0.9423828140625 0.376953125 0.9208984359375 0.37109375 0.8916015640625 0.3583984359375 0.87890625 0.3447265640625 0.8828125 0.328125 0.9013671859375 0.34375 0.9248046859375 0.345703125 0.9912109359375 0.3525390640625 1 0.40625 0.9990234359375 0.40625 0.9833984359375 0.392578125 0.9755859359375 0.404296875 0.9638671859375 0.40625 0.9423828140625
2 0.4541015640625 0 0.451171875 0.0048828140625 0.4453125 0.0263671859375 0.447265625 0.0556640640625 0.427734375 0.07714843593750001 0.4453125 0.09472656406249999 0.4453125 0.10839843593750001 0.4736328140625 0.1328125 0.48046875 0.1318359359375 0.486328125 0.12207031406249999 0.484375 0.10449218593750001 0.49609375 0.09863281406249999 0.50390625 0.07128906406249999 0.52734375 0.045898435937499996 0.533203125 0.020507814062499997 0.548828125 0.010742185937499999 0.5458984359375 0 0.4541015640625 0