2 0.1875 0.038085935937499996 0.1884765640625 0.056640625 0.1689453140625 0.044921875 0.154296875 0.0517578140625 0.154296875 0.0595703140625 0.1728515640625 0.068359375 0.185546875 0.09667968593750001 0.193359375 0.09863281406249999 0.2109375 0.045898435937499996 0.2109375 0.036132814062500004 0.2021484359375 0.02734375 0.1875 0.038085935937499996
2 0.6279296859375 0.27734375 0.6103515640625 0.28125 0.5966796859375 0.271484375 0.58984375 0.2783203140625 0.599609375 0.2958984359375 0.595703125 0.3115234359375 0.60546875 0.3291015640625 0.611328125 0.3291015640625 0.626953125 0.3134765640625 0.625 0.2998046859375 0.634765625 0.2861328140625 0.6279296859375 0.27734375
2 0.55078125 0.12207031406249999 0.55078125 0.1357421859375 0.564453125 0.1416015640625 0.572265625 0.12011718593750001 0.5732421859375 0.083984375 0.564453125 0.08691406406249999 0.55078125 0.12207031406249999
2 0.93359375 0.2900390640625 0.9326171859375 0.275390625 0.91015625 0.2822265640625 0.90625 0.3193359359375 0.916015625 0.3251953140625 0.9306640640625 0.3125 0.955078125 0.3193359359375 0.953125 0.3037109359375 0.93359375 0.2900390640625
2 0.955078125 0.4306640640625 0.970703125 0.4384765640625 0.98046875 0.4248046859375 0.9736328140625 0.4140625 0.9638671859375 0.4140625 0.955078125 0.4306640640625
2 1 0.4755859359375 0.9931640640625 0.474609375 0.9765625 0.5166015640625 0.986328125 0.5634765640625 1 0.5791015640625 1 0.4755859359375
2 0.630859375 0.3974609359375 0.650390625 0.4052734359375 0.658203125 0.4013671859375 0.658203125 0.3876953140625 0.6396484359375 0.369140625 0.630859375 0.3974609359375
2 0.72265625 0.6845703140625 0.73046875 0.6884765640625 0.740234375 0.6552734359375 0.7236328140625 0.640625 0.71484375 0.6591796859375 0.72265625 0.6845703140625
2 0.77734375 0.7939453140625 0.78125 0.7705078140625 0.7587890640625 0.74609375 0.75390625 0.7646484359375 0.77734375 0.7939453140625
2 0.787109375 0.9072265640625 0.791015625 0.9287109359375 0.796875 0.9306640640625 0.822265625 0.9130859359375 0.8134765640625 0.884765625 0.8056640640625 0.884765625 0.787109375 0.9072265640625
2 0.2880859359375 0.265625 0.287109375 0.2978515640625 0.2734375 0.3193359359375 0.2841796859375 0.328125 0.302734375 0.3291015640625 0.310546875 0.3193359359375 0.298828125 0.2998046859375 0.294921875 0.2685546859375 0.2880859359375 0.265625
2 0.021484375 0.7353515640625 0.037109375 0.7763671859375 0.04296875 0.7724609359375 0.05078125 0.7314453140625 0.043945314062500004 0.720703125 0.021484375 0.7353515640625
2 0.4658203140625 0.83984375 0.4384765640625 0.830078125 0.44140625 0.8662109359375 0.44921875 0.8681640640625 0.4541015640625 0.861328125 0.4716796859375 0.86328125 0.474609375 0.8544921859375 0.4658203140625 0.83984375
2 0.482421875 0.9228515640625 0.482421875 0.9365234359375 0.4921875 0.9384765640625 0.498046875 0.9169921859375 0.4951171859375 0.900390625 0.486328125 0.9033203140625 0.482421875 0.9228515640625
2 0.392578125 0.7041015640625 0.392578125 0.7333984359375 0.40625 0.7451171859375 0.408203125 0.6748046859375 0.3935546859375 0.66015625 0.375 0.6826171859375 0.392578125 0.7041015640625
2 0.3486328140625 0.431640625 0.318359375 0.4423828140625 0.34765625 0.4599609359375 0.3486328140625 0.431640625