2 0.1337890640625 0.869140625 0.10253906406249999 0.865234375 0.095703125 0.8720703140625 0.09765625 0.9228515640625 0.10449218593750001 0.935546875 0.115234375 0.9384765640625 0.126953125 0.9228515640625 0.12890625 0.8935546859375 0.140625 0.8759765640625 0.1337890640625 0.869140625
2 0.08496093593750001 0.830078125 0.049804685937499996 0.828125 0.04296875 0.8369140640625 0.04296875 0.8505859359375 0.052734375 0.8623046859375 0.046875 0.8759765640625 0.06933593593750001 0.89453125 0.080078125 0.8955078140625 0.080078125 0.8681640640625 0.09765625 0.8564453140625 0.099609375 0.8447265640625 0.08496093593750001 0.830078125
2 0.06640625 0.6923828140625 0.076171875 0.6826171859375 0.076171875 0.6669921859375 0.06933593593750001 0.662109375 0.0576171859375 0.662109375 0.046875 0.6787109359375 0.046875 0.7021484359375 0.033203125 0.7294921859375 0.029296875 0.7587890640625 0.032226564062500004 0.78125 0.060546875 0.7880859359375 0.068359375 0.7587890640625 0.0546875 0.7412109359375 0.068359375 0.7177734359375 0.06640625 0.6923828140625
2 0.12890625 0.9931640640625 0.1298828140625 1 0.1796875 0.9990234359375 0.181640625 0.9853515640625 0.1708984359375 0.95703125 0.1552734359375 0.9765625 0.12890625 0.9931640640625
2 0.060546875 0.09277343593750001 0.0703125 0.10253906406249999 0.08203125 0.08496093593750001 0.0859375 0.0595703140625 0.06933593593750001 0.0390625 0.060546875 0.09277343593750001
2 0.134765625 0.1806640640625 0.1279296859375 0.177734375 0.11328125 0.2080078140625 0.123046875 0.2255859359375 0.119140625 0.2509765640625 0.13671875 0.2548828140625 0.138671875 0.2431640640625 0.15234375 0.2392578140625 0.15234375 0.2294921859375 0.134765625 0.1806640640625
2 0.181640625 0.2724609359375 0.1796875 0.2509765640625 0.1728515640625 0.25 0.1640625 0.2587890640625 0.1630859359375 0.2734375 0.1572265640625 0.26953125 0.146484375 0.2744140640625 0.1484375 0.2900390640625 0.16796875 0.3173828140625 0.16796875 0.3271484359375 0.1572265640625 0.330078125 0.154296875 0.3408203140625 0.1767578140625 0.359375 0.19140625 0.3623046859375 0.193359375 0.3466796859375 0.208984375 0.3212890640625 0.19921875 0.2919921859375 0.181640625 0.2724609359375
2 0.2294921859375 0.451171875 0.2177734359375 0.458984375 0.2001953140625 0.455078125 0.201171875 0.5009765640625 0.22265625 0.5087890640625 0.21875 0.5224609359375 0.2236328140625 0.52734375 0.24609375 0.5263671859375 0.26171875 0.5087890640625 0.248046875 0.4912109359375 0.25390625 0.4736328140625 0.2294921859375 0.451171875
2 0.359375 0.7275390640625 0.349609375 0.7099609359375 0.353515625 0.6787109359375 0.33984375 0.6728515640625 0.3427734359375 0.642578125 0.3017578140625 0.6484375 0.296875 0.6630859359375 0.302734375 0.6904296859375 0.314453125 0.6962890640625 0.33203125 0.7236328140625 0.3203125 0.7314453140625 0.322265625 0.7529296859375 0.3125 0.7705078140625 0.31640625 0.7763671859375 0.3271484359375 0.765625 0.3447265640625 0.76953125 0.36328125 0.7587890640625 0.359375 0.7275390640625
2 0.419921875 0.9482421859375 0.4345703140625 0.958984375 0.443359375 0.9580078140625 0.455078125 0.9482421859375 0.455078125 0.9365234359375 0.4306640640625 0.921875 0.419921875 0.9482421859375
2 0.3935546859375 0.826171875 0.3857421859375 0.837890625 0.3740234359375 0.8359375 0.3671875 0.8505859359375 0.380859375 0.8662109359375 0.376953125 0.8876953140625 0.3916015640625 0.890625 0.3974609359375 0.900390625 0.4091796859375 0.89453125 0.4169921859375 0.90234375 0.42578125 0.9013671859375 0.439453125 0.8330078140625 0.4150390640625 0.833984375 0.4072265640625 0.822265625 0.3935546859375 0.826171875
2 0.4609375 0.2021484359375 0.462890625 0.2275390640625 0.46875 0.2294921859375 0.490234375 0.1923828140625 0.4814453140625 0.1640625 0.47265625 0.1669921859375 0.4609375 0.2021484359375
2 0.564453125 0.2880859359375 0.5693359359375 0.263671875 0.5498046859375 0.287109375 0.5341796859375 0.275390625 0.53125 0.2939453140625 0.51953125 0.2998046859375 0.517578125 0.3076171859375 0.529296875 0.3212890640625 0.529296875 0.3486328140625 0.53515625 0.3486328140625 0.5419921859375 0.333984375 0.5615234359375 0.333984375 0.576171875 0.3134765640625 0.564453125 0.2880859359375
2 0.6123046859375 0.583984375 0.62890625 0.5791015640625 0.630859375 0.5615234359375 0.611328125 0.5419921859375 0.615234375 0.5263671859375 0.6083984359375 0.49609375 0.5888671859375 0.515625 0.5673828140625 0.513671875 0.5625 0.5244140640625 0.564453125 0.5341796859375 0.5830078140625 0.541015625 0.583984375 0.5517578140625 0.59765625 0.5634765640625 0.599609375 0.6123046859375 0.591796875 0.6513671859375 0.607421875 0.6533203140625 0.623046875 0.6357421859375 0.62109375 0.6083984359375 0.609375 0.5908203140625 0.6123046859375 0.583984375
2 0.5390625 0.4833984359375 0.544921875 0.4912109359375 0.560546875 0.4853515640625 0.5654296859375 0.455078125 0.55078125 0.4580078140625 0.5390625 0.4833984359375
2 0.68359375 0.7919921859375 0.68359375 0.8115234359375 0.6884765640625 0.81640625 0.7041015640625 0.8125 0.720703125 0.8251953140625 0.724609375 0.8134765640625 0.708984375 0.7822265640625 0.7001953140625 0.77734375 0.68359375 0.7919921859375
2 0.681640625 0.7490234359375 0.671875 0.7392578140625 0.673828125 0.7197265640625 0.6591796859375 0.708984375 0.638671875 0.7431640640625 0.64453125 0.7587890640625 0.638671875 0.7880859359375 0.65234375 0.7939453140625 0.6591796859375 0.76953125 0.6708984359375 0.78515625 0.681640625 0.7802734359375 0.681640625 0.7490234359375
2 0.4609375 0.11425781406249999 0.46484375 0.09472656406249999 0.4521484359375 0.08984375 0.451171875 0.10058593593750001 0.4609375 0.11425781406249999
2 0.8876953140625 0.443359375 0.873046875 0.4501953140625 0.8916015640625 0.478515625 0.9033203140625 0.474609375 0.9150390640625 0.490234375 0.923828125 0.4912109359375 0.931640625 0.4716796859375 0.9091796859375 0.453125 0.8974609359375 0.455078125 0.8876953140625 0.443359375
2 0.8876953140625 0.244140625 0.900390625 0.2197265640625 0.8759765640625 0.21875 0.8701171859375 0.212890625 0.83984375 0.2392578140625 0.8583984359375 0.265625 0.876953125 0.2705078140625 0.87890625 0.2626953140625 0.869140625 0.2470703140625 0.8720703140625 0.2421875 0.8876953140625 0.244140625
2 0.9072265640625 0.314453125 0.87109375 0.3369140640625 0.87890625 0.3916015640625 0.884765625 0.3916015640625 0.89453125 0.3701171859375 0.91796875 0.3583984359375 0.908203125 0.3447265640625 0.9072265640625 0.314453125
2 1 0.5791015640625 0.9775390640625 0.568359375 0.9609375 0.5888671859375 0.97265625 0.6123046859375 0.982421875 0.6162109359375 0.984375 0.6044921859375 1 0.5947265640625 1 0.5791015640625
2 1 0.8232421859375 0.9873046859375 0.83203125 0.9794921859375 0.822265625 0.974609375 0.8291015640625 0.984375 0.8466796859375 0.986328125 0.8857421859375 1 0.8994140640625 1 0.8232421859375
2 1 0.7392578140625 0.9853515640625 0.73828125 0.9775390640625 0.716796875 0.9599609359375 0.72265625 0.953125 0.7314453140625 0.951171875 0.7568359359375 0.9853515640625 0.76171875 1 0.7724609359375 1 0.7392578140625