2 0.02734375 0.3056640640625 0.013671875 0.3115234359375 0.020507814062499997 0.326171875 0.03515625 0.3291015640625 0.060546875 0.3134765640625 0.040039064062500004 0.259765625 0.03125 0.2705078140625 0.02734375 0.3056640640625
2 0.0556640640625 0.392578125 0.049804685937499996 0.380859375 0.0302734359375 0.376953125 0.025390625 0.3896484359375 0.04296875 0.4306640640625 0.056640625 0.4345703140625 0.09082031406249999 0.419921875 0.099609375 0.3994140640625 0.07910156406249999 0.3828125 0.0556640640625 0.392578125
2 0.1259765640625 0.5625 0.126953125 0.5966796859375 0.15625 0.6064453140625 0.1640625 0.6005859359375 0.1640625 0.5908203140625 0.1455078140625 0.5703125 0.1259765640625 0.5625
2 0.181640625 0.7255859359375 0.19140625 0.6923828140625 0.1748046859375 0.6875 0.146484375 0.7138671859375 0.181640625 0.7255859359375
2 0.349609375 0.1396484359375 0.3515625 0.1630859359375 0.333984375 0.1787109359375 0.3388671859375 0.193359375 0.35546875 0.1962890640625 0.37890625 0.1787109359375 0.3671875 0.1630859359375 0.3583984359375 0.126953125 0.349609375 0.1396484359375
2 0.3271484359375 0.041015625 0.328125 0.06542968593750001 0.35546875 0.10839843593750001 0.365234375 0.040039064062500004 0.3544921859375 0.037109375 0.3408203140625 0.052734375 0.3271484359375 0.041015625
2 0.4375 0.2900390640625 0.42578125 0.2822265640625 0.4169921859375 0.263671875 0.4091796859375 0.263671875 0.40625 0.2919921859375 0.42578125 0.3193359359375 0.447265625 0.3740234359375 0.455078125 0.3759765640625 0.4609375 0.3720703140625 0.4609375 0.3447265640625 0.4375 0.3154296859375 0.4375 0.2900390640625
2 0.484375 0.4931640640625 0.490234375 0.5126953140625 0.482421875 0.5224609359375 0.48828125 0.5517578140625 0.49609375 0.5537109359375 0.505859375 0.5205078140625 0.50390625 0.4912109359375 0.4931640640625 0.474609375 0.484375 0.4931640640625
2 0.55859375 0.7822265640625 0.5654296859375 0.79296875 0.580078125 0.7958984359375 0.580078125 0.7744140640625 0.5673828140625 0.755859375 0.55859375 0.7646484359375 0.55859375 0.7822265640625
2 0.87109375 0.2802734359375 0.8486328140625 0.275390625 0.8388671859375 0.2578125 0.83203125 0.2626953140625 0.826171875 0.2919921859375 0.80859375 0.2978515640625 0.8125 0.3212890640625 0.8193359359375 0.326171875 0.83203125 0.3212890640625 0.828125 0.3681640640625 0.8359375 0.3701171859375 0.85546875 0.3291015640625 0.857421875 0.3056640640625 0.87109375 0.2919921859375 0.87109375 0.2802734359375
2 0.7919921859375 0.078125 0.7783203140625 0.056640625 0.771484375 0.08300781406249999 0.779296875 0.10253906406249999 0.779296875 0.1416015640625 0.7890625 0.1474609359375 0.802734375 0.11621093593750001 0.806640625 0.06933593593750001 0.8017578140625 0.06640625 0.7919921859375 0.078125
2 0.9365234359375 0.642578125 0.931640625 0.6533203140625 0.94921875 0.6845703140625 0.955078125 0.6806640640625 0.95703125 0.6611328140625 0.9443359359375 0.642578125 0.9365234359375 0.642578125
2 0.9169921859375 0.5625 0.90625 0.5810546859375 0.916015625 0.6044921859375 0.92578125 0.6083984359375 0.9404296859375 0.6015625 0.943359375 0.5908203140625 0.927734375 0.5654296859375 0.9169921859375 0.5625
2 0.9599609359375 0.734375 0.9462890640625 0.732421875 0.939453125 0.7470703140625 0.9560546859375 0.771484375 0.966796875 0.7724609359375 0.978515625 0.7666015640625 0.984375 0.7392578140625 0.9755859359375 0.724609375 0.9599609359375 0.734375
2 0.7919921859375 0.078125 0.7802734359375 0.0546875 0.7685546859375 0.072265625 0.759765625 0.06542968593750001 0.7568359359375 0.048828125 0.74609375 0.0615234359375 0.74609375 0.08691406406249999 0.7587890640625 0.107421875 0.779296875 0.11230468593750001 0.779296875 0.1416015640625 0.787109375 0.1474609359375 0.802734375 0.11425781406249999 0.80859375 0.07519531406249999 0.8017578140625 0.068359375 0.7919921859375 0.078125