0 0.5087890640625 0.669921875 0.525390625 0.6552734359375 0.55859375 0.5908203140625 0.5546875 0.5556640640625 0.53515625 0.5166015640625 0.5224609359375 0.505859375 0.5029296859375 0.517578125 0.4833984359375 0.51171875 0.48046875 0.5478515640625 0.4736328140625 0.5546875 0.4619140640625 0.5546875 0.4404296859375 0.578125 0.4091796859375 0.5703125 0.400390625 0.5908203140625 0.4091796859375 0.607421875 0.4267578140625 0.61328125 0.435546875 0.6123046859375 0.4404296859375 0.595703125 0.458984375 0.5908203140625 0.466796875 0.6103515640625 0.4609375 0.6259765640625 0.466796875 0.6728515640625 0.4501953140625 0.677734375 0.447265625 0.6865234359375 0.4638671859375 0.712890625 0.4814453140625 0.72265625 0.494140625 0.7216796859375 0.49609375 0.7021484359375 0.51171875 0.6923828140625 0.494140625 0.6728515640625 0.5087890640625 0.669921875
2 0.12890625 0.8681640640625 0.134765625 0.8818359359375 0.16015625 0.9072265640625 0.154296875 0.9267578140625 0.1875 0.9365234359375 0.1875 0.8896484359375 0.1591796859375 0.861328125 0.1318359359375 0.85546875 0.12890625 0.8681640640625
2 0.2529296859375 0.89453125 0.2431640640625 0.896484375 0.21875 0.9208984359375 0.21875 0.9599609359375 0.208984375 0.9716796859375 0.220703125 0.9970703140625 0.236328125 0.9990234359375 0.240234375 0.9541015640625 0.2578125 0.9345703140625 0.2578125 0.8994140640625 0.2529296859375 0.89453125
2 0.017578125 0.5048828140625 0.03125 0.4853515640625 0.0009765640625 0.47265625 0 0.4990234359375 0.017578125 0.5048828140625
2 0.09082031406249999 0.654296875 0.09082031406249999 0.6484375 0.07910156406249999 0.646484375 0.07324218593750001 0.65625 0.0625 0.6572265640625 0.056640625 0.6826171859375 0.103515625 0.7041015640625 0.111328125 0.6962890640625 0.10546875 0.6572265640625 0.10058593593750001 0.650390625 0.09082031406249999 0.654296875
2 0.045898435937499996 0.51171875 0.032226564062500004 0.517578125 0.015625 0.5380859359375 0.029296875 0.5654296859375 0.03125 0.5966796859375 0.05859375 0.6240234359375 0.07421875 0.6025390640625 0.078125 0.5654296859375 0.0625 0.5166015640625 0.045898435937499996 0.51171875
2 0.244140625 0.10644531406249999 0.255859375 0.11035156406249999 0.265625 0.07910156406249999 0.2548828140625 0.064453125 0.24609375 0.07324218593750001 0.244140625 0.10644531406249999
2 0.208984375 0.022460935937500003 0.21484375 0.0048828140625 0.2021484359375 0 0.19921875 0.018554685937500003 0.208984375 0.022460935937500003
2 0.3173828140625 0.228515625 0.3203125 0.2607421859375 0.337890625 0.2705078140625 0.34765625 0.3095703140625 0.3671875 0.3154296859375 0.373046875 0.3056640640625 0.3515625 0.2744140640625 0.35546875 0.2607421859375 0.3173828140625 0.228515625
2 0.388671875 0.4404296859375 0.3935546859375 0.447265625 0.40625 0.4482421859375 0.412109375 0.4755859359375 0.419921875 0.4814453140625 0.435546875 0.4560546859375 0.421875 0.4169921859375 0.4052734359375 0.3984375 0.388671875 0.4404296859375
0 0.5322265640625 0.861328125 0.525390625 0.8701171859375 0.52734375 0.8837890640625 0.51953125 0.9013671859375 0.533203125 0.9111328140625 0.533203125 0.9248046859375 0.541015625 0.9267578140625 0.5625 0.9072265640625 0.564453125 0.8681640640625 0.5595703140625 0.86328125 0.5322265640625 0.861328125
2 0.7177734359375 0.287109375 0.712890625 0.2958984359375 0.720703125 0.3232421859375 0.72265625 0.3056640640625 0.73828125 0.2939453140625 0.7353515640625 0.28515625 0.7177734359375 0.287109375
2 0.6328125 0.016601564062499997 0.650390625 0.022460935937500003 0.65625 0.018554685937500003 0.65234375 0.0009765640625 0.6318359359375 0 0.6328125 0.016601564062499997
2 0.732421875 0.1708984359375 0.7197265640625 0.169921875 0.70703125 0.1533203140625 0.7109375 0.12207031406249999 0.7041015640625 0.1171875 0.6923828140625 0.130859375 0.6748046859375 0.123046875 0.673828125 0.1376953140625 0.6796875 0.1865234359375 0.697265625 0.2060546859375 0.69921875 0.2294921859375 0.7109375 0.2314453140625 0.732421875 0.2138671859375 0.734375 0.2021484359375 0.7265625 0.1923828140625 0.732421875 0.1708984359375
2 0.791015625 0.4990234359375 0.791015625 0.5224609359375 0.802734375 0.5244140640625 0.81640625 0.5107421859375 0.81640625 0.4931640640625 0.8017578140625 0.478515625 0.791015625 0.4990234359375
2 0.783203125 0.4228515640625 0.783203125 0.4521484359375 0.796875 0.4619140640625 0.810546875 0.4462890640625 0.8095703140625 0.40625 0.7900390640625 0.408203125 0.783203125 0.4228515640625
2 0.84765625 0.7373046859375 0.87109375 0.7587890640625 0.890625 0.7275390640625 0.8857421859375 0.712890625 0.8564453140625 0.716796875 0.84765625 0.7373046859375
2 0.8203125 0.6142578140625 0.830078125 0.6298828140625 0.8359375 0.6630859359375 0.841796875 0.6650390640625 0.85546875 0.6435546859375 0.853515625 0.6220703140625 0.8291015640625 0.59765625 0.8203125 0.6142578140625
2 0.96484375 0.9990234359375 0.970703125 0.9853515640625 0.9501953140625 0.9765625 0.947265625 0.9990234359375 0.96484375 0.9990234359375