2 0.6171875 0.3173828140625 0.625 0.3193359359375 0.630859375 0.3095703140625 0.6279296859375 0.294921875 0.615234375 0.3017578140625 0.6171875 0.3173828140625
2 0.560546875 0.08105468593750001 0.564453125 0.06347656406249999 0.5556640640625 0.048828125 0.548828125 0.07910156406249999 0.560546875 0.08105468593750001
2 0.9521484359375 0.419921875 0.96484375 0.4189453140625 0.970703125 0.4033203140625 0.9658203140625 0.390625 0.94921875 0.4052734359375 0.9521484359375 0.419921875
2 0.45703125 0.8193359359375 0.470703125 0.8447265640625 0.4765625 0.8408203140625 0.4765625 0.8212890640625 0.4619140640625 0.802734375 0.45703125 0.8193359359375
2 0.44140625 0.8056640640625 0.453125 0.8134765640625 0.455078125 0.7744140640625 0.44921875 0.7607421859375 0.4404296859375 0.7578125 0.44140625 0.8056640640625
2 0.6416015640625 0.357421875 0.634765625 0.3662109359375 0.638671875 0.3896484359375 0.654296875 0.3916015640625 0.66015625 0.3876953140625 0.658203125 0.3701171859375 0.6513671859375 0.359375 0.6416015640625 0.357421875
2 0.6708984359375 0.45703125 0.658203125 0.4755859359375 0.658203125 0.4873046859375 0.671875 0.4951171859375 0.6875 0.5166015640625 0.6875 0.5302734359375 0.6953125 0.5322265640625 0.703125 0.5263671859375 0.6953125 0.4912109359375 0.68359375 0.4619140640625 0.6708984359375 0.45703125
2 0.765625 0.7041015640625 0.7587890640625 0.701171875 0.740234375 0.7451171859375 0.7548828140625 0.765625 0.767578125 0.7666015640625 0.76953125 0.7529296859375 0.7802734359375 0.751953125 0.783203125 0.7392578140625 0.765625 0.7041015640625
2 0.5712890640625 0.138671875 0.564453125 0.1455078140625 0.57421875 0.1728515640625 0.568359375 0.2021484359375 0.578125 0.2080078140625 0.603515625 0.1708984359375 0.60546875 0.1474609359375 0.5966796859375 0.134765625 0.5712890640625 0.138671875
2 0.8232421859375 0.921875 0.814453125 0.9228515640625 0.81640625 0.9677734359375 0.8310546859375 0.98046875 0.841796875 0.9794921859375 0.859375 0.9638671859375 0.859375 0.9560546859375 0.8330078140625 0.90625 0.8232421859375 0.921875
2 0.505859375 0.8681640640625 0.4990234359375 0.861328125 0.490234375 0.8779296859375 0.4921875 0.9033203140625 0.501953125 0.9228515640625 0.5078125 0.9736328140625 0.51953125 0.9814453140625 0.529296875 0.9736328140625 0.53125 0.9521484359375 0.51953125 0.9345703140625 0.505859375 0.8681640640625