2 0.212890625 0.5166015640625 0.212890625 0.5322265640625 0.224609375 0.5341796859375 0.25 0.5185546859375 0.2392578140625 0.478515625 0.220703125 0.4873046859375 0.212890625 0.5166015640625
2 0.022460935937500003 0.052734375 0.0078125 0.0517578140625 0.020507814062499997 0.076171875 0.038085935937499996 0.080078125 0.047851564062500004 0.08984375 0.05859375 0.08886718593750001 0.064453125 0.06933593593750001 0.048828125 0.0537109359375 0.041992185937499996 0.033203125 0.022460935937500003 0.052734375
2 0.2216796859375 0.330078125 0.205078125 0.3369140640625 0.17578125 0.4052734359375 0.1796875 0.4248046859375 0.203125 0.4384765640625 0.2109375 0.3837890640625 0.224609375 0.3720703140625 0.2265625 0.3349609359375 0.2216796859375 0.330078125
2 0.087890625 0.2666015640625 0.087890625 0.2822265640625 0.119140625 0.3134765640625 0.111328125 0.3427734359375 0.1337890640625 0.345703125 0.15234375 0.3623046859375 0.15234375 0.3056640640625 0.1357421859375 0.28125 0.09472656406249999 0.259765625 0.087890625 0.2666015640625
2 0.3583984359375 0.90625 0.3486328140625 0.892578125 0.3369140640625 0.89453125 0.33203125 0.9091796859375 0.3447265640625 0.91796875 0.357421875 0.9169921859375 0.3671875 0.9111328140625 0.3671875 0.8916015640625 0.357421875 0.8896484359375 0.3583984359375 0.90625
2 0.2919921859375 0.623046875 0.28125 0.6396484359375 0.28125 0.6748046859375 0.26171875 0.6923828140625 0.2841796859375 0.71484375 0.3046875 0.7177734359375 0.3125 0.6923828140625 0.30078125 0.6630859359375 0.302734375 0.6298828140625 0.2919921859375 0.623046875
2 0.3203125 0.7763671859375 0.3134765640625 0.759765625 0.2861328140625 0.80078125 0.259765625 0.8017578140625 0.263671875 0.8154296859375 0.2841796859375 0.828125 0.2939453140625 0.845703125 0.310546875 0.8525390640625 0.341796875 0.8310546859375 0.341796875 0.8212890640625 0.3203125 0.8095703140625 0.3203125 0.7763671859375
2 0.359375 0.9365234359375 0.33984375 0.9462890640625 0.349609375 0.9951171859375 0.3544921859375 1 0.416015625 0.9990234359375 0.396484375 0.9833984359375 0.41015625 0.9482421859375 0.3603515640625 0.921875 0.359375 0.9365234359375
2 0.5517578140625 0.275390625 0.5322265640625 0.291015625 0.5146484359375 0.28125 0.513671875 0.3017578140625 0.505859375 0.3134765640625 0.5078125 0.3251953140625 0.51953125 0.3349609359375 0.521484375 0.3701171859375 0.53515625 0.3720703140625 0.552734375 0.3466796859375 0.54296875 0.3212890640625 0.552734375 0.2998046859375 0.5517578140625 0.275390625
2 0.49609375 0.07324218593750001 0.525390625 0.041992185937499996 0.529296875 0.022460935937500003 0.546875 0.008789064062500001 0.5458984359375 0 0.443359375 0.0009765640625 0.4453125 0.0556640640625 0.42578125 0.06933593593750001 0.42578125 0.07714843593750001 0.443359375 0.08886718593750001 0.443359375 0.10839843593750001 0.4697265640625 0.1328125 0.4765625 0.1318359359375 0.482421875 0.12011718593750001 0.478515625 0.10058593593750001 0.494140625 0.09277343593750001 0.49609375 0.07324218593750001
2 0.6552734359375 0.681640625 0.666015625 0.7529296859375 0.677734375 0.7568359359375 0.68359375 0.7509765640625 0.68359375 0.7255859359375 0.673828125 0.6943359359375 0.6552734359375 0.681640625
2 0.6279296859375 0.583984375 0.625 0.6298828140625 0.6337890640625 0.642578125 0.650390625 0.6455078140625 0.671875 0.6103515640625 0.671875 0.5908203140625 0.6630859359375 0.58203125 0.6279296859375 0.583984375
2 0.8271484359375 0 0.82421875 0.0126953140625 0.8359375 0.0576171859375 0.849609375 0.06933593593750001 0.861328125 0.049804685937499996 0.861328125 0.038085935937499996 0.853515625 0.032226564062500004 0.85546875 0.010742185937499999 0.8486328140625 0 0.8271484359375 0
2 0.85546875 0.1416015640625 0.857421875 0.1552734359375 0.880859375 0.1689453140625 0.8984375 0.1376953140625 0.8916015640625 0.125 0.8603515640625 0.1328125 0.85546875 0.1416015640625
2 0.8681640640625 0.234375 0.875 0.2333984359375 0.8779296859375 0.19921875 0.859375 0.2099609359375 0.861328125 0.2255859359375 0.8681640640625 0.234375
2 0.94921875 0.4345703140625 0.95703125 0.4501953140625 0.966796875 0.4541015640625 0.984375 0.4404296859375 0.982421875 0.4287109359375 0.9736328140625 0.421875 0.94921875 0.4345703140625
2 1 0.6083984359375 0.98828125 0.6064453140625 0.98828125 0.5908203140625 0.9814453140625 0.587890625 0.95703125 0.6064453140625 0.95703125 0.6142578140625 0.990234375 0.6474609359375 1 0.6357421859375 1 0.6083984359375