2 0.068359375 0.5986328140625 0.080078125 0.6025390640625 0.09375 0.5810546859375 0.08105468593750001 0.560546875 0.064453125 0.5849609359375 0.068359375 0.5986328140625
2 0.126953125 0.6748046859375 0.130859375 0.6611328140625 0.11816406406249999 0.65234375 0.11328125 0.6708984359375 0.126953125 0.6748046859375
2 0.173828125 0.8349609359375 0.177734375 0.8115234359375 0.1572265640625 0.79296875 0.154296875 0.8134765640625 0.173828125 0.8349609359375
2 0.2802734359375 0.15234375 0.2890625 0.1513671859375 0.294921875 0.12207031406249999 0.2822265640625 0.10546875 0.271484375 0.1416015640625 0.2802734359375 0.15234375
2 0.310546875 0.2392578140625 0.318359375 0.2392578140625 0.322265625 0.2158203140625 0.3095703140625 0.193359375 0.302734375 0.2158203140625 0.310546875 0.2392578140625
2 0.435546875 0.6337890640625 0.451171875 0.6064453140625 0.4384765640625 0.576171875 0.42578125 0.6240234359375 0.435546875 0.6337890640625
2 0.46875 0.6982421859375 0.46875 0.7099609359375 0.484375 0.7177734359375 0.50390625 0.7001953140625 0.5009765640625 0.685546875 0.4775390640625 0.689453125 0.46875 0.6982421859375
2 0.474609375 0.7763671859375 0.49609375 0.7841796859375 0.5 0.7666015640625 0.4921875 0.7509765640625 0.4833984359375 0.748046875 0.474609375 0.7763671859375
2 0.5009765640625 0.84375 0.509765625 0.8427734359375 0.51171875 0.8349609359375 0.5009765640625 0.814453125 0.490234375 0.8251953140625 0.5009765640625 0.84375
2 0.791015625 0.7548828140625 0.796875 0.7900390640625 0.80859375 0.7939453140625 0.81640625 0.7880859359375 0.80859375 0.7451171859375 0.7958984359375 0.740234375 0.791015625 0.7548828140625
2 0.7568359359375 0.57421875 0.73828125 0.5869140640625 0.736328125 0.6044921859375 0.7529296859375 0.625 0.765625 0.6259765640625 0.76953125 0.6123046859375 0.759765625 0.5986328140625 0.76171875 0.5751953140625 0.7568359359375 0.57421875
2 0.6943359359375 0.41015625 0.689453125 0.4365234359375 0.6982421859375 0.44921875 0.708984375 0.4501953140625 0.724609375 0.4345703140625 0.7109375 0.4267578140625 0.7021484359375 0.41015625 0.6943359359375 0.41015625
2 0.65625 0.3017578140625 0.66796875 0.2783203140625 0.6474609359375 0.259765625 0.64453125 0.2744140640625 0.65625 0.3017578140625
2 0.619140625 0.1845703140625 0.6240234359375 0.19140625 0.6328125 0.1904296859375 0.63671875 0.1826171859375 0.6298828140625 0.1484375 0.623046875 0.1533203140625 0.619140625 0.1845703140625
2 0.59375 0.0517578140625 0.59375 0.0048828140625 0.5810546859375 0 0.580078125 0.045898435937499996 0.59375 0.0517578140625
2 0.888671875 0.08105468593750001 0.90234375 0.0595703140625 0.8818359359375 0.046875 0.873046875 0.08105468593750001 0.888671875 0.08105468593750001
2 0.9013671859375 0.1484375 0.91015625 0.1474609359375 0.91796875 0.1357421859375 0.9150390640625 0.1171875 0.89453125 0.1337890640625 0.9013671859375 0.1484375
2 0.9267578140625 0.181640625 0.919921875 0.2080078140625 0.94921875 0.2138671859375 0.955078125 0.2080078140625 0.953125 0.1943359359375 0.9443359359375 0.18359375 0.9267578140625 0.181640625
2 0.9619140640625 0.330078125 0.9765625 0.3369140640625 0.96875 0.3642578140625 0.9873046859375 0.3828125 0.994140625 0.3818359359375 1 0.3251953140625 0.9697265640625 0.30078125 0.958984375 0.3212890640625 0.9619140640625 0.330078125