2 0.8212890640625 0.349609375 0.828125 0.3486328140625 0.837890625 0.3408203140625 0.8349609359375 0.330078125 0.81640625 0.3388671859375 0.8212890640625 0.349609375
2 0.8349609359375 0.23828125 0.8203125 0.2353515640625 0.8134765640625 0.21484375 0.794921875 0.2509765640625 0.794921875 0.2763671859375 0.8046875 0.2998046859375 0.8046875 0.2841796859375 0.8251953140625 0.2734375 0.83984375 0.2509765640625 0.8349609359375 0.23828125
2 0.6875 0.040039064062500004 0.685546875 0.0537109359375 0.689453125 0.06542968593750001 0.7109375 0.08105468593750001 0.720703125 0.10449218593750001 0.728515625 0.10839843593750001 0.736328125 0.07128906406249999 0.724609375 0.0302734359375 0.7080078140625 0.021484375 0.6875 0.040039064062500004
2 0.0625 0.6025390640625 0.05859375 0.6220703140625 0.07421875 0.6298828140625 0.0859375 0.6240234359375 0.09863281406249999 0.583984375 0.08105468593750001 0.580078125 0.0625 0.6025390640625
2 0.03515625 0.4697265640625 0.041015625 0.4560546859375 0.03515625 0.4345703140625 0.04296875 0.4306640640625 0.044921875 0.4189453140625 0.0302734359375 0.38671875 0.01953125 0.3935546859375 0.01953125 0.4150390640625 0 0.4248046859375 0.001953125 0.5126953140625 0.0263671859375 0.51171875 0.048828125 0.4912109359375 0.048828125 0.4833984359375 0.03515625 0.4697265640625
2 0.21484375 0.9833984359375 0.224609375 0.9873046859375 0.244140625 0.9541015640625 0.2353515640625 0.9375 0.20703125 0.9619140640625 0.21484375 0.9833984359375
2 0.2177734359375 0.818359375 0.2099609359375 0.818359375 0.18359375 0.8525390640625 0.18359375 0.8642578140625 0.197265625 0.8837890640625 0.201171875 0.9189453140625 0.208984375 0.9189453140625 0.228515625 0.8740234359375 0.22265625 0.8486328140625 0.2265625 0.8271484359375 0.2177734359375 0.818359375
2 0.55078125 0.7939453140625 0.5546875 0.8271484359375 0.56640625 0.8349609359375 0.57421875 0.8251953140625 0.578125 0.7998046859375 0.5556640640625 0.77734375 0.55078125 0.7939453140625
2 0.5146484359375 0.6484375 0.515625 0.6923828140625 0.537109375 0.7041015640625 0.5478515640625 0.728515625 0.564453125 0.7294921859375 0.55859375 0.6435546859375 0.5478515640625 0.640625 0.5302734359375 0.65234375 0.5146484359375 0.6484375
2 0.408203125 0.3759765640625 0.396484375 0.3779296859375 0.396484375 0.3896484359375 0.4072265640625 0.404296875 0.416015625 0.4052734359375 0.4296875 0.3955078140625 0.43359375 0.3759765640625 0.4111328140625 0.36328125 0.408203125 0.3759765640625
2 0.326171875 0.09277343593750001 0.33203125 0.1259765640625 0.34375 0.08105468593750001 0.3388671859375 0.048828125 0.310546875 0.0576171859375 0.326171875 0.09277343593750001
2 0.8759765640625 0.4375 0.8603515640625 0.4375 0.84765625 0.4580078140625 0.857421875 0.4912109359375 0.8720703140625 0.490234375 0.8772727265625001 0.48787878906250004 0.87109375 0.4716796859375 0.888671875 0.4599609359375 0.888671875 0.4462890640625 0.8759765640625 0.4375
2 0.8798828140625 0.583984375 0.875 0.5908203140625 0.88671875 0.6142578140625 0.892578125 0.6142578140625 0.90234375 0.6064453140625 0.90234375 0.5966796859375 0.8896484359375 0.595703125 0.8798828140625 0.583984375
2 0.951171875 0.6025390640625 0.931640625 0.6357421859375 0.943359375 0.6767578140625 0.953125 0.6826171859375 0.953125 0.6552734359375 0.96875 0.6201171859375 0.9638671859375 0.59765625 0.951171875 0.6025390640625
2 0.9765625 0.7314453140625 0.99609375 0.7451171859375 1 0.7138671859375 0.9833984359375 0.712890625 0.974609375 0.7216796859375 0.9765625 0.7314453140625