2 0.11816406406249999 0.55859375 0.111328125 0.5830078140625 0.123046875 0.5888671859375 0.1328125 0.5810546859375 0.1328125 0.5712890640625 0.1259765640625 0.55859375 0.11816406406249999 0.55859375
2 0.142578125 0.6455078140625 0.14453125 0.6845703140625 0.16015625 0.6884765640625 0.16015625 0.6494140640625 0.158203125 0.6396484359375 0.1494140640625 0.634765625 0.142578125 0.6455078140625
2 0.751953125 0.1376953140625 0.751953125 0.1591796859375 0.740234375 0.1708984359375 0.77734375 0.1767578140625 0.7890625 0.1474609359375 0.7763671859375 0.142578125 0.7607421859375 0.12109375 0.751953125 0.1376953140625
2 0.423828125 0.3876953140625 0.4296875 0.4052734359375 0.4453125 0.4111328140625 0.458984375 0.3798828140625 0.44921875 0.3466796859375 0.4384765640625 0.341796875 0.423828125 0.3876953140625
2 0.193359375 0.6923828140625 0.1845703140625 0.6875 0.173828125 0.7080078140625 0.17578125 0.7529296859375 0.1865234359375 0.767578125 0.19921875 0.7685546859375 0.19140625 0.7548828140625 0.201171875 0.7294921859375 0.19921875 0.7099609359375 0.193359375 0.6923828140625
2 0.10644531406249999 0.453125 0.08105468593750001 0.4609375 0.072265625 0.4912109359375 0.052734375 0.4970703140625 0.056640625 0.5166015640625 0.07421875 0.5263671859375 0.078125 0.5146484359375 0.1015625 0.4931640640625 0.109375 0.4697265640625 0.10644531406249999 0.453125
2 0.015625 0.2021484359375 0.008789064062500001 0.19140625 0.0009765640625 0.19140625 0 0.2900390640625 0.013671875 0.2919921859375 0.03125 0.2861328140625 0.03125 0.2705078140625 0.015625 0.2431640640625 0.015625 0.2021484359375
2 0.7314453140625 0 0.7109375 0.024414064062499997 0.71875 0.049804685937499996 0.70703125 0.06933593593750001 0.7177734359375 0.07421875 0.7255859359375 0.064453125 0.728515625 0.07519531406249999 0.73828125 0.07910156406249999 0.751953125 0.06347656406249999 0.751953125 0.0517578140625 0.73828125 0.049804685937499996 0.73828125 0.034179685937499996 0.751953125 0.0146484359375 0.7509765640625 0 0.7314453140625 0
2 0.8330078140625 0.392578125 0.828125 0.3779296859375 0.8076171859375 0.365234375 0.80078125 0.3759765640625 0.8125 0.4091796859375 0.810546875 0.4287109359375 0.8154296859375 0.4375 0.830078125 0.4365234359375 0.8515625 0.4189453140625 0.859375 0.3994140640625 0.8525390640625 0.392578125 0.8330078140625 0.392578125
2 0.5224609359375 0.66796875 0.51953125 0.6806640640625 0.544921875 0.7080078140625 0.548828125 0.7275390640625 0.568359375 0.7333984359375 0.58203125 0.7255859359375 0.583984375 0.7099609359375 0.56640625 0.6728515640625 0.5224609359375 0.66796875
2 0.9208984359375 0.607421875 0.9052734359375 0.61328125 0.8916015640625 0.609375 0.875 0.6513671859375 0.88671875 0.6845703140625 0.90234375 0.6904296859375 0.91015625 0.6806640640625 0.91015625 0.6552734359375 0.92578125 0.6298828140625 0.9208984359375 0.607421875
2 0.2880859359375 0.904296875 0.271484375 0.9345703140625 0.267578125 0.9560546859375 0.25 0.9638671859375 0.248046875 0.9931640640625 0.2626953140625 1 0.291015625 0.9990234359375 0.30078125 0.9599609359375 0.29296875 0.9501953140625 0.294921875 0.9189453140625 0.2880859359375 0.904296875
2 0.96875 0.9033203140625 0.96875 0.8505859359375 0.9541015640625 0.845703125 0.939453125 0.8544921859375 0.927734375 0.8818359359375 0.94921875 0.9130859359375 0.951171875 0.9404296859375 0.96875 0.9521484359375 0.984375 0.9462890640625 0.986328125 0.9072265640625 0.9833984359375 0.900390625 0.96875 0.9033203140625
2 0.0009765640625 0.306640625 0.0078125 0.4267578140625 0.020507814062499997 0.443359375 0.033203125 0.4443359359375 0.049804685937499996 0.42578125 0.05859375 0.4287109359375 0.05859375 0.3720703140625 0.0009765640625 0.306640625
2 0.8974609359375 0.501953125 0.8818359359375 0.513671875 0.875 0.4853515640625 0.8583984359375 0.46484375 0.8447265640625 0.4765625 0.8154296859375 0.48046875 0.814453125 0.4951171859375 0.853515625 0.5185546859375 0.857421875 0.5595703140625 0.873046875 0.5673828140625 0.8779296859375 0.5859375 0.890625 0.5849609359375 0.904296875 0.5791015640625 0.912109375 0.5556640640625 0.908203125 0.5048828140625 0.8974609359375 0.501953125
2 0.525390625 0.4833984359375 0.515625 0.4736328140625 0.515625 0.4404296859375 0.5029296859375 0.435546875 0.4873046859375 0.443359375 0.4677734359375 0.431640625 0.458984375 0.4404296859375 0.458984375 0.4599609359375 0.453125 0.4638671859375 0.462890625 0.4716796859375 0.4609375 0.4833984359375 0.443359375 0.4951171859375 0.4453125 0.5087890640625 0.4560546859375 0.525390625 0.4814453140625 0.537109375 0.5 0.5361328140625 0.501953125 0.5205078140625 0.517578125 0.5126953140625 0.525390625 0.4931640640625 0.525390625 0.4833984359375
2 0.609375 0.8115234359375 0.57421875 0.7626953140625 0.5595703140625 0.755859375 0.548828125 0.7919921859375 0.576171875 0.8291015640625 0.57421875 0.8486328140625 0.58203125 0.8759765640625 0.5625 0.9013671859375 0.5673828140625 0.91015625 0.578125 0.9091796859375 0.6201171859375 0.88671875 0.6328125 0.8583984359375 0.61328125 0.8388671859375 0.609375 0.8115234359375
2 0.3212890640625 0 0.31640625 0.036132814062500004 0.302734375 0.0517578140625 0.314453125 0.06738281406249999 0.3125 0.09667968593750001 0.328125 0.1357421859375 0.353515625 0.1591796859375 0.35546875 0.1748046859375 0.34375 0.1845703140625 0.349609375 0.2177734359375 0.3798828140625 0.25 0.408203125 0.2509765640625 0.421875 0.2333984359375 0.421875 0.2158203140625 0.392578125 0.2001953140625 0.380859375 0.1748046859375 0.3828125 0.12402343593750001 0.37109375 0.11621093593750001 0.359375 0.08691406406249999 0.34765625 0.08105468593750001 0.3359375 0.040039064062500004 0.3359375 0.010742185937499999 0.3310546859375 0 0.3212890640625 0