2 0 0.4033203140625 0.02734375 0.4169921859375 0.037109375 0.3876953140625 0.010742185937499999 0.36328125 0 0.3720703140625 0 0.4033203140625
2 0.16796875 0.7392578140625 0.171875 0.6806640640625 0.15625 0.6669921859375 0.142578125 0.6298828140625 0.140625 0.5791015640625 0.1298828140625 0.560546875 0.115234375 0.5556640640625 0.111328125 0.5380859359375 0.08886718593750001 0.5390625 0.06542968593750001 0.50390625 0.060546875 0.5146484359375 0.064453125 0.5400390640625 0.056640625 0.5576171859375 0.083984375 0.5810546859375 0.083984375 0.6064453140625 0.099609375 0.6162109359375 0.10644531406249999 0.6328125 0.12109375 0.6376953140625 0.126953125 0.6552734359375 0.1171875 0.6669921859375 0.12890625 0.6884765640625 0.12890625 0.7060546859375 0.15234375 0.7099609359375 0.1484375 0.7275390640625 0.134765625 0.7373046859375 0.126953125 0.7568359359375 0.1298828140625 0.779296875 0.150390625 0.7783203140625 0.1611328140625 0.76953125 0.1767578140625 0.76953125 0.181640625 0.7568359359375 0.16796875 0.7392578140625
2 0.181640625 0.8388671859375 0.208984375 0.8486328140625 0.208984375 0.8056640640625 0.1787109359375 0.802734375 0.173828125 0.8134765640625 0.181640625 0.8388671859375
2 0.19921875 0.8837890640625 0.2236328140625 0.91015625 0.23828125 0.9091796859375 0.248046875 0.8759765640625 0.2451171859375 0.84765625 0.2099609359375 0.861328125 0.19921875 0.8837890640625
2 0.224609375 0.9775390640625 0.2392578140625 1 0.291015625 0.9990234359375 0.2890625 0.9833984359375 0.2705078140625 0.955078125 0.2451171859375 0.974609375 0.224609375 0.9775390640625
2 0.4091796859375 0.240234375 0.388671875 0.2001953140625 0.3818359359375 0.19921875 0.376953125 0.2197265640625 0.384765625 0.2470703140625 0.37890625 0.2646484359375 0.408203125 0.2939453140625 0.4296875 0.2900390640625 0.421875 0.2685546859375 0.427734375 0.2333984359375 0.4091796859375 0.240234375
2 0.36328125 0.07324218593750001 0.3583984359375 0.04296875 0.3515625 0.045898435937499996 0.33984375 0.07324218593750001 0.34765625 0.10449218593750001 0.3359375 0.10449218593750001 0.33984375 0.1474609359375 0.333984375 0.1630859359375 0.3388671859375 0.171875 0.345703125 0.1708984359375 0.376953125 0.1396484359375 0.376953125 0.12207031406249999 0.357421875 0.11035156406249999 0.36328125 0.07324218593750001
2 0.4482421859375 0.44140625 0.453125 0.4541015640625 0.451171875 0.4990234359375 0.4609375 0.5048828140625 0.46875 0.4951171859375 0.47265625 0.4697265640625 0.462890625 0.4482421859375 0.4482421859375 0.44140625
2 0.46875 0.5380859359375 0.4765625 0.5537109359375 0.46875 0.5673828140625 0.4921875 0.5771484359375 0.515625 0.5556640640625 0.4892578140625 0.54296875 0.4716796859375 0.51953125 0.46875 0.5380859359375
2 0.673828125 0.9404296859375 0.6630859359375 0.93359375 0.6474609359375 0.935546875 0.638671875 0.9541015640625 0.64453125 0.9716796859375 0.642578125 0.9970703140625 0.662109375 0.9990234359375 0.6689453140625 0.982421875 0.68359375 0.9794921859375 0.66796875 0.9619140640625 0.673828125 0.9404296859375
2 0.5927734359375 0.728515625 0.58203125 0.7333984359375 0.57421875 0.7685546859375 0.576171875 0.7841796859375 0.5859375 0.7880859359375 0.59375 0.7744140640625 0.583984375 0.7587890640625 0.595703125 0.7392578140625 0.5927734359375 0.728515625
2 0.8525390640625 0.28515625 0.8369140640625 0.296875 0.8212890640625 0.275390625 0.818359375 0.3017578140625 0.828125 0.3095703140625 0.82421875 0.3330078140625 0.83203125 0.3369140640625 0.8427734359375 0.333984375 0.869140625 0.3037109359375 0.869140625 0.2939453140625 0.8525390640625 0.28515625
2 0.6953125 0.06933593593750001 0.697265625 0.08496093593750001 0.7109375 0.08886718593750001 0.724609375 0.07324218593750001 0.7197265640625 0.052734375 0.7041015640625 0.052734375 0.6953125 0.06933593593750001
2 0.7861328140625 0.26953125 0.798828125 0.2705078140625 0.80078125 0.2568359359375 0.7841796859375 0.248046875 0.77734375 0.2587890640625 0.7861328140625 0.26953125
2 0.84375 0.4658203140625 0.84765625 0.4462890640625 0.8251953140625 0.431640625 0.82421875 0.4599609359375 0.84375 0.4658203140625
2 0.826171875 0.5244140640625 0.826171875 0.5498046859375 0.8359375 0.5498046859375 0.84765625 0.5263671859375 0.8427734359375 0.513671875 0.8310546859375 0.513671875 0.826171875 0.5244140640625
2 0.875 0.6064453140625 0.890625 0.6318359359375 0.900390625 0.6240234359375 0.8984375 0.5986328140625 0.8759765640625 0.58984375 0.875 0.6064453140625
2 0.98828125 0.8955078140625 0.98828125 0.8916015640625 0.9912109359375 0.890625 0.994140625 0.8857421859375 0.994140625 0.8759765640625 0.98828125 0.8662109359375 0.98828125 0.8603515640625 0.9814453140625 0.859375 0.9794921859375 0.857421875 0.9755859359375 0.857421875 0.970703125 0.8662109359375 0.970703125 0.8740234359375 0.97265625 0.8759765640625 0.97265625 0.8876953140625 0.974609375 0.8896484359375 0.974609375 0.8916015640625 0.97265625 0.8935546859375 0.97265625 0.8994140640625 0.974609375 0.9013671859375 0.9755859359375 0.90625 0.9833984359375 0.90625 0.984375 0.9052734359375 0.984375 0.9033203140625 0.986328125 0.9013671859375 0.986328125 0.8974609359375 0.98828125 0.8955078140625
2 1 0.7880859359375 0.9931640640625 0.78515625 0.9873046859375 0.779296875 0.9794921859375 0.779296875 0.974609375 0.7841796859375 0.97265625 0.7900390640625 0.966796875 0.7978515640625 0.966796875 0.8017578140625 0.970703125 0.8095703140625 0.970703125 0.8271484359375 0.966796875 0.8330078140625 0.966796875 0.8388671859375 0.9775390640625 0.849609375 0.9814453140625 0.849609375 0.9853515640625 0.85546875 0.994140625 0.8544921859375 1 0.8427734359375 1 0.7880859359375
2 0.55078125 0.6357421859375 0.544921875 0.6220703140625 0.5419921859375 0.619140625 0.5361328140625 0.619140625 0.533203125 0.6220703140625 0.533203125 0.6318359359375 0.537109375 0.6357421859375 0.537109375 0.6435546859375 0.5419921859375 0.650390625 0.5498046859375 0.650390625 0.55078125 0.6494140640625 0.55078125 0.6474609359375 0.552734375 0.6455078140625 0.552734375 0.6376953140625 0.55078125 0.6357421859375
2 0.52734375 0.6298828140625 0.525390625 0.6279296859375 0.525390625 0.6240234359375 0.5234375 0.6220703140625 0.5234375 0.6201171859375 0.5185546859375 0.615234375 0.5146484359375 0.615234375 0.51171875 0.6201171859375 0.51171875 0.6337890640625 0.509765625 0.6357421859375 0.509765625 0.6552734359375 0.51171875 0.6572265640625 0.51171875 0.6611328140625 0.5166015640625 0.666015625 0.5185546859375 0.666015625 0.5205078140625 0.66796875 0.5234375 0.6669921859375 0.525390625 0.6650390640625 0.525390625 0.6474609359375 0.52734375 0.6455078140625 0.52734375 0.6298828140625