2 0.10644531406249999 0.142578125 0.11328125 0.1416015640625 0.11328125 0.12402343593750001 0.10449218593750001 0.115234375 0.099609375 0.1298828140625 0.10644531406249999 0.142578125
2 0.11035156406249999 0.255859375 0.09765625 0.2822265640625 0.10253906406249999 0.2890625 0.11230468593750001 0.28515625 0.126953125 0.2939453140625 0.13671875 0.2861328140625 0.13671875 0.2744140640625 0.1259765640625 0.2578125 0.11035156406249999 0.255859375
2 0.033203125 0.06347656406249999 0.03515625 0.07910156406249999 0.05078125 0.09277343593750001 0.0546875 0.10644531406249999 0.0625 0.10839843593750001 0.072265625 0.10058593593750001 0.0625 0.06347656406249999 0.041992185937499996 0.0546875 0.033203125 0.06347656406249999
2 0.1953125 0.4814453140625 0.203125 0.4833984359375 0.216796875 0.4716796859375 0.2060546859375 0.455078125 0.1953125 0.4697265640625 0.1953125 0.4814453140625
2 0.1328125 0.3603515640625 0.154296875 0.3740234359375 0.162109375 0.3701171859375 0.158203125 0.3544921859375 0.1337890640625 0.34765625 0.1328125 0.3603515640625
2 0 0.8271484359375 0.017578125 0.8271484359375 0.025390625 0.8017578140625 0.010742185937499999 0.79296875 0 0.8037109359375 0 0.8271484359375
2 0 0.9326171859375 0.005859375 0.9326171859375 0.02734375 0.8955078140625 0.024414064062499997 0.849609375 0.01171875 0.8681640640625 0.013671875 0.8896484359375 0 0.9111328140625 0 0.9326171859375
2 0.244140625 0.6123046859375 0.2421875 0.6279296859375 0.23046875 0.6396484359375 0.23046875 0.6572265640625 0.23828125 0.6611328140625 0.26171875 0.6318359359375 0.263671875 0.6181640640625 0.2568359359375 0.611328125 0.244140625 0.6123046859375
2 0.267578125 0.7158203140625 0.2734375 0.7158203140625 0.279296875 0.6865234359375 0.2626953140625 0.67578125 0.259765625 0.6943359359375 0.267578125 0.7158203140625
2 0.30078125 0.7685546859375 0.302734375 0.7509765640625 0.2919921859375 0.73828125 0.279296875 0.7685546859375 0.30078125 0.7685546859375
2 0.306640625 0.8564453140625 0.30859375 0.9130859359375 0.328125 0.8798828140625 0.328125 0.8701171859375 0.3134765640625 0.8515625 0.306640625 0.8564453140625
2 0.34375 0.9404296859375 0.34765625 0.9189453140625 0.3388671859375 0.9140625 0.33203125 0.9365234359375 0.34375 0.9404296859375
2 0.36328125 0.9990234359375 0.361328125 0.9755859359375 0.3505859359375 0.96484375 0.341796875 0.9990234359375 0.36328125 0.9990234359375
2 0.3828125 0.06542968593750001 0.392578125 0.06933593593750001 0.3984375 0.043945314062500004 0.3837890640625 0.029296875 0.37890625 0.0537109359375 0.3828125 0.06542968593750001
2 0.40234375 0.2021484359375 0.4130859359375 0.21875 0.435546875 0.2216796859375 0.4375 0.2119140640625 0.4267578140625 0.1953125 0.4091796859375 0.1953125 0.40234375 0.2021484359375
2 0.47265625 0.2900390640625 0.470703125 0.2626953140625 0.4580078140625 0.244140625 0.4345703140625 0.236328125 0.42578125 0.2490234359375 0.4453125 0.2646484359375 0.462890625 0.2939453140625 0.4765625 0.4052734359375 0.4912109359375 0.421875 0.501953125 0.4208984359375 0.505859375 0.4033203140625 0.484375 0.3603515640625 0.484375 0.3173828140625 0.47265625 0.2900390640625
2 0.546875 0.5908203140625 0.546875 0.5693359359375 0.5322265640625 0.548828125 0.51953125 0.5830078140625 0.546875 0.5908203140625
2 0.548828125 0.6455078140625 0.560546875 0.6513671859375 0.5625 0.6240234359375 0.5458984359375 0.61328125 0.54296875 0.6279296859375 0.548828125 0.6455078140625
2 0.6171875 0.8095703140625 0.61328125 0.7802734359375 0.623046875 0.7724609359375 0.62109375 0.7587890640625 0.5947265640625 0.732421875 0.5859375 0.7509765640625 0.607421875 0.7705078140625 0.6015625 0.7841796859375 0.599609375 0.8583984359375 0.609375 0.8603515640625 0.615234375 0.8466796859375 0.6298828140625 0.84375 0.63671875 0.8310546859375 0.6171875 0.8095703140625
2 0.916015625 0.7783203140625 0.923828125 0.7783203140625 0.92578125 0.7314453140625 0.9169921859375 0.720703125 0.904296875 0.7490234359375 0.916015625 0.7783203140625
2 0.9365234359375 0.765625 0.9296875 0.7841796859375 0.951171875 0.7998046859375 0.962890625 0.8251953140625 0.96875 0.8251953140625 0.96484375 0.7880859359375 0.970703125 0.7646484359375 0.9580078140625 0.755859375 0.9365234359375 0.765625
2 0.908203125 0.6044921859375 0.8896484359375 0.5859375 0.87890625 0.5986328140625 0.87109375 0.6240234359375 0.875 0.6318359359375 0.8857421859375 0.62109375 0.8994140640625 0.630859375 0.912109375 0.6279296859375 0.908203125 0.6044921859375
2 0.8349609359375 0.41015625 0.8271484359375 0.41015625 0.822265625 0.4228515640625 0.828125 0.4326171859375 0.828125 0.4794921859375 0.845703125 0.5263671859375 0.865234375 0.4677734359375 0.84765625 0.4638671859375 0.845703125 0.4228515640625 0.8349609359375 0.41015625
2 0.787109375 0.3857421859375 0.79296875 0.3876953140625 0.8046875 0.3583984359375 0.8017578140625 0.32421875 0.78515625 0.3427734359375 0.787109375 0.3857421859375
2 0.73828125 0.1884765640625 0.748046875 0.2001953140625 0.744140625 0.2099609359375 0.76953125 0.2314453140625 0.775390625 0.2216796859375 0.7734375 0.2021484359375 0.7490234359375 0.17578125 0.73828125 0.1884765640625
2 0.7392578140625 0.08984375 0.7314453140625 0.095703125 0.7158203140625 0.09375 0.705078125 0.10644531406249999 0.70703125 0.11621093593750001 0.73046875 0.1318359359375 0.732421875 0.12011718593750001 0.7490234359375 0.1171875 0.751953125 0.11035156406249999 0.7392578140625 0.08984375
2 0.6962890640625 0 0.703125 0.0146484359375 0.701171875 0.0283203140625 0.728515625 0.043945314062500004 0.732421875 0.0302734359375 0.724609375 0.0126953140625 0.7119140640625 0 0.6962890640625 0