0 0.455078125 0.7783203140625 0.4453125 0.7724609359375 0.4453125 0.7607421859375 0.453125 0.7529296859375 0.453125 0.7333984359375 0.4609375 0.7177734359375 0.4609375 0.7099609359375 0.4453125 0.7001953140625 0.443359375 0.6845703140625 0.431640625 0.6767578140625 0.4072265640625 0.634765625 0.3779296859375 0.66015625 0.3583984359375 0.646484375 0.349609375 0.6494140640625 0.357421875 0.6748046859375 0.357421875 0.7138671859375 0.3466796859375 0.708984375 0.333984375 0.7158203140625 0.34375 0.7294921859375 0.3359375 0.7568359359375 0.3671875 0.7861328140625 0.365234375 0.8095703140625 0.376953125 0.8232421859375 0.384765625 0.8623046859375 0.404296875 0.8876953140625 0.412109375 0.8408203140625 0.4326171859375 0.833984375 0.453125 0.8056640640625 0.455078125 0.7783203140625
0 0.5107421859375 0.94921875 0.48046875 0.9931640640625 0.4833984359375 1 0.54296875 0.9990234359375 0.5498046859375 0.927734375 0.5380859359375 0.935546875 0.5283203140625 0.93359375 0.5107421859375 0.94921875
0 0.79296875 0.4462890640625 0.7822265640625 0.431640625 0.7470703140625 0.43359375 0.736328125 0.4697265640625 0.72265625 0.4755859359375 0.724609375 0.5185546859375 0.70703125 0.5556640640625 0.7236328140625 0.5703125 0.734375 0.5712890640625 0.751953125 0.5654296859375 0.75 0.5439453140625 0.7890625 0.5068359359375 0.79296875 0.4462890640625
2 0.0068359359375 0 0 0.010742185937499999 0.009765625 0.0146484359375 0.0390625 0.0556640640625 0.060546875 0.040039064062500004 0.060546875 0.016601564062499997 0.049804685937499996 0 0.0068359359375 0
2 0.1845703140625 0.34375 0.1728515640625 0.314453125 0.1455078140625 0.314453125 0.142578125 0.3349609359375 0.1533203140625 0.3515625 0.171875 0.3505859359375 0.189453125 0.3935546859375 0.189453125 0.4052734359375 0.177734375 0.4130859359375 0.1796875 0.4248046859375 0.2060546859375 0.44140625 0.216796875 0.4404296859375 0.21875 0.4169921859375 0.197265625 0.3916015640625 0.208984375 0.3466796859375 0.1845703140625 0.34375
2 0.140625 0.1630859359375 0.12890625 0.1337890640625 0.130859375 0.11230468593750001 0.12011718593750001 0.1015625 0.109375 0.10644531406249999 0.111328125 0.1279296859375 0.10449218593750001 0.134765625 0.06738281406249999 0.119140625 0.0595703140625 0.150390625 0.046875 0.1259765640625 0.037109375 0.1259765640625 0.05078125 0.1611328140625 0.07910156406249999 0.1875 0.0859375 0.1865234359375 0.09667968593750001 0.173828125 0.10839843593750001 0.185546875 0.140625 0.1845703140625 0.140625 0.1630859359375
2 0.03515625 0.7822265640625 0.04296875 0.7685546859375 0.038085935937499996 0.763671875 0.029296875 0.7685546859375 0.03515625 0.7822265640625
2 0.040039064062500004 0.68359375 0.033203125 0.7294921859375 0.056640625 0.7392578140625 0.0625 0.7236328140625 0.060546875 0.6904296859375 0.0537109359375 0.68359375 0.040039064062500004 0.68359375
2 0.044921875 0.7744140640625 0.02734375 0.8037109359375 0.034179685937499996 0.814453125 0.0546875 0.8193359359375 0.07421875 0.7841796859375 0.07421875 0.7666015640625 0.06738281406249999 0.7578125 0.044921875 0.7744140640625
2 0.11816406406249999 0.8828125 0.107421875 0.8798828140625 0.107421875 0.8603515640625 0.09863281406249999 0.83984375 0.072265625 0.8583984359375 0.0703125 0.8701171859375 0.083984375 0.8759765640625 0.09765625 0.9072265640625 0.095703125 0.9345703140625 0.111328125 0.9404296859375 0.1171875 0.9541015640625 0.115234375 0.9736328140625 0.142578125 0.9892578140625 0.14453125 0.9443359359375 0.1328125 0.9267578140625 0.13671875 0.9072265640625 0.11816406406249999 0.8828125
2 0.4111328140625 1 0.453125 0.9990234359375 0.451171875 0.9814453140625 0.4384765640625 0.970703125 0.412109375 0.9775390640625 0.4111328140625 1
2 0.4306640640625 0 0.423828125 0.049804685937499996 0.470703125 0.07519531406249999 0.46484375 0.047851564062500004 0.47265625 0.008789064062500001 0.4638671859375 0 0.4306640640625 0
2 0.509765625 0.1748046859375 0.5029296859375 0.16796875 0.4921875 0.1689453140625 0.4921875 0.1474609359375 0.4853515640625 0.140625 0.46484375 0.1728515640625 0.462890625 0.2216796859375 0.4658203140625 0.2265625 0.4814453140625 0.224609375 0.49609375 0.2451171859375 0.501953125 0.2275390640625 0.513671875 0.2216796859375 0.513671875 0.2119140640625 0.509765625 0.1748046859375
2 0.583984375 0.3525390640625 0.56640625 0.3466796859375 0.560546875 0.3291015640625 0.548828125 0.3212890640625 0.541015625 0.2958984359375 0.5263671859375 0.2890625 0.5146484359375 0.302734375 0.5029296859375 0.30078125 0.494140625 0.3115234359375 0.5 0.3505859359375 0.53125 0.3486328140625 0.53125 0.4169921859375 0.5390625 0.4345703140625 0.5498046859375 0.400390625 0.5654296859375 0.41015625 0.580078125 0.4072265640625 0.583984375 0.3525390640625
2 0.6201171859375 0.5859375 0.615234375 0.5986328140625 0.6337890640625 0.625 0.65234375 0.6298828140625 0.654296875 0.5927734359375 0.6435546859375 0.572265625 0.6337890640625 0.583984375 0.6201171859375 0.5859375
2 0.587890625 0.5361328140625 0.595703125 0.5888671859375 0.609375 0.5986328140625 0.61328125 0.5576171859375 0.62109375 0.5419921859375 0.6142578140625 0.517578125 0.587890625 0.5361328140625
2 0.6201171859375 0.673828125 0.61328125 0.6806640640625 0.6171875 0.7216796859375 0.66015625 0.7392578140625 0.671875 0.7099609359375 0.666015625 0.6884765640625 0.6435546859375 0.66796875 0.6201171859375 0.673828125
2 0.72265625 0.8876953140625 0.7265625 0.8759765640625 0.71484375 0.8330078140625 0.716796875 0.8115234359375 0.6982421859375 0.787109375 0.68359375 0.8095703140625 0.685546875 0.8291015640625 0.677734375 0.8505859359375 0.6875 0.8642578140625 0.685546875 0.8779296859375 0.703125 0.8935546859375 0.708984375 0.9462890640625 0.71484375 0.9482421859375 0.73828125 0.9384765640625 0.74609375 0.9091796859375 0.7275390640625 0.8984375 0.72265625 0.8876953140625
2 0.943359375 0.5732421859375 0.94921875 0.5400390640625 0.9384765640625 0.537109375 0.93359375 0.5634765640625 0.943359375 0.5732421859375
2 0.927734375 0.6708984359375 0.9306640640625 0.6796875 0.94140625 0.6826171859375 0.953125 0.6728515640625 0.9501953140625 0.654296875 0.9384765640625 0.65625 0.927734375 0.6708984359375
2 0.841796875 0.1689453140625 0.8515625 0.1728515640625 0.865234375 0.1416015640625 0.8603515640625 0.12109375 0.83984375 0.1513671859375 0.841796875 0.1689453140625
2 0.919921875 0.6162109359375 0.9287109359375 0.625 0.94921875 0.6279296859375 0.951171875 0.5888671859375 0.9404296859375 0.5859375 0.921875 0.6025390640625 0.919921875 0.6162109359375
2 0.87890625 0.2197265640625 0.8720703140625 0.248046875 0.8623046859375 0.24609375 0.853515625 0.2529296859375 0.8583984359375 0.275390625 0.8720703140625 0.267578125 0.8828125 0.2802734359375 0.9052734359375 0.2734375 0.91015625 0.2646484359375 0.9072265640625 0.201171875 0.87890625 0.2197265640625
2 0.939453125 0.4306640640625 0.927734375 0.4091796859375 0.9296875 0.3623046859375 0.8935546859375 0.3515625 0.888671875 0.3642578140625 0.89453125 0.4384765640625 0.90625 0.4521484359375 0.916015625 0.4853515640625 0.9365234359375 0.50390625 0.953125 0.5029296859375 0.95703125 0.4638671859375 0.9521484359375 0.453125 0.94140625 0.4501953140625 0.939453125 0.4306640640625
1 0.724609375 0.3056640640625 0.708984375 0.2880859359375 0.7099609359375 0.24609375 0.7001953140625 0.26171875 0.693359375 0.2607421859375 0.671875 0.3076171859375 0.66796875 0.3330078140625 0.685546875 0.3369140640625 0.6982421859375 0.31640625 0.7177734359375 0.328125 0.724609375 0.3232421859375 0.724609375 0.3056640640625