2 0.07421875 0.1728515640625 0.083984375 0.1591796859375 0.07714843593750001 0.1328125 0.0625 0.1435546859375 0.07421875 0.1728515640625
2 0.3310546859375 0.91796875 0.3203125 0.9306640640625 0.3203125 0.9404296859375 0.3291015640625 0.947265625 0.341796875 0.9462890640625 0.349609375 0.9404296859375 0.34765625 0.9248046859375 0.3427734359375 0.91796875 0.3310546859375 0.91796875
2 0.228515625 0.6572265640625 0.236328125 0.6650390640625 0.248046875 0.6298828140625 0.2314453140625 0.607421875 0.2265625 0.6142578140625 0.228515625 0.6572265640625
2 0.17578125 0.4228515640625 0.171875 0.3935546859375 0.1533203140625 0.380859375 0.15234375 0.3974609359375 0.17578125 0.4228515640625
2 0.111328125 0.2509765640625 0.125 0.2529296859375 0.12890625 0.2412109359375 0.11816406406249999 0.228515625 0.11035156406249999 0.228515625 0.111328125 0.2509765640625
2 0.3017578140625 0.830078125 0.29296875 0.8408203140625 0.291015625 0.8583984359375 0.32421875 0.8701171859375 0.330078125 0.8642578140625 0.330078125 0.8330078140625 0.3173828140625 0.837890625 0.3017578140625 0.830078125
2 0.673828125 0.9208984359375 0.673828125 0.8876953140625 0.6572265640625 0.87890625 0.66015625 0.9150390640625 0.673828125 0.9208984359375
2 0.68359375 0.9833984359375 0.6923828140625 1 0.703125 0.9990234359375 0.70703125 0.9423828140625 0.6884765640625 0.9375 0.681640625 0.9541015640625 0.68359375 0.9833984359375
2 0.6328125 0.7978515640625 0.634765625 0.8427734359375 0.638671875 0.8583984359375 0.6484375 0.8603515640625 0.662109375 0.8115234359375 0.662109375 0.7939453140625 0.6513671859375 0.7890625 0.6328125 0.7978515640625
2 0.6162109359375 0.744140625 0.623046875 0.7431640640625 0.62890625 0.7177734359375 0.6181640640625 0.705078125 0.609375 0.7314453140625 0.6162109359375 0.744140625
2 0.498046875 0.4365234359375 0.513671875 0.4404296859375 0.517578125 0.4267578140625 0.4990234359375 0.40625 0.4921875 0.4130859359375 0.498046875 0.4365234359375
2 0.48046875 0.3564453140625 0.48828125 0.3798828140625 0.494140625 0.3818359359375 0.505859375 0.3720703140625 0.505859375 0.3544921859375 0.4951171859375 0.34375 0.48046875 0.3564453140625
2 0.474609375 0.2978515640625 0.48828125 0.3173828140625 0.5078125 0.3017578140625 0.509765625 0.2919921859375 0.4755859359375 0.283203125 0.474609375 0.2978515640625
2 0.44921875 0.2392578140625 0.455078125 0.2431640640625 0.453125 0.2607421859375 0.4599609359375 0.26953125 0.470703125 0.2705078140625 0.4765625 0.2451171859375 0.47265625 0.2333984359375 0.4599609359375 0.228515625 0.44921875 0.2392578140625
2 0.4375 0.1650390640625 0.4296875 0.2119140640625 0.4453125 0.2177734359375 0.45703125 0.2021484359375 0.45703125 0.1904296859375 0.4443359359375 0.15625 0.4375 0.1650390640625
2 0.701171875 0.034179685937499996 0.7109375 0.0517578140625 0.71875 0.0517578140625 0.73828125 0.024414064062499997 0.7255859359375 0.025390625 0.7080078140625 0.001953125 0.701171875 0.034179685937499996
2 0.779296875 0.1748046859375 0.7763671859375 0.1640625 0.7685546859375 0.173828125 0.755859375 0.1767578140625 0.75 0.2080078140625 0.767578125 0.2255859359375 0.78515625 0.2158203140625 0.78515625 0.2080078140625 0.76953125 0.1943359359375 0.779296875 0.1748046859375
2 0.9033203140625 0.59375 0.890625 0.6083984359375 0.888671875 0.6396484359375 0.904296875 0.6728515640625 0.923828125 0.6865234359375 0.923828125 0.6279296859375 0.90625 0.6220703140625 0.91015625 0.5966796859375 0.9033203140625 0.59375
2 0.9365234359375 0.7578125 0.9296875 0.7783203140625 0.943359375 0.8193359359375 0.939453125 0.8427734359375 0.94921875 0.8447265640625 0.9609375 0.8271484359375 0.9609375 0.7958984359375 0.947265625 0.7646484359375 0.9365234359375 0.7578125
2 0.822265625 0.4091796859375 0.83203125 0.3916015640625 0.8154296859375 0.3828125 0.810546875 0.4033203140625 0.822265625 0.4091796859375
2 0.302734375 0.8212890640625 0.310546875 0.8232421859375 0.3203125 0.8076171859375 0.3134765640625 0.798828125 0.302734375 0.8115234359375 0.302734375 0.8212890640625