2 0.1494140640625 0.01953125 0.16796875 0.024414064062499997 0.17578125 0.018554685937500003 0.1689453140625 0 0.138671875 0.0009765640625 0.1494140640625 0.01953125
2 0.17578125 0.0517578140625 0.1708984359375 0.068359375 0.1474609359375 0.0625 0.140625 0.07324218593750001 0.1640625 0.08886718593750001 0.1767578140625 0.115234375 0.18359375 0.11425781406249999 0.19921875 0.0615234359375 0.19921875 0.049804685937499996 0.1904296859375 0.04296875 0.17578125 0.0517578140625
2 0.4326171859375 0.849609375 0.431640625 0.8837890640625 0.45703125 0.8876953140625 0.466796875 0.8779296859375 0.46484375 0.8681640640625 0.4521484359375 0.85546875 0.4326171859375 0.849609375
2 0.3896484359375 0.6796875 0.3818359359375 0.6796875 0.369140625 0.6884765640625 0.365234375 0.7021484359375 0.380859375 0.7216796859375 0.388671875 0.7646484359375 0.400390625 0.7646484359375 0.404296875 0.7255859359375 0.396484375 0.7099609359375 0.396484375 0.6904296859375 0.3896484359375 0.6796875
2 0.564453125 0.1318359359375 0.564453125 0.09863281406249999 0.5595703140625 0.095703125 0.55078125 0.10644531406249999 0.529296875 0.1806640640625 0.5419921859375 0.15625 0.5537109359375 0.162109375 0.55859375 0.1572265640625 0.564453125 0.1318359359375
2 0.6142578140625 0.28515625 0.5986328140625 0.291015625 0.5869140640625 0.283203125 0.580078125 0.2900390640625 0.587890625 0.3076171859375 0.5859375 0.3251953140625 0.603515625 0.3408203140625 0.6171875 0.3291015640625 0.615234375 0.3115234359375 0.625 0.2958984359375 0.6142578140625 0.28515625
2 0.943359375 0.4423828140625 0.9541015640625 0.453125 0.96484375 0.4521484359375 0.97265625 0.4443359359375 0.97265625 0.4326171859375 0.9599609359375 0.423828125 0.943359375 0.4423828140625
2 0.9228515640625 0.287109375 0.9072265640625 0.2890625 0.900390625 0.3017578140625 0.900390625 0.3349609359375 0.912109375 0.3388671859375 0.947265625 0.3330078140625 0.943359375 0.3154296859375 0.927734375 0.3017578140625 0.9228515640625 0.287109375
2 0.9765625 0.5361328140625 0.982421875 0.5830078140625 1 0.5849609359375 0.998046875 0.5087890640625 0.9833984359375 0.490234375 0.96875 0.5263671859375 0.9765625 0.5361328140625
2 0.7138671859375 0.65625 0.70703125 0.6689453140625 0.71875 0.7001953140625 0.7265625 0.7001953140625 0.736328125 0.6806640640625 0.728571428125 0.66904761875 0.721428571875 0.660714284375 0.7138671859375 0.65625
2 0.771484375 0.8095703140625 0.7734375 0.7880859359375 0.7509765640625 0.76171875 0.74609375 0.7802734359375 0.771484375 0.8095703140625