2 0.2978515640625 0.125 0.2880859359375 0.10546875 0.275390625 0.12207031406249999 0.2734375 0.1376953140625 0.2841796859375 0.15234375 0.298828125 0.1533203140625 0.314453125 0.1318359359375 0.314453125 0.12011718593750001 0.3056640640625 0.1171875 0.2978515640625 0.125
2 0.3447265640625 0.236328125 0.3291015640625 0.216796875 0.330078125 0.2763671859375 0.35546875 0.3154296859375 0.375 0.2880859359375 0.36328125 0.2275390640625 0.3564453140625 0.224609375 0.3447265640625 0.236328125
2 0.3974609359375 0.40234375 0.392578125 0.4072265640625 0.392578125 0.4462890640625 0.400390625 0.4638671859375 0.416015625 0.4482421859375 0.42578125 0.4111328140625 0.4072265640625 0.412109375 0.3974609359375 0.40234375
2 0.4755859359375 0.666015625 0.46875 0.7119140640625 0.478515625 0.7158203140625 0.49609375 0.6962890640625 0.49609375 0.6865234359375 0.48828125 0.6708984359375 0.4755859359375 0.666015625
2 0.5595703140625 0.7734375 0.5361328140625 0.7734375 0.51953125 0.7900390640625 0.533203125 0.8037109359375 0.529296875 0.8310546859375 0.53515625 0.8330078140625 0.5517578140625 0.80859375 0.5634765640625 0.810546875 0.57421875 0.7998046859375 0.5595703140625 0.7734375
2 0.244140625 0.7880859359375 0.234375 0.7529296859375 0.2236328140625 0.751953125 0.2177734359375 0.740234375 0.189453125 0.7568359359375 0.19921875 0.7763671859375 0.21484375 0.7880859359375 0.21484375 0.8017578140625 0.19921875 0.8193359359375 0.232421875 0.8232421859375 0.234375 0.8115234359375 0.224609375 0.7978515640625 0.2412109359375 0.798828125 0.244140625 0.7880859359375
2 0.236328125 0.9365234359375 0.2548828140625 0.955078125 0.27734375 0.9580078140625 0.2890625 0.9365234359375 0.2705078140625 0.900390625 0.240234375 0.9189453140625 0.236328125 0.9365234359375
2 0.173828125 0.6943359359375 0.166015625 0.7001953140625 0.16796875 0.7294921859375 0.1708984359375 0.736328125 0.181640625 0.7353515640625 0.1953125 0.7060546859375 0.189453125 0.6826171859375 0.1728515640625 0.66796875 0.173828125 0.6943359359375
2 0.08691406406249999 0.44140625 0.0546875 0.4599609359375 0.060546875 0.4755859359375 0.052734375 0.4912109359375 0.0703125 0.5048828140625 0.07421875 0.4853515640625 0.09375 0.4599609359375 0.095703125 0.4501953140625 0.08691406406249999 0.44140625
2 0.69921875 0.3173828140625 0.724609375 0.3388671859375 0.7265625 0.2880859359375 0.7216796859375 0.287109375 0.703125 0.3037109359375 0.69921875 0.3173828140625
2 0.796875 0.4189453140625 0.791015625 0.4150390640625 0.7939453140625 0.396484375 0.7666015640625 0.416015625 0.7578125 0.4033203140625 0.755859375 0.3779296859375 0.7470703140625 0.373046875 0.740234375 0.3857421859375 0.7421875 0.4541015640625 0.751953125 0.4599609359375 0.7607421859375 0.431640625 0.7724609359375 0.453125 0.79296875 0.4404296859375 0.796875 0.4189453140625
2 0.8271484359375 0.720703125 0.818359375 0.7353515640625 0.837890625 0.7626953140625 0.8359375 0.7451171859375 0.853515625 0.7373046859375 0.8466796859375 0.72265625 0.8271484359375 0.720703125
2 0.8427734359375 0.810546875 0.8359375 0.8251953140625 0.841796875 0.8369140640625 0.83984375 0.8544921859375 0.845703125 0.8564453140625 0.8544921859375 0.841796875 0.869140625 0.8408203140625 0.8525390640625 0.810546875 0.8427734359375 0.810546875
2 0.8447265640625 0.88671875 0.841796875 0.8974609359375 0.849609375 0.9111328140625 0.8740234359375 0.935546875 0.8828125 0.9345703140625 0.88671875 0.9267578140625 0.876953125 0.9111328140625 0.8525390640625 0.88671875 0.8447265640625 0.88671875
2 0.443359375 0.4580078140625 0.416015625 0.4423828140625 0.42578125 0.4111328140625 0.4072265640625 0.412109375 0.3955078140625 0.404296875 0.39453125 0.4599609359375 0.40625 0.4716796859375 0.404296875 0.4833984359375 0.416015625 0.4912109359375 0.412109375 0.5185546859375 0.41796875 0.5224609359375 0.42578125 0.4892578140625 0.4375 0.4853515640625 0.43359375 0.4775390640625 0.443359375 0.4580078140625
2 0.5810546859375 0.9609375 0.5712890640625 0.955078125 0.560546875 0.9599609359375 0.5625 0.9755859359375 0.5927734359375 1 0.615234375 0.9990234359375 0.619140625 0.9833984359375 0.60546875 0.9716796859375 0.6005859359375 0.94921875 0.5810546859375 0.9609375
2 0 0.3583984359375 0.013671875 0.3779296859375 0.018554685937500003 0.37109375 0.03515625 0.3720703140625 0.03125 0.3486328140625 0.04296875 0.3310546859375 0.0234375 0.3232421859375 0.008789064062500001 0.287109375 0.00390625 0.3056640640625 0.01171875 0.3291015640625 0 0.3369140640625 0 0.3583984359375