2 0.0009765640625 0.56640625 0 0.5986328140625 0.0068359359375 0.59765625 0.016601564062499997 0.611328125 0.02734375 0.6103515640625 0.0234375 0.5810546859375 0.033203125 0.5673828140625 0.0283203140625 0.5625 0.0009765640625 0.56640625
2 0.06542968593750001 0.63671875 0.05859375 0.6416015640625 0.05859375 0.6865234359375 0.044921875 0.7119140640625 0.047851564062500004 0.72265625 0.056640625 0.7216796859375 0.087890625 0.7080078140625 0.080078125 0.6923828140625 0.08203125 0.6689453140625 0.06542968593750001 0.63671875
2 0.08203125 0.7822265640625 0.08203125 0.8193359359375 0.08691406406249999 0.826171875 0.1015625 0.8251953140625 0.12109375 0.7958984359375 0.123046875 0.7763671859375 0.11816406406249999 0.771484375 0.08203125 0.7822265640625
2 0.15625 0.8408203140625 0.1474609359375 0.8359375 0.130859375 0.8427734359375 0.1171875 0.8740234359375 0.10546875 0.8837890640625 0.126953125 0.9072265640625 0.11328125 0.9267578140625 0.123046875 0.9365234359375 0.119140625 0.9599609359375 0.1328125 0.9697265640625 0.150390625 0.9521484359375 0.16015625 0.9091796859375 0.146484375 0.8740234359375 0.15625 0.8408203140625
2 0.1611328140625 0.978515625 0.154296875 0.9970703140625 0.2109375 0.9990234359375 0.2109375 0.9912109359375 0.1962890640625 0.978515625 0.1826171859375 0.984375 0.1611328140625 0.978515625
2 0.43359375 0.6318359359375 0.435546875 0.6669921859375 0.4130859359375 0.662109375 0.41015625 0.6708984359375 0.4228515640625 0.70703125 0.4326171859375 0.712890625 0.455078125 0.7119140640625 0.455078125 0.6435546859375 0.451171875 0.6103515640625 0.4423828140625 0.603515625 0.43359375 0.6318359359375
2 0.5146484359375 0.826171875 0.48828125 0.8251953140625 0.48046875 0.8583984359375 0.48046875 0.8681640640625 0.48828125 0.8701171859375 0.4990234359375 0.8515625 0.513671875 0.8466796859375 0.51953125 0.8349609359375 0.5146484359375 0.826171875
2 0.5458984359375 0.935546875 0.5361328140625 0.919921875 0.5234375 0.9404296859375 0.533203125 0.9580078140625 0.52734375 0.9794921859375 0.533203125 0.9853515640625 0.55078125 0.9755859359375 0.560546875 0.9501953140625 0.560546875 0.9404296859375 0.5458984359375 0.935546875
2 0.361328125 0.4267578140625 0.3564453140625 0.412109375 0.3388671859375 0.408203125 0.3291015640625 0.3984375 0.318359375 0.4130859359375 0.32421875 0.4267578140625 0.302734375 0.4501953140625 0.3076171859375 0.462890625 0.31640625 0.4619140640625 0.3271484359375 0.44921875 0.3427734359375 0.45703125 0.345703125 0.4384765640625 0.361328125 0.4267578140625
2 0.2841796859375 0.216796875 0.271484375 0.2333984359375 0.2783203140625 0.25 0.294921875 0.2529296859375 0.306640625 0.2451171859375 0.310546875 0.2197265640625 0.3056640640625 0.212890625 0.2841796859375 0.216796875
2 0.2919921859375 0.279296875 0.271484375 0.2822265640625 0.275390625 0.2958984359375 0.30078125 0.3154296859375 0.318359375 0.3037109359375 0.318359375 0.2841796859375 0.3017578140625 0.259765625 0.2919921859375 0.279296875
2 0.22265625 0.016601564062499997 0.2236328140625 0 0.201171875 0.0009765640625 0.2138671859375 0.015625 0.22265625 0.016601564062499997
2 0.59375 0.0576171859375 0.60546875 0.06347656406249999 0.62109375 0.047851564062500004 0.623046875 0.036132814062500004 0.5966796859375 0.01953125 0.59375 0.0576171859375
2 0.666015625 0.2021484359375 0.6728515640625 0.216796875 0.689453125 0.2197265640625 0.70703125 0.2080078140625 0.705078125 0.1962890640625 0.6904296859375 0.18359375 0.666015625 0.2021484359375
2 0.8857421859375 0.677734375 0.8720703140625 0.673828125 0.8583984359375 0.681640625 0.8408203140625 0.66796875 0.8359375 0.6923828140625 0.84375 0.7216796859375 0.8642578140625 0.748046875 0.875 0.7490234359375 0.89453125 0.7177734359375 0.88671875 0.6982421859375 0.890625 0.6865234359375 0.8857421859375 0.677734375
2 0.79296875 0.5185546859375 0.79296875 0.5361328140625 0.81640625 0.5537109359375 0.8427734359375 0.544921875 0.84765625 0.5322265640625 0.7998046859375 0.513671875 0.79296875 0.5185546859375
2 0.7431640640625 0.328125 0.728515625 0.3447265640625 0.7265625 0.3564453140625 0.7392578140625 0.375 0.751953125 0.3779296859375 0.759765625 0.3583984359375 0.744140625 0.3466796859375 0.748046875 0.3310546859375 0.7431640640625 0.328125
2 0.923828125 0.9794921859375 0.9208984359375 1 0.958984375 0.9990234359375 0.923828125 0.9794921859375