2 0.11230468593750001 0.052734375 0.111328125 0.09277343593750001 0.103515625 0.11230468593750001 0.125 0.1279296859375 0.1455078140625 0.126953125 0.1484375 0.11425781406249999 0.12109375 0.0576171859375 0.11230468593750001 0.052734375
2 0.193359375 0.1650390640625 0.1904296859375 0.16015625 0.1708984359375 0.1640625 0.1630859359375 0.150390625 0.1435546859375 0.150390625 0.13671875 0.1611328140625 0.138671875 0.1904296859375 0.166015625 0.2333984359375 0.1728515640625 0.2265625 0.1884765640625 0.232421875 0.1953125 0.2236328140625 0.193359375 0.1650390640625
2 0.259765625 0.3916015640625 0.2509765640625 0.380859375 0.2314453140625 0.380859375 0.224609375 0.3642578140625 0.2158203140625 0.359375 0.2109375 0.3642578140625 0.21484375 0.3876953140625 0.19921875 0.4248046859375 0.2080078140625 0.435546875 0.22265625 0.4345703140625 0.23046875 0.4130859359375 0.2373046859375 0.408203125 0.2490234359375 0.412109375 0.259765625 0.3916015640625
2 0.337890625 0.6474609359375 0.33984375 0.6025390640625 0.3349609359375 0.59765625 0.32421875 0.6083984359375 0.322265625 0.6259765640625 0.302734375 0.6474609359375 0.30078125 0.6650390640625 0.3154296859375 0.669921875 0.3271484359375 0.65625 0.3359375 0.6591796859375 0.330078125 0.7197265640625 0.345703125 0.7509765640625 0.357421875 0.7568359359375 0.376953125 0.6728515640625 0.3671875 0.6669921859375 0.3583984359375 0.6484375 0.337890625 0.6474609359375
2 0.431640625 0.9658203140625 0.4384765640625 0.974609375 0.4560546859375 0.974609375 0.4677734359375 0.990234375 0.4765625 0.9892578140625 0.482421875 0.9814453140625 0.48046875 0.9697265640625 0.4580078140625 0.9453125 0.431640625 0.9658203140625
2 0.421875 0.8310546859375 0.4033203140625 0.798828125 0.396484375 0.8408203140625 0.384765625 0.8544921859375 0.3828125 0.8701171859375 0.4013671859375 0.8984375 0.4345703140625 0.8984375 0.4443359359375 0.91015625 0.455078125 0.9091796859375 0.4609375 0.8896484359375 0.4375 0.8583984359375 0.439453125 0.8408203140625 0.421875 0.8310546859375
2 0 0.8779296859375 0.029296875 0.8837890640625 0.029296875 0.8564453140625 0.024414064062499997 0.8515625 0.0009765640625 0.853515625 0 0.8779296859375
2 0.03515625 0.9599609359375 0.0390625 0.9384765640625 0.032226564062500004 0.923828125 0.02734375 0.9482421859375 0.03515625 0.9599609359375
2 0.06347656406249999 0.94921875 0.078125 0.9521484359375 0.083984375 0.9384765640625 0.07910156406249999 0.919921875 0.060546875 0.9423828140625 0.06347656406249999 0.94921875
2 0.029296875 0.8818359359375 0.024414064062499997 0.8515625 0 0.8564453140625 0.0009765640625 0.87890625 0.029296875 0.8818359359375
2 0.5908203140625 0.169921875 0.5771484359375 0.16796875 0.5712890640625 0.15234375 0.5615234359375 0.154296875 0.5498046859375 0.146484375 0.54296875 0.1630859359375 0.556640625 0.1982421859375 0.56640625 0.2021484359375 0.5673828140625 0.197265625 0.5986328140625 0.197265625 0.599609375 0.1806640640625 0.5908203140625 0.169921875
2 0.49609375 0.049804685937499996 0.48828125 0.06738281406249999 0.4921875 0.08691406406249999 0.50390625 0.08886718593750001 0.51171875 0.07714843593750001 0.5048828140625 0.01171875 0.498046875 0.016601564062499997 0.49609375 0.049804685937499996
2 0.6640625 0.5712890640625 0.673828125 0.5751953140625 0.67578125 0.5458984359375 0.6591796859375 0.521484375 0.646484375 0.5458984359375 0.6640625 0.5712890640625
2 0.6865234359375 0.462890625 0.66015625 0.4580078140625 0.66796875 0.4365234359375 0.66796875 0.4111328140625 0.6611328140625 0.3984375 0.6455078140625 0.4140625 0.626953125 0.4130859359375 0.6328125 0.4599609359375 0.642578125 0.4658203140625 0.646484375 0.4912109359375 0.658203125 0.4951171859375 0.6650390640625 0.486328125 0.6748046859375 0.486328125 0.6875 0.4697265640625 0.6865234359375 0.462890625
2 0.5859375 0.3876953140625 0.595703125 0.3896484359375 0.609375 0.3759765640625 0.6064453140625 0.357421875 0.583984375 0.3681640640625 0.5859375 0.3876953140625
2 0.71484375 0.6904296859375 0.712890625 0.7490234359375 0.73046875 0.7509765640625 0.74609375 0.6904296859375 0.744140625 0.6689453140625 0.7236328140625 0.66015625 0.71484375 0.6904296859375
2 0.787109375 0.7490234359375 0.7744140640625 0.744140625 0.76953125 0.7470703140625 0.767578125 0.7802734359375 0.7890625 0.7939453140625 0.8076171859375 0.791015625 0.810546875 0.7802734359375 0.791015625 0.7646484359375 0.787109375 0.7490234359375
2 0.802734375 0.9599609359375 0.81640625 0.9697265640625 0.822265625 0.9638671859375 0.8203125 0.9462890640625 0.8056640640625 0.939453125 0.802734375 0.9599609359375
2 0.9755859359375 0.318359375 0.96875 0.3564453140625 0.984375 0.3720703140625 0.99609375 0.3486328140625 0.98828125 0.3447265640625 0.982421875 0.3212890640625 0.9755859359375 0.318359375
2 0.951171875 0.2138671859375 0.951171875 0.2392578140625 0.943359375 0.2529296859375 0.95703125 0.2568359359375 0.986328125 0.2158203140625 0.9833984359375 0.169921875 0.96875 0.2060546859375 0.951171875 0.2138671859375
2 0.966796875 0.08496093593750001 0.9541015640625 0.08203125 0.9501953140625 0.068359375 0.921875 0.08691406406249999 0.9140625 0.10644531406249999 0.92578125 0.11230468593750001 0.9326171859375 0.107421875 0.9423828140625 0.111328125 0.96484375 0.09472656406249999 0.966796875 0.08496093593750001