2 0.10449218593750001 0.546875 0.09375 0.5634765640625 0.095703125 0.5771484359375 0.087890625 0.5927734359375 0.109375 0.5947265640625 0.125 0.5830078140625 0.126953125 0.5732421859375 0.12109375 0.5576171859375 0.10449218593750001 0.546875
2 0 0.5439453140625 0.016601564062499997 0.54296875 0.036132814062500004 0.5546875 0.0390625 0.5712890640625 0.05859375 0.5869140640625 0.064453125 0.5576171859375 0.0546875 0.5361328140625 0.0625 0.4990234359375 0.022460935937500003 0.49609375 0.010742185937499999 0.486328125 0 0.4951171859375 0 0.5439453140625
2 0.1689453140625 0.7421875 0.1484375 0.7587890640625 0.142578125 0.7744140640625 0.1689453140625 0.787109375 0.1796875 0.8037109359375 0.181640625 0.7783203140625 0.169921875 0.7744140640625 0.173828125 0.7451171859375 0.1689453140625 0.7421875
2 0.240234375 0.9384765640625 0.2431640640625 0.900390625 0.21875 0.9130859359375 0.21875 0.9365234359375 0.240234375 0.9384765640625
2 0.142578125 0.0263671859375 0.1591796859375 0 0.126953125 0.0009765640625 0.130859375 0.022460935937500003 0.142578125 0.0263671859375
2 0.154296875 0.047851564062500004 0.158203125 0.06933593593750001 0.19140625 0.08300781406249999 0.197265625 0.0556640640625 0.1748046859375 0.03125 0.1611328140625 0.033203125 0.154296875 0.047851564062500004
2 0.236328125 0.10839843593750001 0.224609375 0.09863281406249999 0.224609375 0.08496093593750001 0.2099609359375 0.076171875 0.1962890640625 0.109375 0.1630859359375 0.107421875 0.15234375 0.11816406406249999 0.150390625 0.1318359359375 0.1591796859375 0.142578125 0.1865234359375 0.142578125 0.2109375 0.1572265640625 0.19921875 0.12402343593750001 0.2138671859375 0.119140625 0.2333984359375 0.13671875 0.236328125 0.10839843593750001
2 0.2802734359375 0.2890625 0.2734375 0.2822265640625 0.283203125 0.2685546859375 0.271484375 0.2236328140625 0.2412109359375 0.189453125 0.23046875 0.2197265640625 0.212890625 0.2392578140625 0.212890625 0.2509765640625 0.2236328140625 0.25390625 0.2431640640625 0.236328125 0.271484375 0.2900390640625 0.26171875 0.3037109359375 0.26171875 0.3154296859375 0.28125 0.3193359359375 0.2998046859375 0.318359375 0.3046875 0.3017578140625 0.2919921859375 0.28515625 0.2802734359375 0.2890625
2 0.3681640640625 0.47265625 0.33984375 0.4521484359375 0.337890625 0.4384765640625 0.353515625 0.4287109359375 0.34375 0.3974609359375 0.3154296859375 0.400390625 0.3125 0.4248046859375 0.3203125 0.4365234359375 0.31640625 0.4541015640625 0.3271484359375 0.453125 0.33984375 0.4755859359375 0.341796875 0.5185546859375 0.3515625 0.5244140640625 0.3642578140625 0.50390625 0.375 0.5029296859375 0.376953125 0.4873046859375 0.3681640640625 0.47265625
2 0.4453125 0.6826171859375 0.4599609359375 0.6796875 0.466796875 0.6708984359375 0.4541015640625 0.642578125 0.4443359359375 0.650390625 0.42578125 0.6474609359375 0.423828125 0.6962890640625 0.40625 0.7099609359375 0.4228515640625 0.73828125 0.4306640640625 0.72265625 0.435546875 0.7275390640625 0.439453125 0.7490234359375 0.4453125 0.7509765640625 0.4609375 0.7216796859375 0.45703125 0.7001953140625 0.4453125 0.6904296859375 0.4453125 0.6826171859375
2 0.4794921859375 0.767578125 0.466796875 0.8134765640625 0.4794921859375 0.80859375 0.505859375 0.8349609359375 0.5078125 0.8193359359375 0.4921875 0.8017578140625 0.490234375 0.7822265640625 0.4794921859375 0.767578125
2 0.48828125 0.8876953140625 0.5029296859375 0.892578125 0.5087890640625 0.904296875 0.515625 0.9033203140625 0.51953125 0.8798828140625 0.5068359359375 0.853515625 0.490234375 0.8701171859375 0.48828125 0.8876953140625
2 0.501953125 0.9892578140625 0.5087890640625 0.998046875 0.5224609359375 0.994140625 0.5263671859375 1 0.541015625 0.9990234359375 0.544921875 0.9853515640625 0.5361328140625 0.966796875 0.501953125 0.9677734359375 0.501953125 0.9892578140625
2 0.640625 0.2373046859375 0.646484375 0.2177734359375 0.6416015640625 0.20703125 0.6279296859375 0.20703125 0.62109375 0.2158203140625 0.6328125 0.2392578140625 0.626953125 0.2744140640625 0.634765625 0.2802734359375 0.6474609359375 0.265625 0.66015625 0.2626953140625 0.65625 0.2431640640625 0.640625 0.2373046859375
2 0.5546875 0.0517578140625 0.572265625 0.0595703140625 0.580078125 0.032226564062500004 0.5673828140625 0.03125 0.5517578140625 0.013671875 0.5546875 0.0517578140625
2 0.6787109359375 0.337890625 0.6611328140625 0.333984375 0.65234375 0.3447265640625 0.650390625 0.3623046859375 0.6640625 0.3662109359375 0.6689453140625 0.357421875 0.6806640640625 0.357421875 0.685546875 0.3466796859375 0.6787109359375 0.337890625
2 0.66796875 0.4169921859375 0.6640625 0.4443359359375 0.673828125 0.4482421859375 0.6875 0.4365234359375 0.6875 0.4208984359375 0.6806640640625 0.416015625 0.66796875 0.4169921859375
2 0.701171875 0.5107421859375 0.697265625 0.5458984359375 0.703125 0.5478515640625 0.7158203140625 0.544921875 0.724609375 0.5322265640625 0.7177734359375 0.494140625 0.701171875 0.5107421859375
2 0.76171875 0.5791015640625 0.7548828140625 0.564453125 0.7275390640625 0.56640625 0.72265625 0.5810546859375 0.728515625 0.5947265640625 0.71484375 0.6044921859375 0.73828125 0.6240234359375 0.751953125 0.6455078140625 0.75390625 0.6220703140625 0.7421875 0.5986328140625 0.7568359359375 0.595703125 0.76171875 0.5791015640625
2 0.791015625 0.7763671859375 0.796875 0.7509765640625 0.7734375 0.7138671859375 0.77734375 0.6923828140625 0.7646484359375 0.681640625 0.771484375 0.7607421859375 0.7890625 0.7861328140625 0.79296875 0.8232421859375 0.7998046859375 0.833984375 0.80859375 0.8349609359375 0.81640625 0.8310546859375 0.81640625 0.8095703140625 0.806640625 0.7861328140625 0.791015625 0.7763671859375
2 1 0.06347656406249999 0.986328125 0.0556640640625 0.984375 0.038085935937499996 0.9794921859375 0.037109375 0.95703125 0.06347656406249999 0.958984375 0.09863281406249999 0.94921875 0.11816406406249999 0.9658203140625 0.126953125 0.9736328140625 0.119140625 0.990234375 0.1259765640625 0.98828125 0.09472656406249999 1 0.08886718593750001 1 0.06347656406249999