2 0.12109375 0.3603515640625 0.12890625 0.3486328140625 0.11816406406249999 0.341796875 0.111328125 0.3583984359375 0.12109375 0.3603515640625
2 0.14453125 0.4208984359375 0.15234375 0.4208984359375 0.16015625 0.3955078140625 0.1474609359375 0.3828125 0.140625 0.4013671859375 0.14453125 0.4208984359375
2 0.234375 0.6474609359375 0.248046875 0.6552734359375 0.25390625 0.6220703140625 0.2431640640625 0.615234375 0.234375 0.6240234359375 0.234375 0.6474609359375
2 0.181640625 0.4990234359375 0.18359375 0.5146484359375 0.19140625 0.5146484359375 0.203125 0.5068359359375 0.1943359359375 0.45703125 0.185546875 0.4677734359375 0.181640625 0.4990234359375
2 0.123046875 0.2060546859375 0.12109375 0.2548828140625 0.12890625 0.2607421859375 0.14453125 0.2451171859375 0.146484375 0.2314453140625 0.1279296859375 0.201171875 0.123046875 0.2060546859375
2 0.087890625 0.1884765640625 0.076171875 0.2353515640625 0.107421875 0.2392578140625 0.109375 0.2001953140625 0.10546875 0.1884765640625 0.09472656406249999 0.181640625 0.087890625 0.1884765640625
2 0.0625 0.043945314062500004 0.0517578140625 0.037109375 0.0390625 0.0537109359375 0.0390625 0.07324218593750001 0.056640625 0.08105468593750001 0.06640625 0.10644531406249999 0.076171875 0.11425781406249999 0.08886718593750001 0.109375 0.091796875 0.09863281406249999 0.064453125 0.06347656406249999 0.0625 0.043945314062500004
2 0.3017578140625 0.71484375 0.2841796859375 0.724609375 0.275390625 0.7412109359375 0.294921875 0.7646484359375 0.30078125 0.7978515640625 0.31640625 0.8056640640625 0.3203125 0.7939453140625 0.302734375 0.7607421859375 0.314453125 0.7216796859375 0.3017578140625 0.71484375
2 0.37890625 0.10644531406249999 0.416015625 0.09667968593750001 0.3896484359375 0.0625 0.373046875 0.10058593593750001 0.37890625 0.10644531406249999
2 0.44921875 0.2451171859375 0.45703125 0.2646484359375 0.44921875 0.2841796859375 0.46484375 0.3017578140625 0.47265625 0.2919921859375 0.46875 0.2392578140625 0.4521484359375 0.236328125 0.44921875 0.2451171859375
2 0.4111328140625 0.1328125 0.404296875 0.1513671859375 0.4140625 0.1962890640625 0.421875 0.2041015640625 0.4296875 0.1943359359375 0.43359375 0.1611328140625 0.42578125 0.1435546859375 0.4111328140625 0.1328125
2 0.65234375 0.7978515640625 0.6396484359375 0.787109375 0.6220703140625 0.791015625 0.5947265640625 0.751953125 0.59375 0.7783203140625 0.6171875 0.8154296859375 0.61328125 0.8564453140625 0.6328125 0.8623046859375 0.64453125 0.8955078140625 0.654296875 0.8994140640625 0.658203125 0.8779296859375 0.642578125 0.8505859359375 0.642578125 0.8193359359375 0.65234375 0.7978515640625
0 0.787109375 0.4658203140625 0.783203125 0.4423828140625 0.7724609359375 0.43359375 0.767578125 0.4599609359375 0.751953125 0.4814453140625 0.7578125 0.4912109359375 0.75390625 0.5029296859375 0.7607421859375 0.505859375 0.7744140640625 0.494140625 0.7890625 0.5107421859375 0.791015625 0.4912109359375 0.8056640640625 0.490234375 0.80859375 0.4814453140625 0.787109375 0.4658203140625
2 0.703125 0.08886718593750001 0.6953125 0.10253906406249999 0.7001953140625 0.107421875 0.7119140640625 0.103515625 0.724609375 0.11230468593750001 0.7265625 0.10253906406249999 0.71484375 0.07910156406249999 0.7021484359375 0.07421875 0.703125 0.08886718593750001
2 0.7197265640625 0.134765625 0.705078125 0.1513671859375 0.703125 0.1630859359375 0.71875 0.1826171859375 0.740234375 0.2392578140625 0.751953125 0.2392578140625 0.7578125 0.2041015640625 0.734375 0.1943359359375 0.728515625 0.1396484359375 0.7197265640625 0.134765625
2 0.798828125 0.3662109359375 0.7880859359375 0.357421875 0.78125 0.4091796859375 0.796875 0.4345703140625 0.8046875 0.4365234359375 0.81640625 0.3916015640625 0.8115234359375 0.384765625 0.80078125 0.3935546859375 0.798828125 0.3662109359375
2 0.90625 0.8525390640625 0.900390625 0.8623046859375 0.912109375 0.8681640640625 0.935546875 0.8505859359375 0.9365234359375 0.83203125 0.904296875 0.8330078140625 0.90625 0.8525390640625