2 0.1552734359375 0.01171875 0.177734375 0.020507814062499997 0.185546875 0.0146484359375 0.1806640640625 0 0.1484375 0.0009765640625 0.1552734359375 0.01171875
2 0.185546875 0.043945314062500004 0.1826171859375 0.06640625 0.1669921859375 0.056640625 0.150390625 0.06347656406249999 0.1533203140625 0.072265625 0.173828125 0.08300781406249999 0.181640625 0.10644531406249999 0.19140625 0.10644531406249999 0.1953125 0.07714843593750001 0.20703125 0.0517578140625 0.2001953140625 0.037109375 0.185546875 0.043945314062500004
2 0.2177734359375 0.224609375 0.212890625 0.2392578140625 0.216796875 0.2607421859375 0.22265625 0.2626953140625 0.2255859359375 0.251953125 0.236328125 0.2509765640625 0.236328125 0.2412109359375 0.2177734359375 0.224609375
2 0.2841796859375 0.275390625 0.283203125 0.3017578140625 0.26953125 0.3310546859375 0.2841796859375 0.341796875 0.298828125 0.3408203140625 0.306640625 0.3310546859375 0.294921875 0.3095703140625 0.291015625 0.2802734359375 0.2841796859375 0.275390625
2 0.02734375 0.7802734359375 0.03515625 0.7822265640625 0.04296875 0.7705078140625 0.041992185937499996 0.728515625 0.015625 0.7431640640625 0.02734375 0.7802734359375
2 0.373046875 0.6787109359375 0.37109375 0.6923828140625 0.38671875 0.7099609359375 0.388671875 0.7451171859375 0.400390625 0.7529296859375 0.40625 0.7138671859375 0.400390625 0.6806640640625 0.3876953140625 0.669921875 0.373046875 0.6787109359375
2 0.4365234359375 0.83984375 0.43359375 0.8681640640625 0.4384765640625 0.876953125 0.4453125 0.8759765640625 0.4638671859375 0.873046875 0.46875 0.8642578140625 0.4541015640625 0.84375 0.4365234359375 0.83984375
2 0.79296875 0.9384765640625 0.818359375 0.9228515640625 0.8056640640625 0.89453125 0.783203125 0.9189453140625 0.79296875 0.9384765640625
2 0.771484375 0.8017578140625 0.7734375 0.7783203140625 0.7509765640625 0.755859375 0.748046875 0.7724609359375 0.771484375 0.8017578140625
2 0.724609375 0.6845703140625 0.734375 0.6669921859375 0.7197265640625 0.650390625 0.712890625 0.6748046859375 0.724609375 0.6845703140625
2 0.6484375 0.4111328140625 0.65234375 0.3974609359375 0.6337890640625 0.37890625 0.626953125 0.4072265640625 0.6484375 0.4111328140625
2 0.6181640640625 0.28125 0.6025390640625 0.2890625 0.5908203140625 0.279296875 0.5859375 0.2900390640625 0.595703125 0.3076171859375 0.58984375 0.3193359359375 0.60546875 0.3349609359375 0.62109375 0.3232421859375 0.61328125 0.3056640640625 0.62890625 0.2958984359375 0.6181640640625 0.28125
2 0.548828125 0.1455078140625 0.560546875 0.1513671859375 0.568359375 0.10644531406249999 0.5634765640625 0.08984375 0.544921875 0.1318359359375 0.548828125 0.1455078140625
2 0.9287109359375 0.30078125 0.9228515640625 0.28515625 0.9072265640625 0.2890625 0.90234375 0.2998046859375 0.90234375 0.3310546859375 0.912109375 0.3349609359375 0.9267578140625 0.32421875 0.951171875 0.3212890640625 0.947265625 0.3076171859375 0.9287109359375 0.30078125
2 0.94921875 0.4423828140625 0.9560546859375 0.44921875 0.966796875 0.4482421859375 0.974609375 0.4326171859375 0.9619140640625 0.421875 0.951171875 0.4306640640625 0.94921875 0.4423828140625
2 1 0.5185546859375 0.994140625 0.4931640640625 0.9833984359375 0.490234375 0.970703125 0.5244140640625 0.984375 0.5400390640625 0.978515625 0.5478515640625 0.978515625 0.5732421859375 0.98828125 0.5830078140625 1 0.5751953140625 1 0.5185546859375
2 0.4765625 0.9306640640625 0.4765625 0.9443359359375 0.484375 0.9462890640625 0.494140625 0.9228515640625 0.4892578140625 0.91015625 0.48046875 0.9150390640625 0.4765625 0.9306640640625