2 0.0576171859375 0.296875 0.029296875 0.3271484359375 0.040039064062500004 0.345703125 0.0576171859375 0.34375 0.060546875 0.3662109359375 0.076171875 0.3740234359375 0.095703125 0.3623046859375 0.099609375 0.3388671859375 0.080078125 0.3076171859375 0.0576171859375 0.296875
2 0.26953125 0.8154296859375 0.275390625 0.8330078140625 0.287109375 0.8388671859375 0.296875 0.8310546859375 0.296875 0.8154296859375 0.2744140640625 0.8046875 0.26953125 0.8154296859375
2 0.2734375 0.9013671859375 0.28515625 0.9052734359375 0.306640625 0.8857421859375 0.2939453140625 0.8671875 0.2734375 0.8837890640625 0.2734375 0.9013671859375
2 0.2041015640625 0.62890625 0.197265625 0.6572265640625 0.201171875 0.6904296859375 0.189453125 0.6982421859375 0.19140625 0.7158203140625 0.1982421859375 0.72265625 0.216796875 0.7197265640625 0.236328125 0.7802734359375 0.251953125 0.7802734359375 0.263671875 0.7470703140625 0.244140625 0.7255859359375 0.23828125 0.6669921859375 0.2041015640625 0.62890625
2 0.326171875 0.9775390640625 0.330078125 0.9990234359375 0.359375 0.9990234359375 0.34765625 0.9833984359375 0.34765625 0.9580078140625 0.3408203140625 0.955078125 0.326171875 0.9775390640625
2 0.62109375 0.9990234359375 0.638671875 0.9990234359375 0.65234375 0.9912109359375 0.65234375 0.9814453140625 0.6396484359375 0.97265625 0.62109375 0.9990234359375
2 0.599609375 0.8603515640625 0.607421875 0.8447265640625 0.5810546859375 0.830078125 0.578125 0.8583984359375 0.599609375 0.8603515640625
2 0.55078125 0.7802734359375 0.55078125 0.7919921859375 0.568359375 0.7978515640625 0.583984375 0.7705078140625 0.5791015640625 0.76171875 0.5673828140625 0.763671875 0.55078125 0.7802734359375
2 0.47265625 0.4873046859375 0.474609375 0.5009765640625 0.46484375 0.5224609359375 0.466796875 0.5322265640625 0.4765625 0.5341796859375 0.490234375 0.5185546859375 0.48828125 0.4892578140625 0.4814453140625 0.482421875 0.47265625 0.4873046859375
2 0.455078125 0.5712890640625 0.462890625 0.5849609359375 0.4609375 0.6044921859375 0.46484375 0.6162109359375 0.47265625 0.6162109359375 0.486328125 0.6064453140625 0.490234375 0.5810546859375 0.4599609359375 0.560546875 0.455078125 0.5712890640625
2 0.443359375 0.3525390640625 0.4306640640625 0.34375 0.4072265640625 0.3515625 0.3984375 0.3623046859375 0.408203125 0.3818359359375 0.408203125 0.3994140640625 0.4140625 0.3994140640625 0.4267578140625 0.37109375 0.4482421859375 0.375 0.451171875 0.3701171859375 0.443359375 0.3525390640625
2 0.4111328140625 0.26171875 0.3974609359375 0.28125 0.3837890640625 0.251953125 0.365234375 0.2783203140625 0.36328125 0.3115234359375 0.3857421859375 0.3125 0.3955078140625 0.291015625 0.41015625 0.3291015640625 0.419921875 0.3330078140625 0.435546875 0.2861328140625 0.4267578140625 0.275390625 0.4130859359375 0.271484375 0.4111328140625 0.26171875
2 0.3564453140625 0.146484375 0.3466796859375 0.14453125 0.337890625 0.1591796859375 0.34765625 0.1845703140625 0.353515625 0.1845703140625 0.373046875 0.1806640640625 0.375 0.1533203140625 0.3662109359375 0.138671875 0.3564453140625 0.146484375
2 0.3212890640625 0.03515625 0.31640625 0.08300781406249999 0.333984375 0.09472656406249999 0.34375 0.07910156406249999 0.3359375 0.0576171859375 0.33984375 0.047851564062500004 0.3212890640625 0.03515625
2 0.59765625 0.9208984359375 0.60546875 0.9111328140625 0.6005859359375 0.89453125 0.591796875 0.9013671859375 0.59765625 0.9208984359375
2 0.66015625 0.0517578140625 0.67578125 0.06347656406249999 0.69140625 0.047851564062500004 0.6826171859375 0.029296875 0.658203125 0.041992185937499996 0.66015625 0.0517578140625
2 0.9013671859375 0.9140625 0.904296875 0.9482421859375 0.916015625 0.9580078140625 0.91796875 0.9775390640625 0.9296875 0.9931640640625 0.935546875 0.9677734359375 0.923828125 0.9541015640625 0.912109375 0.9208984359375 0.9013671859375 0.9140625
2 0.9150390640625 0.859375 0.9072265640625 0.86328125 0.8955078140625 0.84765625 0.892578125 0.8583984359375 0.908203125 0.8779296859375 0.9140625 0.9150390640625 0.9248046859375 0.931640625 0.935546875 0.9306640640625 0.943359375 0.9248046859375 0.9453125 0.8955078140625 0.9248046859375 0.865234375 0.9150390640625 0.859375
2 0.1171875 0.4970703140625 0.1328125 0.5126953140625 0.142578125 0.4990234359375 0.1357421859375 0.482421875 0.12402343593750001 0.486328125 0.1171875 0.4970703140625