2 0.072265625 0.6650390640625 0.07421875 0.6787109359375 0.08984375 0.6826171859375 0.103515625 0.6591796859375 0.10058593593750001 0.634765625 0.08984375 0.6376953140625 0.072265625 0.6650390640625
2 0.03515625 0.4833984359375 0.036132814062500004 0.478515625 0.043945314062500004 0.482421875 0.0546875 0.4755859359375 0.048828125 0.4501953140625 0.041992185937499996 0.4453125 0.03515625 0.4501953140625 0.03515625 0.4755859359375 0.022460935937500003 0.474609375 0.015625 0.4912109359375 0.001953125 0.4970703140625 0.001953125 0.5380859359375 0.01171875 0.5478515640625 0.01171875 0.5634765640625 0.037109375 0.5654296859375 0.060546875 0.5439453140625 0.048828125 0.5224609359375 0.046875 0.4912109359375 0.03515625 0.4833984359375
2 0.232421875 0.8896484359375 0.2255859359375 0.87109375 0.2158203140625 0.873046875 0.19140625 0.9052734359375 0.20703125 0.9326171859375 0.20703125 0.9677734359375 0.212890625 0.9697265640625 0.224609375 0.9521484359375 0.2265625 0.9169921859375 0.21484375 0.9052734359375 0.232421875 0.8896484359375
2 0.41796875 0.4580078140625 0.404296875 0.4677734359375 0.404296875 0.4794921859375 0.42578125 0.4833984359375 0.443359375 0.4716796859375 0.4453125 0.4482421859375 0.4228515640625 0.43359375 0.41796875 0.4580078140625
2 0.5625 0.7158203140625 0.5517578140625 0.703125 0.517578125 0.7353515640625 0.517578125 0.7451171859375 0.556640625 0.7841796859375 0.56640625 0.7744140640625 0.56640625 0.7626953140625 0.55859375 0.7451171859375 0.5625 0.7158203140625
2 0.3330078140625 0.126953125 0.330078125 0.1533203140625 0.345703125 0.1611328140625 0.353515625 0.1533203140625 0.35546875 0.1357421859375 0.3486328140625 0.126953125 0.3330078140625 0.126953125
2 0.73046875 0.11621093593750001 0.7197265640625 0.10546875 0.6953125 0.1279296859375 0.693359375 0.1376953140625 0.6982421859375 0.150390625 0.712890625 0.1513671859375 0.72265625 0.1943359359375 0.728515625 0.1943359359375 0.736328125 0.1845703140625 0.740234375 0.1591796859375 0.732421875 0.1455078140625 0.73046875 0.11621093593750001
2 0.8427734359375 0.328125 0.826171875 0.3251953140625 0.8193359359375 0.302734375 0.80078125 0.3349609359375 0.802734375 0.3779296859375 0.80859375 0.3818359359375 0.8125 0.3701171859375 0.8310546859375 0.361328125 0.845703125 0.3408203140625 0.8427734359375 0.328125
2 0.8740234359375 0.517578125 0.8623046859375 0.51953125 0.849609375 0.5380859359375 0.86328125 0.5732421859375 0.873046875 0.5634765640625 0.869140625 0.5517578140625 0.890625 0.5361328140625 0.8740234359375 0.517578125
2 0.919921875 0.7216796859375 0.927734375 0.7314453140625 0.927734375 0.7744140640625 0.939453125 0.7783203140625 0.947265625 0.7412109359375 0.962890625 0.7138671859375 0.9580078140625 0.685546875 0.919921875 0.7216796859375
2 0.99609375 0.8193359359375 0.9990234359375 0.791015625 0.96875 0.7998046859375 0.9716796859375 0.81640625 0.99609375 0.8193359359375
2 0.5546875 0.8837890640625 0.568359375 0.8955078140625 0.57421875 0.8896484359375 0.576171875 0.8583984359375 0.5556640640625 0.837890625 0.5546875 0.8837890640625
2 0.7421875 0.2724609359375 0.755859375 0.2783203140625 0.759765625 0.2685546859375 0.7470703140625 0.24609375 0.740234375 0.2587890640625 0.7421875 0.2724609359375
2 0.2763671859375 0 0.27734375 0.0283203140625 0.29296875 0.032226564062500004 0.298828125 0.008789064062500001 0.2919921859375 0 0.2763671859375 0