2 0.83984375 0.9287109359375 0.849609375 0.9326171859375 0.853515625 0.8896484359375 0.8408203140625 0.884765625 0.8359375 0.8916015640625 0.83984375 0.9287109359375
2 0.677734375 0.3173828140625 0.685546875 0.3193359359375 0.689453125 0.2685546859375 0.6806640640625 0.265625 0.669921875 0.2978515640625 0.677734375 0.3173828140625
2 0.7275390640625 0.517578125 0.71875 0.5322265640625 0.71875 0.5673828140625 0.734375 0.5791015640625 0.736328125 0.5634765640625 0.748046875 0.5498046859375 0.7421875 0.5322265640625 0.7275390640625 0.517578125
2 0.7099609359375 0.44140625 0.697265625 0.4541015640625 0.693359375 0.4775390640625 0.6953125 0.4990234359375 0.70703125 0.5029296859375 0.716796875 0.4951171859375 0.71875 0.4833984359375 0.71875 0.4541015640625 0.7099609359375 0.44140625
2 0.81640625 0.8291015640625 0.828125 0.8349609359375 0.8408203140625 0.857421875 0.85546875 0.8583984359375 0.853515625 0.8310546859375 0.8271484359375 0.802734375 0.8173828140625 0.802734375 0.81640625 0.8291015640625
2 0.7822265640625 0.619140625 0.7568359359375 0.625 0.75390625 0.6201171859375 0.763671875 0.6103515640625 0.7490234359375 0.607421875 0.7470703140625 0.6015625 0.7451171859375 0.609375 0.7353515640625 0.609375 0.73828125 0.5947265640625 0.7314453140625 0.5859375 0.732421875 0.6123046859375 0.75 0.6162109359375 0.7490234359375 0.625 0.736328125 0.6279296859375 0.75390625 0.6435546859375 0.759765625 0.6865234359375 0.779296875 0.7197265640625 0.783203125 0.7568359359375 0.7880859359375 0.765625 0.80078125 0.7685546859375 0.80859375 0.7568359359375 0.79296875 0.7099609359375 0.791015625 0.6279296859375 0.7822265640625 0.619140625
2 0.9677734359375 0.3671875 0.9609375 0.3759765640625 0.970703125 0.3818359359375 0.9677734359375 0.3671875
2 0.9453125 0.3486328140625 0.9677734359375 0.365234375 0.994140625 0.3642578140625 0.998046875 0.3505859359375 0.9892578140625 0.341796875 0.943359375 0.3388671859375 0.9453125 0.3486328140625
2 0.88671875 0.10253906406249999 0.896484375 0.07714843593750001 0.8818359359375 0.068359375 0.87890625 0.09863281406249999 0.88671875 0.10253906406249999
2 0.27734375 0.06738281406249999 0.2802734359375 0.080078125 0.287109375 0.07910156406249999 0.29296875 0.040039064062500004 0.2607421859375 0.041015625 0.259765625 0.0537109359375 0.27734375 0.06738281406249999
2 0.0859375 0.5537109359375 0.08886718593750001 0.5625 0.099609375 0.5615234359375 0.11328125 0.5556640640625 0.10449218593750001 0.533203125 0.09765625 0.5341796859375 0.0859375 0.5537109359375
2 0.1572265640625 0.689453125 0.134765625 0.7021484359375 0.14453125 0.7607421859375 0.154296875 0.7763671859375 0.16796875 0.7353515640625 0.1669921859375 0.728515625 0.15234375 0.7255859359375 0.1572265640625 0.689453125
2 0.41796875 0.5185546859375 0.41796875 0.5283203140625 0.42578125 0.5341796859375 0.439453125 0.5224609359375 0.4287109359375 0.494140625 0.421875 0.4951171859375 0.41796875 0.5185546859375
2 0.54296875 0.9599609359375 0.552734375 0.9345703140625 0.5341796859375 0.919921875 0.53125 0.9384765640625 0.54296875 0.9599609359375