2 0.296875 0.8115234359375 0.298828125 0.7919921859375 0.2900390640625 0.78515625 0.283203125 0.8076171859375 0.296875 0.8115234359375
2 0.024414064062499997 0.8671875 0.03125 0.8662109359375 0.033203125 0.8427734359375 0.022460935937500003 0.8359375 0.01953125 0.8583984359375 0.024414064062499997 0.8671875
2 0.048828125 0.9990234359375 0.0703125 0.9990234359375 0.07421875 0.9697265640625 0.0595703140625 0.962890625 0.046875 0.9755859359375 0.048828125 0.9990234359375
2 0 0.9912109359375 0.013671875 0.9931640640625 0.0263671859375 0.990234375 0.044921875 0.9716796859375 0.0302734359375 0.962890625 0.0068359359375 0.966796875 0 0.9736328140625 0 0.9912109359375
2 0.1923828140625 0.60546875 0.185546875 0.6103515640625 0.185546875 0.6240234359375 0.193359375 0.6513671859375 0.201171875 0.6533203140625 0.220703125 0.6435546859375 0.22265625 0.6298828140625 0.2021484359375 0.60546875 0.1923828140625 0.60546875
2 0.034179685937499996 0.1640625 0.022460935937500003 0.15625 0.013671875 0.1845703140625 0.0302734359375 0.19140625 0.037109375 0.2099609359375 0.044921875 0.2119140640625 0.0625 0.1962890640625 0.05859375 0.1650390640625 0.0537109359375 0.16015625 0.034179685937499996 0.1640625
2 0.09863281406249999 0.314453125 0.08886718593750001 0.330078125 0.07421875 0.3349609359375 0.06640625 0.3720703140625 0.07128906406249999 0.384765625 0.091796875 0.3916015640625 0.09765625 0.3486328140625 0.107421875 0.3408203140625 0.107421875 0.3271484359375 0.09863281406249999 0.314453125
2 0.2470703140625 0.6875 0.234375 0.7080078140625 0.248046875 0.7314453140625 0.244140625 0.7763671859375 0.267578125 0.7822265640625 0.2734375 0.7744140640625 0.267578125 0.7275390640625 0.255859375 0.7138671859375 0.2470703140625 0.6875
2 0.044921875 0.2314453140625 0.046875 0.2548828140625 0.03515625 0.2802734359375 0.043945314062500004 0.2890625 0.0537109359375 0.283203125 0.06542968593750001 0.296875 0.078125 0.2978515640625 0.07421875 0.2509765640625 0.0625 0.2314453140625 0.049804685937499996 0.2265625 0.044921875 0.2314453140625
2 0.330078125 0.9482421859375 0.33203125 0.9716796859375 0.31640625 0.9970703140625 0.349609375 0.9990234359375 0.369140625 0.9697265640625 0.3671875 0.9541015640625 0.3505859359375 0.935546875 0.330078125 0.9482421859375
2 0.3037109359375 0.830078125 0.28125 0.8388671859375 0.28125 0.8544921859375 0.29296875 0.8720703140625 0.291015625 0.8994140640625 0.2958984359375 0.90625 0.306640625 0.9052734359375 0.32421875 0.8935546859375 0.326171875 0.8818359359375 0.3125 0.8349609359375 0.3037109359375 0.830078125
2 0.171875 0.4931640640625 0.1552734359375 0.48046875 0.125 0.4951171859375 0.125 0.5419921859375 0.11230468593750001 0.544921875 0.109375 0.5517578140625 0.12011718593750001 0.572265625 0.1376953140625 0.572265625 0.154296875 0.5849609359375 0.162109375 0.5771484359375 0.166015625 0.5322265640625 0.173828125 0.5146484359375 0.171875 0.4931640640625
2 0.5322265640625 0.4921875 0.5205078140625 0.4921875 0.5146484359375 0.484375 0.49609375 0.4931640640625 0.498046875 0.5322265640625 0.51171875 0.5458984359375 0.517578125 0.5205078140625 0.5283203140625 0.517578125 0.53515625 0.5029296859375 0.5322265640625 0.4921875
2 0.5400390640625 0.560546875 0.515625 0.5654296859375 0.5234375 0.6083984359375 0.51953125 0.6318359359375 0.529296875 0.6337890640625 0.544921875 0.6279296859375 0.533203125 0.5986328140625 0.546875 0.5791015640625 0.5400390640625 0.560546875
2 0.6474609359375 0.904296875 0.626953125 0.9287109359375 0.62109375 0.9619140640625 0.62890625 0.9658203140625 0.6416015640625 0.96484375 0.6640625 0.9443359359375 0.662109375 0.9228515640625 0.6474609359375 0.904296875
2 0.5595703140625 0.63671875 0.53515625 0.7060546859375 0.5390625 0.7294921859375 0.552734375 0.7373046859375 0.5859375 0.6943359359375 0.560546875 0.6689453140625 0.564453125 0.6416015640625 0.5595703140625 0.63671875
2 0.4658203140625 0.443359375 0.4501953140625 0.4375 0.443359375 0.4560546859375 0.443359375 0.4716796859375 0.466796875 0.4814453140625 0.46484375 0.5087890640625 0.47265625 0.5107421859375 0.501953125 0.4736328140625 0.501953125 0.4638671859375 0.4814453140625 0.43359375 0.4658203140625 0.443359375
2 0.60546875 0.8134765640625 0.607421875 0.7958984359375 0.59375 0.7822265640625 0.59375 0.7431640640625 0.5849609359375 0.734375 0.580078125 0.7529296859375 0.587890625 0.8447265640625 0.60546875 0.8837890640625 0.6328125 0.8916015640625 0.642578125 0.8544921859375 0.6376953140625 0.845703125 0.615234375 0.8408203140625 0.60546875 0.8134765640625
2 0.4423828140625 0.279296875 0.435546875 0.2958984359375 0.412109375 0.3095703140625 0.41015625 0.3232421859375 0.419921875 0.3330078140625 0.421875 0.3544921859375 0.43359375 0.3642578140625 0.43359375 0.3955078140625 0.4521484359375 0.38671875 0.46875 0.3955078140625 0.482421875 0.3681640640625 0.466796875 0.3505859359375 0.45703125 0.2919921859375 0.4423828140625 0.279296875
2 0.43359375 0.10058593593750001 0.41796875 0.09277343593750001 0.4111328140625 0.060546875 0.40234375 0.06542968593750001 0.3974609359375 0.080078125 0.37890625 0.08691406406249999 0.380859375 0.10644531406249999 0.3984375 0.12207031406249999 0.396484375 0.1357421859375 0.3896484359375 0.138671875 0.3564453140625 0.095703125 0.3515625 0.10058593593750001 0.3515625 0.1318359359375 0.34375 0.1455078140625 0.353515625 0.1923828140625 0.3798828140625 0.185546875 0.388671875 0.2041015640625 0.396484375 0.2060546859375 0.416015625 0.1708984359375 0.419921875 0.1298828140625 0.4375 0.12207031406249999 0.43359375 0.10058593593750001
2 0.744140625 0.2431640640625 0.7578125 0.2490234359375 0.76953125 0.2412109359375 0.76953125 0.2333984359375 0.7451171859375 0.21875 0.744140625 0.2431640640625
2 0.80078125 0.4091796859375 0.796875 0.4384765640625 0.802734375 0.4423828140625 0.810546875 0.4267578140625 0.830078125 0.4111328140625 0.8310546859375 0.3984375 0.80078125 0.4091796859375
2 0.73828125 0.11230468593750001 0.7236328140625 0.09765625 0.71875 0.1337890640625 0.744140625 0.1728515640625 0.763671875 0.1826171859375 0.771484375 0.1396484359375 0.7587890640625 0.12109375 0.7412109359375 0.12890625 0.73828125 0.11230468593750001
2 0.8994140640625 0.75 0.900390625 0.7802734359375 0.908203125 0.7822265640625 0.923828125 0.7705078140625 0.92578125 0.7607421859375 0.9130859359375 0.75 0.8994140640625 0.75
2 0.94140625 0.8935546859375 0.94140625 0.8701171859375 0.9287109359375 0.861328125 0.92578125 0.8798828140625 0.94140625 0.8935546859375
2 0.9306640640625 0.923828125 0.92578125 0.9345703140625 0.923828125 0.9501953140625 0.931640625 0.9560546859375 0.947265625 0.9443359359375 0.947265625 0.9306640640625 0.9384765640625 0.923828125 0.9306640640625 0.923828125