2 0.1669921859375 0.291015625 0.17578125 0.2919921859375 0.189453125 0.2744140640625 0.1767578140625 0.248046875 0.162109375 0.2822265640625 0.1669921859375 0.291015625
2 0.185546875 0.3486328140625 0.177734375 0.3720703140625 0.1826171859375 0.37890625 0.203125 0.3818359359375 0.20703125 0.3447265640625 0.1845703140625 0.322265625 0.1796875 0.3349609359375 0.185546875 0.3486328140625
2 0.11035156406249999 0.125 0.107421875 0.1787109359375 0.11230468593750001 0.185546875 0.125 0.1845703140625 0.13671875 0.1728515640625 0.138671875 0.1611328140625 0.119140625 0.1259765640625 0.11035156406249999 0.125
2 0.11328125 0.0009765640625 0.10058593593750001 0 0.099609375 0.022460935937500003 0.08300781406249999 0.01953125 0.080078125 0.034179685937499996 0.10058593593750001 0.0703125 0.125 0.07128906406249999 0.130859375 0.06347656406249999 0.126953125 0.034179685937499996 0.115234375 0.020507814062499997 0.11328125 0.0009765640625
2 0.25390625 0.4580078140625 0.2373046859375 0.427734375 0.2177734359375 0.431640625 0.208984375 0.4501953140625 0.197265625 0.4541015640625 0.19140625 0.4990234359375 0.201171875 0.5068359359375 0.2236328140625 0.490234375 0.2333984359375 0.4921875 0.232421875 0.4736328140625 0.25390625 0.4580078140625
2 0.091796875 0.7978515640625 0.087890625 0.8193359359375 0.09472656406249999 0.822265625 0.10644531406249999 0.810546875 0.123046875 0.8251953140625 0.125 0.7998046859375 0.12109375 0.7802734359375 0.11425781406249999 0.775390625 0.091796875 0.7978515640625
2 0.1669921859375 0.916015625 0.162109375 0.9248046859375 0.166015625 0.9443359359375 0.193359375 0.9638671859375 0.1962890640625 0.9765625 0.20703125 0.9775390640625 0.20703125 0.9482421859375 0.19140625 0.9384765640625 0.1826171859375 0.916015625 0.1669921859375 0.916015625
2 0.31640625 0.5341796859375 0.318359375 0.5205078140625 0.3095703140625 0.505859375 0.296875 0.5205078140625 0.31640625 0.5341796859375
2 0.322265625 0.6552734359375 0.30078125 0.6728515640625 0.3056640640625 0.689453125 0.330078125 0.6923828140625 0.34375 0.6845703140625 0.3330078140625 0.634765625 0.322265625 0.6396484359375 0.322265625 0.6552734359375
2 0.3720703140625 0.716796875 0.34765625 0.7626953140625 0.35546875 0.7861328140625 0.349609375 0.7978515640625 0.375 0.8095703140625 0.390625 0.7958984359375 0.39453125 0.7744140640625 0.390625 0.7314453140625 0.3720703140625 0.716796875
2 0.4462890640625 0.947265625 0.427734375 0.9716796859375 0.431640625 0.9892578140625 0.4404296859375 1 0.48046875 0.9990234359375 0.46875 0.9736328140625 0.470703125 0.9541015640625 0.4638671859375 0.947265625 0.4462890640625 0.947265625
2 0.46875 0.1845703140625 0.48828125 0.1904296859375 0.49609375 0.1845703140625 0.49609375 0.1728515640625 0.4716796859375 0.16796875 0.46875 0.1845703140625
2 0.52734375 0.2685546859375 0.5185546859375 0.26953125 0.517578125 0.2763671859375 0.52734375 0.2978515640625 0.54296875 0.3076171859375 0.552734375 0.2724609359375 0.546875 0.2529296859375 0.5341796859375 0.248046875 0.52734375 0.2685546859375
2 0.4072265640625 0 0.40625 0.0146484359375 0.4248046859375 0.015625 0.431640625 0.0263671859375 0.4296875 0.06933593593750001 0.44921875 0.07324218593750001 0.44921875 0.0068359359375 0.4384765640625 0 0.4072265640625 0
2 0.5703125 0.3310546859375 0.5517578140625 0.326171875 0.5419921859375 0.310546875 0.5341796859375 0.310546875 0.52734375 0.3154296859375 0.525390625 0.3408203140625 0.53125 0.3544921859375 0.5234375 0.3642578140625 0.521484375 0.3837890640625 0.54296875 0.3916015640625 0.5546875 0.3876953140625 0.546875 0.3583984359375 0.55859375 0.3525390640625 0.5703125 0.3310546859375
2 0.66796875 0.7119140640625 0.658203125 0.7392578140625 0.658203125 0.7470703140625 0.66796875 0.7490234359375 0.697265625 0.7333984359375 0.703125 0.7236328140625 0.6982421859375 0.70703125 0.66796875 0.7119140640625
2 0.681640625 0.8583984359375 0.6923828140625 0.869140625 0.712890625 0.8720703140625 0.724609375 0.8271484359375 0.7158203140625 0.818359375 0.6943359359375 0.81640625 0.681640625 0.8583984359375
2 0.744140625 0.9072265640625 0.7255859359375 0.8984375 0.7080078140625 0.904296875 0.7041015640625 0.892578125 0.693359375 0.9404296859375 0.7109375 0.9794921859375 0.705078125 0.9990234359375 0.7421875 0.9990234359375 0.728515625 0.9716796859375 0.728515625 0.9423828140625 0.74609375 0.9150390640625 0.744140625 0.9072265640625
2 0.671875 0.6455078140625 0.673828125 0.6123046859375 0.6494140640625 0.60546875 0.6376953140625 0.609375 0.6279296859375 0.6015625 0.607421875 0.6220703140625 0.6015625 0.6552734359375 0.6123046859375 0.673828125 0.630859375 0.6748046859375 0.6279296859375 0.705078125 0.654296875 0.7041015640625 0.658203125 0.6845703140625 0.650390625 0.6748046859375 0.65625 0.6572265640625 0.671875 0.6455078140625
2 1 0.7822265640625 0.9892578140625 0.78125 0.982421875 0.7978515640625 1 0.8408203140625 1 0.7822265640625
2 0.923828125 0.5068359359375 0.9189453140625 0.50390625 0.8984375 0.5224609359375 0.896484375 0.5341796859375 0.923828125 0.5849609359375 0.9375 0.5927734359375 0.9453125 0.5654296859375 0.92578125 0.5498046859375 0.91796875 0.5244140640625 0.923828125 0.5068359359375
2 0.9697265640625 0.642578125 0.9521484359375 0.640625 0.939453125 0.6494140640625 0.953125 0.6845703140625 0.94140625 0.7177734359375 0.951171875 0.7490234359375 0.96875 0.7705078140625 0.97265625 0.7333984359375 0.96484375 0.7060546859375 0.978515625 0.6552734359375 0.9697265640625 0.642578125
2 0.8515625 0.07324218593750001 0.8427734359375 0.076171875 0.826171875 0.0615234359375 0.830078125 0.032226564062500004 0.8095703140625 0.01953125 0.794921875 0.032226564062500004 0.79296875 0.047851564062500004 0.8125 0.09472656406249999 0.828125 0.09667968593750001 0.83203125 0.11230468593750001 0.826171875 0.1376953140625 0.83203125 0.1416015640625 0.8408203140625 0.125 0.859375 0.11621093593750001 0.859375 0.09863281406249999 0.8515625 0.07324218593750001
2 0.9365234359375 0.416015625 0.9228515640625 0.41796875 0.9091796859375 0.40625 0.8974609359375 0.384765625 0.8720703140625 0.3828125 0.86328125 0.3896484359375 0.875 0.4248046859375 0.869140625 0.4580078140625 0.892578125 0.4833984359375 0.896484375 0.4970703140625 0.904296875 0.4990234359375 0.908203125 0.4697265640625 0.93359375 0.4599609359375 0.94140625 0.4248046859375 0.9365234359375 0.416015625
2 0.869140625 0.2041015640625 0.8388671859375 0.177734375 0.818359375 0.2392578140625 0.8271484359375 0.25 0.8408203140625 0.251953125 0.849609375 0.2685546859375 0.84375 0.3037109359375 0.8603515640625 0.306640625 0.87109375 0.3291015640625 0.87890625 0.3291015640625 0.900390625 0.3134765640625 0.892578125 0.2783203140625 0.873046875 0.2490234359375 0.869140625 0.2041015640625