2 0.080078125 0.6435546859375 0.068359375 0.6669921859375 0.072265625 0.6787109359375 0.083984375 0.6826171859375 0.1015625 0.6611328140625 0.103515625 0.6376953140625 0.09863281406249999 0.6328125 0.080078125 0.6435546859375
2 0.044921875 0.4951171859375 0.020507814062499997 0.4765625 0.0126953140625 0.48828125 0.001953125 0.4912109359375 0 0.5361328140625 0.01171875 0.5458984359375 0.0146484359375 0.56640625 0.03515625 0.5654296859375 0.05859375 0.5498046859375 0.0625 0.5361328140625 0.046875 0.5224609359375 0.044921875 0.4951171859375
2 0.2216796859375 0.87109375 0.212890625 0.8740234359375 0.189453125 0.9111328140625 0.20703125 0.9326171859375 0.20703125 0.9677734359375 0.21484375 0.9677734359375 0.224609375 0.9521484359375 0.232421875 0.9033203140625 0.232421875 0.8798828140625 0.2216796859375 0.87109375
2 0.568359375 0.8935546859375 0.578125 0.8583984359375 0.5556640640625 0.837890625 0.5546875 0.8837890640625 0.568359375 0.8935546859375
2 0.5478515640625 0.703125 0.533203125 0.7255859359375 0.517578125 0.7333984359375 0.517578125 0.7451171859375 0.5224609359375 0.755859375 0.5390625 0.7646484359375 0.548828125 0.7861328140625 0.556640625 0.7880859359375 0.56640625 0.7783203140625 0.55859375 0.7451171859375 0.5625 0.7197265640625 0.5478515640625 0.703125
2 0.427734375 0.4267578140625 0.4267578140625 0.408203125 0.419921875 0.4111328140625 0.416015625 0.4580078140625 0.404296875 0.4677734359375 0.4072265640625 0.484375 0.423828125 0.4853515640625 0.439453125 0.4736328140625 0.4453125 0.4560546859375 0.443359375 0.4423828140625 0.427734375 0.4267578140625
2 0.330078125 0.1533203140625 0.34375 0.1650390640625 0.353515625 0.1474609359375 0.353515625 0.1318359359375 0.3349609359375 0.125 0.330078125 0.1533203140625
2 0.734375 0.1494140640625 0.732421875 0.11621093593750001 0.7177734359375 0.10546875 0.7060546859375 0.119140625 0.693359375 0.12207031406249999 0.69140625 0.1357421859375 0.6982421859375 0.1484375 0.71484375 0.1494140640625 0.724609375 0.2177734359375 0.732421875 0.2255859359375 0.740234375 0.2138671859375 0.734375 0.1884765640625 0.7421875 0.1611328140625 0.734375 0.1494140640625
2 0.80078125 0.3564453140625 0.8125 0.3623046859375 0.8359375 0.3466796859375 0.8193359359375 0.30078125 0.80078125 0.3369140640625 0.80078125 0.3564453140625
2 0.814453125 0.4189453140625 0.8251953140625 0.435546875 0.83203125 0.4345703140625 0.841796875 0.4267578140625 0.841796875 0.4150390640625 0.8330078140625 0.41015625 0.814453125 0.4189453140625
2 0.875 0.5478515640625 0.890625 0.5322265640625 0.8681640640625 0.51953125 0.865234375 0.5361328140625 0.875 0.5478515640625
2 0.857421875 0.5712890640625 0.86328125 0.5732421859375 0.869140625 0.5576171859375 0.86328125 0.5419921859375 0.8544921859375 0.537109375 0.857421875 0.5712890640625
2 0.9833984359375 0.8203125 1 0.8193359359375 0.9990234359375 0.7890625 0.962890625 0.7958984359375 0.9697265640625 0.8125 0.9833984359375 0.8203125
2 0.962890625 0.6884765640625 0.9560546859375 0.68359375 0.921875 0.7177734359375 0.92578125 0.7666015640625 0.9375 0.7763671859375 0.9453125 0.7705078140625 0.94921875 0.7412109359375 0.962890625 0.7119140640625 0.962890625 0.6884765640625