2 0.3095703140625 0.234375 0.2978515640625 0.244140625 0.2763671859375 0.232421875 0.283203125 0.2626953140625 0.3115234359375 0.28515625 0.318359375 0.2841796859375 0.33203125 0.2744140640625 0.33203125 0.2607421859375 0.3125 0.2529296859375 0.3095703140625 0.234375
2 0.16796875 0.9072265640625 0.1865234359375 0.91796875 0.203125 0.9189453140625 0.20703125 0.9111328140625 0.197265625 0.8955078140625 0.1728515640625 0.8828125 0.16796875 0.9072265640625
2 0 0.4794921859375 0.017578125 0.4873046859375 0.025390625 0.4755859359375 0.025390625 0.4541015640625 0.0146484359375 0.44140625 0 0.4462890640625 0 0.4794921859375
2 0.024414064062499997 0.505859375 0.017578125 0.5185546859375 0.03515625 0.5458984359375 0.052734375 0.5478515640625 0.060546875 0.5419921859375 0.05859375 0.5224609359375 0.041992185937499996 0.50390625 0.024414064062499997 0.505859375
2 0.078125 0.6455078140625 0.064453125 0.6572265640625 0.06933593593750001 0.66796875 0.0859375 0.6689453140625 0.107421875 0.6494140640625 0.09082031406249999 0.60546875 0.080078125 0.6142578140625 0.078125 0.6455078140625
2 0.078125 0.7275390640625 0.091796875 0.7666015640625 0.115234375 0.7705078140625 0.140625 0.7490234359375 0.140625 0.7314453140625 0.08300781406249999 0.71875 0.078125 0.7275390640625
2 0.30078125 0.1767578140625 0.306640625 0.1669921859375 0.2978515640625 0.15234375 0.291015625 0.1591796859375 0.30078125 0.1767578140625
2 0.50390625 0.8095703140625 0.50390625 0.8466796859375 0.505859375 0.8642578140625 0.515625 0.8681640640625 0.52734375 0.8427734359375 0.5234375 0.8134765640625 0.5126953140625 0.80078125 0.50390625 0.8095703140625
2 0.3837890640625 0.4921875 0.37890625 0.5146484359375 0.365234375 0.5322265640625 0.3740234359375 0.544921875 0.388671875 0.5439453140625 0.404296875 0.5283203140625 0.404296875 0.5146484359375 0.392578125 0.4951171859375 0.3837890640625 0.4921875
2 0.357421875 0.4189453140625 0.36328125 0.4384765640625 0.38671875 0.4619140640625 0.396484375 0.4208984359375 0.3896484359375 0.40625 0.3681640640625 0.41015625 0.357421875 0.4189453140625
2 0.2958984359375 0.23828125 0.2783203140625 0.232421875 0.275390625 0.2470703140625 0.28515625 0.2666015640625 0.3115234359375 0.28515625 0.322265625 0.2841796859375 0.3359375 0.2646484359375 0.314453125 0.2470703140625 0.3125 0.2353515640625 0.2958984359375 0.23828125
2 0.45703125 0.6279296859375 0.4384765640625 0.611328125 0.431640625 0.6220703140625 0.43359375 0.6396484359375 0.458984375 0.6923828140625 0.4765625 0.7119140640625 0.486328125 0.7001953140625 0.484375 0.6787109359375 0.46484375 0.6533203140625 0.45703125 0.6279296859375
2 0.712890625 0.10644531406249999 0.7109375 0.08886718593750001 0.7001953140625 0.0859375 0.6953125 0.09472656406249999 0.712890625 0.10644531406249999
2 0.66796875 0.041992185937499996 0.669921875 0.06933593593750001 0.67578125 0.07128906406249999 0.68359375 0.0615234359375 0.685546875 0.036132814062500004 0.6806640640625 0.03125 0.66796875 0.041992185937499996
2 0.7822265640625 0.4296875 0.7705078140625 0.431640625 0.7568359359375 0.416015625 0.748046875 0.4248046859375 0.75 0.4521484359375 0.7607421859375 0.470703125 0.779296875 0.4716796859375 0.77734375 0.4990234359375 0.78125 0.5126953140625 0.7890625 0.5166015640625 0.802734375 0.4912109359375 0.806640625 0.4462890640625 0.7919921859375 0.4453125 0.7822265640625 0.4296875
2 0.8369140640625 0.6015625 0.8291015640625 0.6015625 0.8203125 0.6064453140625 0.8046875 0.6474609359375 0.8076171859375 0.654296875 0.826171875 0.6591796859375 0.822265625 0.6865234359375 0.8271484359375 0.697265625 0.833984375 0.6962890640625 0.8671875 0.6357421859375 0.8671875 0.6259765640625 0.8466796859375 0.6171875 0.8369140640625 0.6015625
2 0.734375 0.2666015640625 0.7216796859375 0.244140625 0.7041015640625 0.251953125 0.697265625 0.2646484359375 0.701171875 0.3115234359375 0.716796875 0.3310546859375 0.703125 0.3662109359375 0.748046875 0.3212890640625 0.748046875 0.3017578140625 0.732421875 0.2978515640625 0.734375 0.2666015640625
2 0.9033203140625 0.880859375 0.900390625 0.8955078140625 0.9140625 0.9169921859375 0.9248046859375 0.9140625 0.9296875 0.9013671859375 0.9111328140625 0.880859375 0.9033203140625 0.880859375
2 0.94140625 0.9814453140625 0.94140625 0.9521484359375 0.9248046859375 0.939453125 0.927734375 0.9697265640625 0.94140625 0.9814453140625