2 0.1328125 0.3974609359375 0.154296875 0.3876953140625 0.11230468593750001 0.373046875 0.111328125 0.3798828140625 0.1328125 0.3974609359375
2 0.12109375 0.4072265640625 0.119140625 0.4326171859375 0.126953125 0.4365234359375 0.140625 0.4189453140625 0.1396484359375 0.404296875 0.12402343593750001 0.40234375 0.12109375 0.4072265640625
2 0.041015625 0.7275390640625 0.0283203140625 0.716796875 0.017578125 0.7744140640625 0.022460935937500003 0.783203125 0.03125 0.7822265640625 0.033203125 0.7666015640625 0.046875 0.7646484359375 0.046875 0.7451171859375 0.041015625 0.7275390640625
2 0.09375 0.8583984359375 0.099609375 0.8525390640625 0.09277343593750001 0.84765625 0.08886718593750001 0.857421875 0.0625 0.8681640640625 0.04296875 0.9208984359375 0.049804685937499996 0.927734375 0.06933593593750001 0.91796875 0.08886718593750001 0.921875 0.087890625 0.9345703140625 0.09765625 0.9384765640625 0.107421875 0.9228515640625 0.087890625 0.9169921859375 0.095703125 0.8837890640625 0.09375 0.8583984359375
2 0.2685546859375 0.5625 0.2587890640625 0.55078125 0.244140625 0.5712890640625 0.26171875 0.5966796859375 0.236328125 0.6162109359375 0.251953125 0.6259765640625 0.2548828140625 0.638671875 0.2626953140625 0.638671875 0.26953125 0.6240234359375 0.2802734359375 0.619140625 0.287109375 0.6376953140625 0.298828125 0.6416015640625 0.30859375 0.6123046859375 0.294921875 0.5986328140625 0.287109375 0.5654296859375 0.2685546859375 0.5625
2 0.099609375 0.1318359359375 0.107421875 0.10253906406249999 0.09277343593750001 0.09375 0.07910156406249999 0.095703125 0.0703125 0.07128906406249999 0.0517578140625 0.060546875 0.037109375 0.07714843593750001 0.0546875 0.09863281406249999 0.0546875 0.12402343593750001 0.07421875 0.1396484359375 0.0625 0.1552734359375 0.0703125 0.1591796859375 0.072265625 0.1845703140625 0.078125 0.1904296859375 0.091796875 0.1865234359375 0.095703125 0.1572265640625 0.1171875 0.1376953140625 0.099609375 0.1318359359375
2 0.3310546859375 0.69140625 0.3203125 0.7041015640625 0.31640625 0.7255859359375 0.294921875 0.7412109359375 0.29296875 0.7529296859375 0.298828125 0.7685546859375 0.3203125 0.7822265640625 0.3203125 0.7958984359375 0.3369140640625 0.80859375 0.345703125 0.8076171859375 0.3515625 0.7998046859375 0.345703125 0.7548828140625 0.361328125 0.7119140640625 0.3310546859375 0.69140625
2 0.18359375 0.3427734359375 0.169921875 0.3291015640625 0.1748046859375 0.31640625 0.185546875 0.3154296859375 0.185546875 0.2998046859375 0.171875 0.2705078140625 0.1513671859375 0.255859375 0.1318359359375 0.279296875 0.109375 0.2861328140625 0.111328125 0.3095703140625 0.12011718593750001 0.3046875 0.126953125 0.3232421859375 0.140625 0.3291015640625 0.138671875 0.3525390640625 0.150390625 0.3623046859375 0.146484375 0.3701171859375 0.15625 0.3759765640625 0.15625 0.4052734359375 0.166015625 0.4072265640625 0.158203125 0.3916015640625 0.162109375 0.3818359359375 0.1875 0.3720703140625 0.18359375 0.3427734359375
2 0.1865234359375 0.509765625 0.2080078140625 0.509765625 0.21875 0.5009765640625 0.21875 0.4775390640625 0.228515625 0.4658203140625 0.23828125 0.4287109359375 0.2294921859375 0.4140625 0.2001953140625 0.3984375 0.1904296859375 0.3984375 0.181640625 0.4111328140625 0.1875 0.4326171859375 0.173828125 0.4404296859375 0.173828125 0.4560546859375 0.142578125 0.4755859359375 0.1328125 0.4990234359375 0.1357421859375 0.51171875 0.158203125 0.5126953140625 0.16015625 0.4873046859375 0.1728515640625 0.4765625 0.17578125 0.4990234359375 0.1865234359375 0.509765625
2 0.41015625 0.8798828140625 0.400390625 0.8291015640625 0.3779296859375 0.794921875 0.349609375 0.8154296859375 0.33203125 0.8427734359375 0.3525390640625 0.873046875 0.373046875 0.8779296859375 0.369140625 0.9404296859375 0.4033203140625 0.9453125 0.408203125 0.9697265640625 0.416015625 0.9697265640625 0.439453125 0.9462890640625 0.44140625 0.9287109359375 0.431640625 0.8955078140625 0.41015625 0.8798828140625
2 0.587890625 0.6279296859375 0.609375 0.6318359359375 0.615234375 0.6025390640625 0.6005859359375 0.59765625 0.5859375 0.6103515640625 0.587890625 0.6279296859375
2 0.4375 0.1396484359375 0.42578125 0.1552734359375 0.4404296859375 0.173828125 0.462890625 0.1865234359375 0.46484375 0.1396484359375 0.44921875 0.1279296859375 0.4423828140625 0.11328125 0.4375 0.1396484359375
2 0.55078125 0.5029296859375 0.5439453140625 0.501953125 0.5390625 0.5498046859375 0.5458984359375 0.552734375 0.5576171859375 0.544921875 0.5810546859375 0.5703125 0.58984375 0.5693359359375 0.58984375 0.5439453140625 0.5712890640625 0.525390625 0.5595703140625 0.5234375 0.55078125 0.5029296859375
2 0.4169921859375 0 0.416015625 0.0146484359375 0.40234375 0.0302734359375 0.40234375 0.043945314062500004 0.416015625 0.0537109359375 0.419921875 0.06933593593750001 0.43359375 0.07519531406249999 0.4375 0.036132814062500004 0.44921875 0.034179685937499996 0.44921875 0.016601564062499997 0.4365234359375 0 0.4169921859375 0
2 0.71484375 0.8330078140625 0.716796875 0.8212890640625 0.7119140640625 0.81640625 0.6865234359375 0.818359375 0.677734375 0.7998046859375 0.666015625 0.7958984359375 0.669921875 0.7763671859375 0.6494140640625 0.759765625 0.640625 0.7861328140625 0.669921875 0.8115234359375 0.666015625 0.8427734359375 0.67578125 0.8564453140625 0.67578125 0.8837890640625 0.6806640640625 0.896484375 0.6953125 0.8955078140625 0.70703125 0.8876953140625 0.69921875 0.8681640640625 0.703125 0.8447265640625 0.71484375 0.8330078140625
2 0.541015625 0.3369140640625 0.517578125 0.3251953140625 0.513671875 0.2861328140625 0.4853515640625 0.28125 0.48046875 0.3134765640625 0.48828125 0.3427734359375 0.5078125 0.3544921859375 0.51171875 0.4365234359375 0.5185546859375 0.447265625 0.5244140640625 0.44140625 0.5390625 0.4482421859375 0.544921875 0.4208984359375 0.533203125 0.3935546859375 0.54296875 0.3701171859375 0.541015625 0.3369140640625
2 0.83203125 0.2666015640625 0.8515625 0.2529296859375 0.8369140640625 0.21875 0.826171875 0.2275390640625 0.83203125 0.2666015640625
2 0.859375 0.3896484359375 0.890625 0.4130859359375 0.892578125 0.3701171859375 0.8876953140625 0.365234375 0.8642578140625 0.3671875 0.859375 0.3896484359375
2 0.890625 0.5009765640625 0.89453125 0.5380859359375 0.904296875 0.5400390640625 0.92578125 0.4970703140625 0.9169921859375 0.482421875 0.9091796859375 0.482421875 0.890625 0.5009765640625
2 0.8232421859375 0.130859375 0.8037109359375 0.1328125 0.798828125 0.1669921859375 0.830078125 0.1806640640625 0.833984375 0.1728515640625 0.826171875 0.1552734359375 0.8359375 0.1376953140625 0.8232421859375 0.130859375
2 0.810546875 0.020507814062499997 0.7841796859375 0.001953125 0.767578125 0.022460935937500003 0.7734375 0.0576171859375 0.78125 0.0595703140625 0.7861328140625 0.046875 0.8037109359375 0.044921875 0.810546875 0.032226564062500004 0.810546875 0.020507814062499997
2 0.9052734359375 0.583984375 0.900390625 0.6162109359375 0.9169921859375 0.62109375 0.9267578140625 0.61328125 0.947265625 0.6298828140625 0.955078125 0.6220703140625 0.95703125 0.5869140640625 0.9248046859375 0.576171875 0.9052734359375 0.583984375
2 1 0.7666015640625 0.9873046859375 0.763671875 0.98046875 0.7529296859375 0.9912109359375 0.712890625 0.9658203140625 0.71875 0.953125 0.7412109359375 0.951171875 0.7939453140625 0.98046875 0.8037109359375 1 0.7978515640625 1 0.7666015640625
2 0.052734375 0.7646484359375 0.06640625 0.7685546859375 0.080078125 0.7568359359375 0.07910156406249999 0.748046875 0.06542968593750001 0.748046875 0.052734375 0.7646484359375
2 0.7392578140625 0.97265625 0.7236328140625 0.978515625 0.71484375 0.9931640640625 0.7158203140625 1 0.765625 0.9990234359375 0.7578125 0.9833984359375 0.7587890640625 0.96875 0.7451171859375 0.98046875 0.7392578140625 0.97265625