2 0.5595703140625 0.609375 0.5439453140625 0.63671875 0.5244140640625 0.64453125 0.5126953140625 0.634765625 0.505859375 0.6416015640625 0.51171875 0.6708984359375 0.53515625 0.6826171859375 0.5439453140625 0.708984375 0.556640625 0.7080078140625 0.5625 0.6982421859375 0.5546875 0.6826171859375 0.5625 0.6689453140625 0.5595703140625 0.609375
2 0.54296875 0.5205078140625 0.541015625 0.5048828140625 0.52734375 0.4970703140625 0.5146484359375 0.4765625 0.5078125 0.4833984359375 0.505859375 0.5087890640625 0.48046875 0.5439453140625 0.484375 0.5595703140625 0.501953125 0.5693359359375 0.5224609359375 0.556640625 0.5458984359375 0.564453125 0.556640625 0.5419921859375 0.54296875 0.5205078140625
2 0.625 0.8330078140625 0.6123046859375 0.826171875 0.5869140640625 0.83203125 0.5791015640625 0.845703125 0.5625 0.8525390640625 0.568359375 0.8662109359375 0.5908203140625 0.87890625 0.59765625 0.8916015640625 0.5859375 0.9189453140625 0.599609375 0.9287109359375 0.6259765640625 0.91796875 0.63671875 0.8916015640625 0.62109375 0.8583984359375 0.625 0.8330078140625
2 0.4970703140625 0.37890625 0.4755859359375 0.384765625 0.458984375 0.3759765640625 0.451171875 0.3056640640625 0.435546875 0.2958984359375 0.427734375 0.2763671859375 0.4189453140625 0.271484375 0.4052734359375 0.29296875 0.3916015640625 0.291015625 0.388671875 0.2958984359375 0.400390625 0.3720703140625 0.435546875 0.4482421859375 0.4462890640625 0.451171875 0.4580078140625 0.466796875 0.478515625 0.4677734359375 0.48046875 0.4560546859375 0.505859375 0.4365234359375 0.51171875 0.4169921859375 0.4970703140625 0.37890625
2 0.2939453140625 0 0.296875 0.038085935937499996 0.326171875 0.06542968593750001 0.314453125 0.08300781406249999 0.318359375 0.10644531406249999 0.361328125 0.1728515640625 0.35546875 0.1962890640625 0.373046875 0.2041015640625 0.380859375 0.2333984359375 0.392578125 0.2392578140625 0.400390625 0.2119140640625 0.392578125 0.1748046859375 0.3984375 0.1689453140625 0.396484375 0.11035156406249999 0.40234375 0.08496093593750001 0.3935546859375 0.076171875 0.3720703140625 0.078125 0.3671875 0.0595703140625 0.359375 0.0537109359375 0.3623046859375 0 0.2939453140625 0
2 0.1171875 0.6005859359375 0.12109375 0.6376953140625 0.1328125 0.6396484359375 0.14453125 0.6279296859375 0.146484375 0.6083984359375 0.12207031406249999 0.595703125 0.1171875 0.6005859359375
2 0.27734375 0.9013671859375 0.275390625 0.8759765640625 0.2685546859375 0.8671875 0.2529296859375 0.890625 0.2412109359375 0.890625 0.236328125 0.8974609359375 0.23828125 0.9150390640625 0.25390625 0.9326171859375 0.25390625 0.9619140640625 0.259765625 0.9638671859375 0.2841796859375 0.94921875 0.294921875 0.9345703140625 0.29296875 0.9072265640625 0.27734375 0.9013671859375
2 0.0595703140625 0.328125 0.045898435937499996 0.3125 0.033203125 0.3291015640625 0.013671875 0.3896484359375 0.05078125 0.4013671859375 0.072265625 0.3896484359375 0.083984375 0.3388671859375 0.07519531406249999 0.328125 0.0595703140625 0.328125
2 0.130859375 0.4248046859375 0.10058593593750001 0.41796875 0.07324218593750001 0.390625 0.072265625 0.4345703140625 0.09375 0.4716796859375 0.09375 0.4892578140625 0.072265625 0.5068359359375 0.072265625 0.5185546859375 0.095703125 0.5556640640625 0.099609375 0.5771484359375 0.1328125 0.5537109359375 0.142578125 0.4853515640625 0.1171875 0.4736328140625 0.130859375 0.4248046859375
2 0.25 0.7763671859375 0.21875 0.7783203140625 0.216796875 0.7626953140625 0.205078125 0.7490234359375 0.21875 0.6904296859375 0.2138671859375 0.685546875 0.1923828140625 0.689453125 0.181640625 0.6611328140625 0.1728515640625 0.658203125 0.142578125 0.7021484359375 0.14453125 0.7236328140625 0.1640625 0.7431640640625 0.17578125 0.8076171859375 0.1923828140625 0.828125 0.201171875 0.8291015640625 0.2080078140625 0.8125 0.2294921859375 0.8125 0.23828125 0.8056640640625 0.25 0.7763671859375
2 0.016601564062499997 0.1796875 0 0.1943359359375 0.001953125 0.2724609359375 0.010742185937499999 0.259765625 0.03515625 0.2548828140625 0.017578125 0.2138671859375 0.016601564062499997 0.1796875
2 0.94921875 0.8525390640625 0.953125 0.8466796859375 0.9404296859375 0.830078125 0.9296875 0.8466796859375 0.94921875 0.8525390640625
2 0.947265625 0.9130859359375 0.9453125 0.9287109359375 0.931640625 0.9462890640625 0.9365234359375 0.95703125 0.9453125 0.9580078140625 0.9833984359375 0.94140625 0.994140625 0.9267578140625 0.9697265640625 0.890625 0.947265625 0.9130859359375
2 0.8798828140625 0.58984375 0.873046875 0.5966796859375 0.865234375 0.6318359359375 0.841796875 0.6416015640625 0.84765625 0.6591796859375 0.875 0.6806640640625 0.90234375 0.6533203140625 0.892578125 0.6396484359375 0.890625 0.6123046859375 0.8798828140625 0.58984375
2 0.9287109359375 0.720703125 0.9189453140625 0.734375 0.904296875 0.7392578140625 0.890625 0.7646484359375 0.892578125 0.7822265640625 0.91015625 0.7900390640625 0.9443359359375 0.78125 0.951171875 0.7587890640625 0.951171875 0.7431640640625 0.9287109359375 0.720703125
2 0.783203125 0.2841796859375 0.78515625 0.2490234359375 0.76953125 0.2333984359375 0.7666015640625 0.216796875 0.755859375 0.2626953140625 0.765625 0.2763671859375 0.767578125 0.3349609359375 0.7734375 0.3505859359375 0.775390625 0.3251953140625 0.7958984359375 0.3203125 0.80078125 0.3037109359375 0.783203125 0.2841796859375