2 0.08691406406249999 0.568359375 0.09375 0.5673828140625 0.11328125 0.5595703140625 0.10449218593750001 0.5390625 0.083984375 0.5595703140625 0.08691406406249999 0.568359375
2 0.138671875 0.6591796859375 0.14453125 0.6455078140625 0.1298828140625 0.64453125 0.125 0.6513671859375 0.138671875 0.6591796859375
2 0.1552734359375 0.697265625 0.134765625 0.7099609359375 0.146484375 0.7744140640625 0.154296875 0.7822265640625 0.16796875 0.7431640640625 0.1630859359375 0.732421875 0.154296875 0.7333984359375 0.1552734359375 0.697265625
2 0.28515625 0.08300781406249999 0.29296875 0.043945314062500004 0.2587890640625 0.044921875 0.259765625 0.0595703140625 0.28515625 0.08300781406249999
2 0.30078125 0.2001953140625 0.30859375 0.2021484359375 0.3154296859375 0.162109375 0.2998046859375 0.166015625 0.29296875 0.1767578140625 0.30078125 0.2001953140625
2 0.423828125 0.5380859359375 0.439453125 0.5302734359375 0.4267578140625 0.498046875 0.41796875 0.5244140640625 0.423828125 0.5380859359375
2 0.8359375 0.9052734359375 0.84375 0.9404296859375 0.8515625 0.9423828140625 0.857421875 0.8974609359375 0.8544921859375 0.890625 0.8447265640625 0.890625 0.8359375 0.9052734359375
2 0.818359375 0.8330078140625 0.8427734359375 0.861328125 0.857421875 0.8623046859375 0.859375 0.8486328140625 0.8515625 0.8310546859375 0.8212890640625 0.8046875 0.818359375 0.8330078140625
2 0.759765625 0.6416015640625 0.7578125 0.6650390640625 0.763671875 0.6708984359375 0.763671875 0.6923828140625 0.78125 0.7216796859375 0.7890625 0.7646484359375 0.806640625 0.7705078140625 0.791015625 0.7197265640625 0.7890625 0.6279296859375 0.7783203140625 0.625 0.759765625 0.6416015640625
2 0.72265625 0.5380859359375 0.720703125 0.5693359359375 0.7265625 0.5732421859375 0.7421875 0.5537109359375 0.740234375 0.5361328140625 0.7314453140625 0.525390625 0.72265625 0.5380859359375
2 0.6953125 0.4873046859375 0.6953125 0.4970703140625 0.70703125 0.5048828140625 0.71484375 0.4970703140625 0.7119140640625 0.44921875 0.701171875 0.4580078140625 0.6953125 0.4873046859375
2 0.6796875 0.3193359359375 0.6875 0.3212890640625 0.689453125 0.2724609359375 0.6826171859375 0.26953125 0.669921875 0.2958984359375 0.6796875 0.3193359359375
2 0.9873046859375 0.34375 0.9482421859375 0.33984375 0.947265625 0.3525390640625 0.966796875 0.3662109359375 0.9609375 0.3798828140625 0.974609375 0.3857421859375 0.97265625 0.3681640640625 0.9951171859375 0.369140625 1 0.3544921859375 0.9873046859375 0.34375
2 0.517578125 0.8583984359375 0.517578125 0.8779296859375 0.525390625 0.8798828140625 0.53515625 0.8583984359375 0.5322265640625 0.845703125 0.5244140640625 0.845703125 0.517578125 0.8583984359375
2 0.54296875 0.9638671859375 0.552734375 0.9404296859375 0.5380859359375 0.92578125 0.533203125 0.9384765640625 0.54296875 0.9638671859375
2 0.88671875 0.10449218593750001 0.8984375 0.08105468593750001 0.8818359359375 0.0703125 0.87890625 0.09667968593750001 0.88671875 0.10449218593750001
2 0.271484375 0.020507814062499997 0.2841796859375 0 0.259765625 0.0009765640625 0.265625 0.020507814062499997 0.271484375 0.020507814062499997