2 0 0.3583984359375 0.01953125 0.3740234359375 0.022460935937500003 0.361328125 0.032226564062500004 0.369140625 0.041015625 0.3662109359375 0.037109375 0.3427734359375 0.046875 0.3271484359375 0.029296875 0.3193359359375 0.0234375 0.2939453140625 0.0126953140625 0.283203125 0.013671875 0.3232421859375 0 0.3291015640625 0 0.3583984359375
2 0.1015625 0.4443359359375 0.08691406406249999 0.435546875 0.07714843593750001 0.44921875 0.060546875 0.4541015640625 0.06640625 0.4716796859375 0.05859375 0.4892578140625 0.07324218593750001 0.505859375 0.08496093593750001 0.505859375 0.09277343593750001 0.517578125 0.099609375 0.5166015640625 0.107421875 0.5009765640625 0.09863281406249999 0.484375 0.087890625 0.4833984359375 0.1015625 0.4443359359375
2 0.236328125 0.7451171859375 0.2177734359375 0.736328125 0.1953125 0.7490234359375 0.19921875 0.7666015640625 0.21875 0.7900390640625 0.203125 0.8134765640625 0.234375 0.8173828140625 0.240234375 0.8115234359375 0.23046875 0.7919921859375 0.248046875 0.7861328140625 0.236328125 0.7451171859375
2 0.240234375 0.9287109359375 0.2470703140625 0.94140625 0.28125 0.9521484359375 0.29296875 0.9287109359375 0.2744140640625 0.89453125 0.2490234359375 0.91015625 0.240234375 0.9287109359375
2 0.560546875 0.9169921859375 0.56640625 0.8955078140625 0.5537109359375 0.88671875 0.54296875 0.9130859359375 0.560546875 0.9169921859375
2 0.5634765640625 0.767578125 0.5380859359375 0.767578125 0.5234375 0.7822265640625 0.53515625 0.7978515640625 0.537109375 0.8271484359375 0.5537109359375 0.80859375 0.5634765640625 0.810546875 0.578125 0.7998046859375 0.5634765640625 0.767578125
2 0.5888671859375 0.951171875 0.564453125 0.9501953140625 0.564453125 0.9677734359375 0.5966796859375 1 0.62109375 0.9990234359375 0.623046875 0.9794921859375 0.611328125 0.9677734359375 0.6064453140625 0.943359375 0.5888671859375 0.951171875
2 0.47265625 0.6904296859375 0.47265625 0.7060546859375 0.482421875 0.7099609359375 0.498046875 0.6884765640625 0.4912109359375 0.666015625 0.48046875 0.6708984359375 0.47265625 0.6904296859375
2 0.4306640640625 0.44921875 0.419921875 0.4365234359375 0.4296875 0.4189453140625 0.4296875 0.4033203140625 0.4130859359375 0.408203125 0.4013671859375 0.396484375 0.3984375 0.4541015640625 0.41796875 0.4794921859375 0.416015625 0.5107421859375 0.423828125 0.5126953140625 0.4296875 0.4833984359375 0.439453125 0.4794921859375 0.447265625 0.4541015640625 0.4306640640625 0.44921875
2 0.3505859359375 0.23046875 0.3349609359375 0.208984375 0.333984375 0.2724609359375 0.34765625 0.2861328140625 0.35546875 0.3095703140625 0.361328125 0.3095703140625 0.37890625 0.2841796859375 0.3671875 0.2216796859375 0.3583984359375 0.220703125 0.3505859359375 0.23046875
2 0.298828125 0.10644531406249999 0.2919921859375 0.10546875 0.279296875 0.12011718593750001 0.279296875 0.1318359359375 0.2880859359375 0.146484375 0.3046875 0.1474609359375 0.318359375 0.11816406406249999 0.3115234359375 0.11328125 0.3037109359375 0.123046875 0.298828125 0.10644531406249999
2 0.703125 0.3134765640625 0.7236328140625 0.333984375 0.73046875 0.3330078140625 0.732421875 0.2841796859375 0.7255859359375 0.279296875 0.7109375 0.2900390640625 0.703125 0.3134765640625
2 0.7939453140625 0.435546875 0.80078125 0.4248046859375 0.79296875 0.4091796859375 0.796875 0.3935546859375 0.7861328140625 0.39453125 0.7705078140625 0.408203125 0.76171875 0.3974609359375 0.7548828140625 0.369140625 0.7421875 0.3818359359375 0.744140625 0.4462890640625 0.751953125 0.4501953140625 0.7626953140625 0.419921875 0.7724609359375 0.447265625 0.7802734359375 0.4375 0.7939453140625 0.435546875
2 0.84375 0.8857421859375 0.849609375 0.9052734359375 0.8720703140625 0.927734375 0.88671875 0.9287109359375 0.8828125 0.9072265640625 0.8408203140625 0.8671875 0.833984375 0.8779296859375 0.84375 0.8857421859375
2 0.810546875 0.7177734359375 0.833984375 0.7646484359375 0.841796875 0.7666015640625 0.84765625 0.7353515640625 0.84375 0.7216796859375 0.8154296859375 0.701171875 0.810546875 0.7177734359375
2 0.8603515640625 0.796875 0.8486328140625 0.798828125 0.84375 0.7861328140625 0.8369140640625 0.78515625 0.841796875 0.8447265640625 0.8447265640625 0.8515625 0.8515625 0.8505859359375 0.8720703140625 0.83984375 0.876953125 0.8291015640625 0.87109375 0.8056640640625 0.8603515640625 0.796875
2 0.173828125 0.6728515640625 0.177734375 0.6904296859375 0.169921875 0.7021484359375 0.173828125 0.7236328140625 0.181640625 0.7294921859375 0.19921875 0.7021484359375 0.193359375 0.6767578140625 0.1787109359375 0.6640625 0.173828125 0.6728515640625
2 0.119140625 0.5751953140625 0.119140625 0.5908203140625 0.12890625 0.5966796859375 0.138671875 0.5751953140625 0.1318359359375 0.55859375 0.123046875 0.5615234359375 0.119140625 0.5751953140625