2 0.040039064062500004 0.37890625 0.048828125 0.3798828140625 0.056640625 0.3662109359375 0.032226564062500004 0.345703125 0.029296875 0.3662109359375 0.040039064062500004 0.37890625
2 0.0146484359375 0.29296875 0 0.2978515640625 0.00390625 0.3662109359375 0.01171875 0.3603515640625 0.01953125 0.3349609359375 0.01953125 0.2958984359375 0.0146484359375 0.29296875
2 0.119140625 0.5283203140625 0.09472656406249999 0.5234375 0.080078125 0.5400390640625 0.09765625 0.5673828140625 0.099609375 0.5947265640625 0.109375 0.5966796859375 0.134765625 0.5771484359375 0.134765625 0.5654296859375 0.115234375 0.5517578140625 0.119140625 0.5283203140625
2 0.14453125 0.6611328140625 0.14453125 0.6787109359375 0.16015625 0.6923828140625 0.171875 0.6845703140625 0.1689453140625 0.64453125 0.1494140640625 0.6484375 0.14453125 0.6611328140625
2 0.2646484359375 0.955078125 0.2734375 0.9560546859375 0.283203125 0.9462890640625 0.2802734359375 0.92578125 0.26171875 0.9462890640625 0.2646484359375 0.955078125
2 0.248046875 0.8408203140625 0.244140625 0.8779296859375 0.267578125 0.9033203140625 0.279296875 0.8623046859375 0.26953125 0.8369140640625 0.2568359359375 0.83203125 0.248046875 0.8408203140625
2 0.55078125 0.8818359359375 0.55859375 0.8525390640625 0.5478515640625 0.845703125 0.53515625 0.8779296859375 0.55078125 0.8818359359375
2 0.3291015640625 0.162109375 0.3369140640625 0.185546875 0.35546875 0.1865234359375 0.3515625 0.1513671859375 0.3232421859375 0.150390625 0.3203125 0.1689453140625 0.3291015640625 0.162109375
2 0.4365234359375 0.513671875 0.421875 0.5126953140625 0.427734375 0.5283203140625 0.42578125 0.5498046859375 0.439453125 0.5517578140625 0.455078125 0.5380859359375 0.451171875 0.5146484359375 0.4404296859375 0.50390625 0.4365234359375 0.513671875
2 0.5107421859375 0.732421875 0.501953125 0.7412109359375 0.5 0.7763671859375 0.505859375 0.7939453140625 0.537109375 0.8134765640625 0.5546875 0.7744140640625 0.54296875 0.7626953140625 0.5380859359375 0.736328125 0.5107421859375 0.732421875
2 0.802734375 0.7294921859375 0.81640625 0.7294921859375 0.828125 0.7216796859375 0.828125 0.7138671859375 0.8115234359375 0.701171875 0.802734375 0.7294921859375
2 0.716796875 0.2568359359375 0.71484375 0.2802734359375 0.720703125 0.2900390640625 0.736328125 0.2724609359375 0.73828125 0.2607421859375 0.7294921859375 0.25 0.716796875 0.2568359359375
2 0.6806640640625 0.29296875 0.697265625 0.2919921859375 0.69921875 0.3271484359375 0.703125 0.2373046859375 0.6923828140625 0.23046875 0.66796875 0.2724609359375 0.6806640640625 0.29296875
2 0.861328125 0.8291015640625 0.86328125 0.8544921859375 0.8876953140625 0.873046875 0.90234375 0.8740234359375 0.90234375 0.8505859359375 0.890625 0.8291015640625 0.8720703140625 0.8125 0.861328125 0.8291015640625
2 0.8369140640625 0.748046875 0.830078125 0.7666015640625 0.830078125 0.7841796859375 0.857421875 0.8056640640625 0.859375 0.7705078140625 0.876953125 0.7568359359375 0.8759765640625 0.740234375 0.8369140640625 0.748046875
2 0.7626953140625 0.419921875 0.75390625 0.4306640640625 0.75 0.4619140640625 0.759765625 0.4814453140625 0.775390625 0.4873046859375 0.783203125 0.4833984359375 0.7890625 0.4384765640625 0.7802734359375 0.419921875 0.7626953140625 0.419921875