2 0.380859375 0.0283203140625 0.4013671859375 0 0.361328125 0.0009765640625 0.365234375 0.022460935937500003 0.380859375 0.0283203140625
2 0.6494140640625 0.8046875 0.6318359359375 0.830078125 0.61328125 0.8388671859375 0.6240234359375 0.85546875 0.6513671859375 0.849609375 0.6611328140625 0.859375 0.669921875 0.8583984359375 0.681640625 0.8447265640625 0.68359375 0.8291015640625 0.6611328140625 0.82421875 0.6494140640625 0.8046875
2 0.6806640640625 0.87890625 0.66796875 0.9013671859375 0.66796875 0.9150390640625 0.705078125 0.9365234359375 0.716796875 0.9287109359375 0.72265625 0.9130859359375 0.71875 0.8857421859375 0.6806640640625 0.87890625
2 0.4111328140625 0.0703125 0.3955078140625 0.05078125 0.390625 0.07324218593750001 0.40234375 0.11816406406249999 0.435546875 0.12011718593750001 0.4453125 0.10253906406249999 0.439453125 0.08105468593750001 0.4306640640625 0.072265625 0.4111328140625 0.0703125
2 0.57421875 0.5673828140625 0.5673828140625 0.53515625 0.53515625 0.5517578140625 0.53515625 0.5634765640625 0.546875 0.5810546859375 0.541015625 0.6044921859375 0.55859375 0.6123046859375 0.5869140640625 0.603515625 0.59765625 0.5888671859375 0.5908203140625 0.57421875 0.57421875 0.5673828140625
2 0.5283203140625 0.404296875 0.4912109359375 0.400390625 0.484375 0.4228515640625 0.48828125 0.4423828140625 0.53125 0.4482421859375 0.55859375 0.4267578140625 0.556640625 0.4033203140625 0.5478515640625 0.396484375 0.5283203140625 0.404296875
2 0.4423828140625 0.150390625 0.4189453140625 0.12890625 0.41796875 0.1728515640625 0.40625 0.1884765640625 0.4365234359375 0.220703125 0.447265625 0.2236328140625 0.4609375 0.1982421859375 0.470703125 0.1416015640625 0.4619140640625 0.13671875 0.4423828140625 0.150390625
2 0.4736328140625 0.248046875 0.4501953140625 0.275390625 0.4375 0.2763671859375 0.4375 0.2939453140625 0.4462890640625 0.306640625 0.4716796859375 0.314453125 0.4794921859375 0.330078125 0.515625 0.3388671859375 0.5234375 0.3310546859375 0.51953125 0.2998046859375 0.525390625 0.2705078140625 0.4736328140625 0.248046875
2 0.6640625 0.7041015640625 0.6552734359375 0.697265625 0.6435546859375 0.705078125 0.630859375 0.7001953140625 0.625 0.6650390640625 0.6142578140625 0.666015625 0.607421875 0.6591796859375 0.603515625 0.6357421859375 0.5908203140625 0.625 0.587890625 0.6611328140625 0.5771484359375 0.66015625 0.576171875 0.6513671859375 0.5693359359375 0.650390625 0.5625 0.6728515640625 0.578125 0.6904296859375 0.580078125 0.7119140640625 0.6005859359375 0.7109375 0.611328125 0.7216796859375 0.625 0.7509765640625 0.615234375 0.7705078140625 0.615234375 0.7919921859375 0.630859375 0.7978515640625 0.640625 0.7900390640625 0.642578125 0.7685546859375 0.66796875 0.7509765640625 0.6640625 0.7041015640625
1 0.912109375 0.8232421859375 0.8857421859375 0.822265625 0.8720703140625 0.806640625 0.85546875 0.8232421859375 0.845703125 0.8447265640625 0.84765625 0.8837890640625 0.8515625 0.8955078140625 0.86328125 0.9013671859375 0.873046875 0.9267578140625 0.8837890640625 0.9375 0.89453125 0.9384765640625 0.9052734359375 0.9296875 0.9072265640625 0.935546875 0.91015625 0.9228515640625 0.912109375 0.8232421859375
2 0.8662109359375 0.26953125 0.859375 0.2763671859375 0.86328125 0.2958984359375 0.8515625 0.3212890640625 0.86328125 0.3310546859375 0.873046875 0.3232421859375 0.8828125 0.2978515640625 0.87890625 0.2822265640625 0.8662109359375 0.26953125
2 0.7548828140625 0 0.75 0.0068359359375 0.7548828140625 0.0234375 0.7783203140625 0.01171875 0.783203125 0.018554685937500003 0.783203125 0.07128906406249999 0.794921875 0.10644531406249999 0.810546875 0.11816406406249999 0.818359375 0.11035156406249999 0.8203125 0.07910156406249999 0.7890625 0.041992185937499996 0.79296875 0.010742185937499999 0.7861328140625 0 0.7548828140625 0
2 0.8291015640625 0.189453125 0.818359375 0.1904296859375 0.8125 0.2138671859375 0.8203125 0.2158203140625 0.8046875 0.2216796859375 0.810546875 0.2314453140625 0.7998046859375 0.234375 0.791015625 0.2490234359375 0.8017578140625 0.26953125 0.814453125 0.2705078140625 0.8671875 0.2255859359375 0.8603515640625 0.205078125 0.8447265640625 0.20703125 0.8291015640625 0.189453125
2 0.96875 0.5087890640625 0.9580078140625 0.50390625 0.943359375 0.5244140640625 0.94140625 0.5419921859375 0.9326171859375 0.541015625 0.939453125 0.5224609359375 0.93359375 0.4931640640625 0.9130859359375 0.486328125 0.892578125 0.4951171859375 0.888671875 0.5263671859375 0.9072265640625 0.52734375 0.91796875 0.5380859359375 0.91796875 0.5771484359375 0.931640625 0.5810546859375 0.951171875 0.5712890640625 0.953125 0.5517578140625 0.966796875 0.5361328140625 0.96875 0.5087890640625
2 0.9853515640625 0.83203125 1 0.8330078140625 0.9990234359375 0.791015625 0.974609375 0.8076171859375 0.974609375 0.8212890640625 0.9853515640625 0.83203125
2 0.9453125 0.6982421859375 0.9462890640625 0.708984375 0.9755859359375 0.712890625 0.9833984359375 0.72265625 0.990234375 0.7216796859375 1 0.7138671859375 0.9990234359375 0.673828125 0.9599609359375 0.681640625 0.9453125 0.6982421859375
2 0.0146484359375 0.095703125 0.0078125 0.11035156406249999 0.021484375 0.1396484359375 0.025390625 0.1806640640625 0.036132814062500004 0.189453125 0.05078125 0.1884765640625 0.052734375 0.1767578140625 0.03125 0.12402343593750001 0.03515625 0.10839843593750001 0.0146484359375 0.095703125
2 0.06347656406249999 0.224609375 0.060546875 0.2333984359375 0.08984375 0.2607421859375 0.095703125 0.2490234359375 0.08984375 0.2314453140625 0.08105468593750001 0.22265625 0.06347656406249999 0.224609375
2 0.1376953140625 0.365234375 0.12207031406249999 0.388671875 0.103515625 0.3837890640625 0.09765625 0.4013671859375 0.087890625 0.4091796859375 0.0859375 0.4248046859375 0.09472656406249999 0.431640625 0.11035156406249999 0.427734375 0.1279296859375 0.412109375 0.126953125 0.4228515640625 0.138671875 0.4306640640625 0.1484375 0.4541015640625 0.162109375 0.4560546859375 0.169921875 0.3798828140625 0.1474609359375 0.38671875 0.14453125 0.3681640640625 0.1376953140625 0.365234375
2 0.3271484359375 0.91796875 0.3193359359375 0.931640625 0.3076171859375 0.92578125 0.302734375 0.9306640640625 0.302734375 0.9423828140625 0.3125 0.9521484359375 0.310546875 0.9833984359375 0.3203125 0.9892578140625 0.33984375 0.9619140640625 0.34375 0.9248046859375 0.3388671859375 0.916015625 0.3271484359375 0.91796875
2 0.330078125 0.8798828140625 0.31640625 0.8662109359375 0.3203125 0.8369140640625 0.3095703140625 0.833984375 0.2890625 0.8056640640625 0.2822265640625 0.8046875 0.287109375 0.8486328140625 0.275390625 0.8642578140625 0.275390625 0.9013671859375 0.30078125 0.9111328140625 0.3095703140625 0.90234375 0.3173828140625 0.908203125 0.330078125 0.9033203140625 0.330078125 0.8798828140625