2 0 0.9931640640625 0.00390625 0.9951171859375 0.037109375 0.9541015640625 0.041992185937499996 0.939453125 0.0078125 0.9794921859375 0 0.9931640640625
2 0.537109375 0.5009765640625 0.53125 0.5322265640625 0.5322265640625 0.541015625 0.54296875 0.5400390640625 0.55859375 0.5341796859375 0.546875 0.5146484359375 0.5458984359375 0.4921875 0.537109375 0.5009765640625
2 0.13671875 0.5146484359375 0.1435546859375 0.529296875 0.15234375 0.5283203140625 0.16015625 0.5244140640625 0.158203125 0.4873046859375 0.1455078140625 0.482421875 0.13671875 0.5146484359375
2 0.109375 0.2900390640625 0.10644531406249999 0.283203125 0.083984375 0.2919921859375 0.091796875 0.2998046859375 0.091796875 0.3095703140625 0.08203125 0.3154296859375 0.09375 0.3291015640625 0.09375 0.3564453140625 0.08105468593750001 0.345703125 0.080078125 0.3564453140625 0.06640625 0.3603515640625 0.07519531406249999 0.37109375 0.08984375 0.3701171859375 0.109375 0.3642578140625 0.095703125 0.3330078140625 0.09765625 0.3017578140625 0.109375 0.2900390640625
2 0.2099609359375 0.67578125 0.2021484359375 0.6640625 0.1904296859375 0.662109375 0.185546875 0.6689453140625 0.1875 0.7041015640625 0.208984375 0.7197265640625 0.2158203140625 0.736328125 0.22265625 0.7353515640625 0.248046875 0.7119140640625 0.23046875 0.6943359359375 0.2255859359375 0.666015625 0.2099609359375 0.67578125
2 0.69140625 0.8916015640625 0.6826171859375 0.876953125 0.6640625 0.8935546859375 0.66015625 0.9169921859375 0.671875 0.9541015640625 0.669921875 0.9814453140625 0.685546875 0.9873046859375 0.705078125 0.9677734359375 0.705078125 0.9482421859375 0.6953125 0.9326171859375 0.69140625 0.8916015640625
2 0.6103515640625 0.6015625 0.59765625 0.6083984359375 0.5888671859375 0.57421875 0.58203125 0.5810546859375 0.580078125 0.6044921859375 0.591796875 0.6240234359375 0.583984375 0.6396484359375 0.564453125 0.6513671859375 0.5625 0.6611328140625 0.5693359359375 0.673828125 0.5927734359375 0.685546875 0.62109375 0.6865234359375 0.634765625 0.6552734359375 0.623046875 0.6376953140625 0.619140625 0.6064453140625 0.6103515640625 0.6015625
2 0.203125 0.5498046859375 0.1982421859375 0.541015625 0.1806640640625 0.54296875 0.1669921859375 0.53125 0.1552734359375 0.5390625 0.1474609359375 0.53125 0.125 0.5478515640625 0.111328125 0.5791015640625 0.12402343593750001 0.58984375 0.1513671859375 0.59375 0.173828125 0.6083984359375 0.18359375 0.6044921859375 0.18359375 0.5830078140625 0.19921875 0.5654296859375 0.203125 0.5498046859375
2 0.27734375 0.8857421859375 0.2666015640625 0.876953125 0.240234375 0.9072265640625 0.259765625 0.9248046859375 0.2744140640625 0.955078125 0.3095703140625 0.951171875 0.31640625 0.9619140640625 0.318359375 0.9970703140625 0.3359375 0.9990234359375 0.33984375 0.9248046859375 0.3056640640625 0.91015625 0.2802734359375 0.923828125 0.27734375 0.8857421859375
2 0.4912109359375 0.212890625 0.484375 0.2099609359375 0.48828125 0.1533203140625 0.4833984359375 0.142578125 0.43359375 0.1767578140625 0.447265625 0.2470703140625 0.4765625 0.2626953140625 0.5 0.2470703140625 0.509765625 0.2197265640625 0.4990234359375 0.20703125 0.4912109359375 0.212890625
2 0.888671875 0.5458984359375 0.896484375 0.5458984359375 0.8994140640625 0.5078125 0.88671875 0.5166015640625 0.8828125 0.5322265640625 0.888671875 0.5458984359375
2 1 0.7607421859375 0.9716796859375 0.751953125 0.962890625 0.7724609359375 0.966796875 0.8095703140625 0.982421875 0.8271484359375 0.98828125 0.8564453140625 1 0.8681640640625 1 0.7607421859375
2 0.876953125 0.4501953140625 0.875 0.4248046859375 0.892578125 0.3994140640625 0.896484375 0.3779296859375 0.8759765640625 0.375 0.8564453140625 0.3515625 0.8515625 0.3759765640625 0.859375 0.3935546859375 0.859375 0.4423828140625 0.876953125 0.4912109359375 0.892578125 0.4912109359375 0.91015625 0.4755859359375 0.91015625 0.4638671859375 0.9013671859375 0.451171875 0.876953125 0.4501953140625