2 0.09082031406249999 0.560546875 0.10546875 0.5595703140625 0.115234375 0.5537109359375 0.10839843593750001 0.533203125 0.08984375 0.5517578140625 0.09082031406249999 0.560546875
2 0.1572265640625 0.6875 0.13671875 0.7041015640625 0.142578125 0.7099609359375 0.150390625 0.7646484359375 0.16015625 0.7724609359375 0.171875 0.7294921859375 0.158203125 0.7255859359375 0.162109375 0.6884765640625 0.1572265640625 0.6875
2 0.26171875 0.0537109359375 0.287109375 0.06738281406249999 0.296875 0.049804685937499996 0.294921875 0.038085935937499996 0.2607421859375 0.037109375 0.26171875 0.0537109359375
2 0.3056640640625 0.1953125 0.3125 0.1943359359375 0.31640625 0.1591796859375 0.3017578140625 0.158203125 0.294921875 0.1787109359375 0.3056640640625 0.1953125
2 0.419921875 0.5244140640625 0.4296875 0.5302734359375 0.443359375 0.5244140640625 0.443359375 0.5146484359375 0.4267578140625 0.4921875 0.419921875 0.5244140640625
2 0.525390625 0.8720703140625 0.537109375 0.8466796859375 0.5361328140625 0.833984375 0.51953125 0.8544921859375 0.525390625 0.8720703140625
2 0.537109375 0.9384765640625 0.54296875 0.9560546859375 0.548828125 0.9560546859375 0.556640625 0.9326171859375 0.5400390640625 0.916015625 0.53515625 0.9208984359375 0.537109375 0.9384765640625
2 0.689453125 0.3115234359375 0.69140625 0.2646484359375 0.6826171859375 0.26171875 0.673828125 0.2958984359375 0.689453125 0.3115234359375
2 0.845703125 0.9287109359375 0.853515625 0.9306640640625 0.857421875 0.8837890640625 0.8466796859375 0.880859375 0.837890625 0.8935546859375 0.845703125 0.9287109359375
2 0.724609375 0.5244140640625 0.72265625 0.5478515640625 0.72265625 0.5615234359375 0.73046875 0.5654296859375 0.744140625 0.5458984359375 0.7421875 0.5263671859375 0.7333984359375 0.515625 0.724609375 0.5244140640625
2 0.703125 0.4482421859375 0.697265625 0.4794921859375 0.69921875 0.4931640640625 0.70703125 0.4970703140625 0.716796875 0.4873046859375 0.71875 0.4658203140625 0.7119140640625 0.439453125 0.703125 0.4482421859375
2 0.8203125 0.8154296859375 0.837890625 0.8447265640625 0.857421875 0.8525390640625 0.85546875 0.8251953140625 0.8330078140625 0.80078125 0.8212890640625 0.796875 0.8203125 0.8154296859375
2 0.7841796859375 0.61328125 0.76171875 0.6298828140625 0.759765625 0.6572265640625 0.765625 0.6865234359375 0.783203125 0.7138671859375 0.791015625 0.7607421859375 0.8046875 0.7646484359375 0.810546875 0.7490234359375 0.79296875 0.7080078140625 0.79296875 0.6201171859375 0.7841796859375 0.61328125
2 0.888671875 0.09082031406249999 0.896484375 0.07128906406249999 0.8837890640625 0.0625 0.8828125 0.08886718593750001 0.888671875 0.09082031406249999
2 1 0.3408203140625 0.9892578140625 0.333984375 0.9736328140625 0.337890625 0.9482421859375 0.330078125 0.94921875 0.3427734359375 0.96484375 0.3544921859375 0.962890625 0.3701171859375 0.9765625 0.3759765640625 0.9775390640625 0.359375 1 0.3583984359375 1 0.3408203140625