2 0.58984375 0.9853515640625 0.5986328140625 1 0.62890625 0.9990234359375 0.6240234359375 0.9765625 0.6142578140625 0.98046875 0.6025390640625 0.974609375 0.58984375 0.9853515640625
2 0.296875 0.040039064062500004 0.28515625 0.0302734359375 0.2724609359375 0 0.25390625 0.040039064062500004 0.2734375 0.06347656406249999 0.2734375 0.09472656406249999 0.28125 0.09863281406249999 0.296875 0.08691406406249999 0.30078125 0.06542968593750001 0.294921875 0.0556640640625 0.296875 0.040039064062500004
2 0.5693359359375 0.80859375 0.5625 0.7705078140625 0.5517578140625 0.767578125 0.541015625 0.7978515640625 0.564453125 0.8271484359375 0.5546875 0.8447265640625 0.57421875 0.8564453140625 0.59765625 0.8349609359375 0.6015625 0.8173828140625 0.5927734359375 0.80859375 0.5693359359375 0.80859375
2 0.1572265640625 0.568359375 0.142578125 0.6298828140625 0.1572265640625 0.650390625 0.171875 0.6533203140625 0.18359375 0.6474609359375 0.1953125 0.6220703140625 0.169921875 0.5732421859375 0.1572265640625 0.568359375
2 0.35546875 0.3447265640625 0.353515625 0.3896484359375 0.3740234359375 0.396484375 0.3896484359375 0.38671875 0.3974609359375 0.400390625 0.404296875 0.3994140640625 0.408203125 0.3544921859375 0.3896484359375 0.333984375 0.3701171859375 0.333984375 0.35546875 0.3447265640625
2 0.1953125 0.7763671859375 0.2177734359375 0.791015625 0.2314453140625 0.78125 0.25 0.7900390640625 0.2578125 0.7490234359375 0.2119140640625 0.724609375 0.1953125 0.7490234359375 0.1953125 0.7763671859375
2 0.34375 0.1708984359375 0.3583984359375 0.166015625 0.365234375 0.1552734359375 0.359375 0.1318359359375 0.3671875 0.10449218593750001 0.3623046859375 0.095703125 0.3486328140625 0.09765625 0.3330078140625 0.080078125 0.318359375 0.1318359359375 0.3046875 0.1494140640625 0.341796875 0.2021484359375 0.337890625 0.2177734359375 0.345703125 0.2216796859375 0.357421875 0.2138671859375 0.357421875 0.2021484359375 0.345703125 0.1962890640625 0.34375 0.1708984359375
2 0.047851564062500004 0.26953125 0.033203125 0.2685546859375 0.0283203140625 0.248046875 0.005859375 0.2392578140625 0.0078125 0.2197265640625 0.0009765640625 0.216796875 0 0.3232421859375 0.0302734359375 0.33984375 0.064453125 0.3447265640625 0.06640625 0.3193359359375 0.052734375 0.3056640640625 0.05859375 0.2802734359375 0.047851564062500004 0.26953125
2 0.7275390640625 0.294921875 0.736328125 0.2939453140625 0.734375 0.2529296859375 0.7158203140625 0.236328125 0.705078125 0.2724609359375 0.7275390640625 0.294921875
2 0.6474609359375 0.015625 0.634765625 0.0576171859375 0.6416015640625 0.0703125 0.654296875 0.07324218593750001 0.671875 0.043945314062500004 0.673828125 0.0263671859375 0.6572265640625 0.02734375 0.6474609359375 0.015625
2 0.88671875 0.7744140640625 0.8798828140625 0.767578125 0.8603515640625 0.76953125 0.861328125 0.7978515640625 0.8740234359375 0.8125 0.8828125 0.8134765640625 0.876953125 0.8369140640625 0.91015625 0.8447265640625 0.912109375 0.8251953140625 0.884765625 0.8134765640625 0.892578125 0.8037109359375 0.88671875 0.7744140640625
2 0.7998046859375 0.375 0.78125 0.3916015640625 0.78125 0.4287109359375 0.76171875 0.4384765640625 0.765625 0.4619140640625 0.779296875 0.4677734359375 0.7978515640625 0.466796875 0.8046875 0.4541015640625 0.80859375 0.3896484359375 0.7998046859375 0.375
2 0.841796875 0.5712890640625 0.841796875 0.5576171859375 0.83203125 0.5458984359375 0.837890625 0.5166015640625 0.8251953140625 0.4921875 0.8125 0.5185546859375 0.798828125 0.5263671859375 0.791015625 0.5517578140625 0.79296875 0.5791015640625 0.8046875 0.5947265640625 0.80078125 0.6064453140625 0.8125 0.6103515640625 0.8125 0.5966796859375 0.822265625 0.5908203140625 0.828125 0.5751953140625 0.841796875 0.5712890640625