2 0.08203125 0.3857421859375 0.0859375 0.3759765640625 0.07910156406249999 0.3671875 0.0703125 0.3779296859375 0.08203125 0.3857421859375
2 0 0.3662109359375 0.013671875 0.3779296859375 0.033203125 0.3720703140625 0.036132814062500004 0.349609375 0.078125 0.3408203140625 0.038085935937499996 0.34375 0.041015625 0.3271484359375 0.0234375 0.3173828140625 0.015625 0.2861328140625 0.0068359359375 0.283203125 0 0.2978515640625 0 0.3662109359375
2 0.095703125 0.4443359359375 0.08105468593750001 0.435546875 0.052734375 0.4541015640625 0.048828125 0.4873046859375 0.06347656406249999 0.50390625 0.091796875 0.5185546859375 0.1015625 0.5048828140625 0.1015625 0.4853515640625 0.08984375 0.4755859359375 0.095703125 0.4443359359375
2 0.1728515640625 0.6640625 0.166015625 0.7021484359375 0.169921875 0.7294921859375 0.17578125 0.7333984359375 0.193359375 0.7119140640625 0.1953125 0.6943359359375 0.1875 0.6767578140625 0.1728515640625 0.6640625
2 0.23828125 0.9384765640625 0.275390625 0.9541015640625 0.2890625 0.9345703140625 0.275390625 0.8974609359375 0.2373046859375 0.91015625 0.23828125 0.9384765640625
2 0.234375 0.7470703140625 0.2080078140625 0.73828125 0.189453125 0.7509765640625 0.208984375 0.7880859359375 0.208984375 0.7998046859375 0.197265625 0.8134765640625 0.224609375 0.8232421859375 0.234375 0.8193359359375 0.232421875 0.7978515640625 0.244140625 0.7841796859375 0.234375 0.7470703140625
2 0.3134765640625 0.126953125 0.3095703140625 0.11328125 0.294921875 0.11816406406249999 0.2900390640625 0.1015625 0.2734375 0.11816406406249999 0.279296875 0.1435546859375 0.30859375 0.1552734359375 0.341796875 0.1259765640625 0.34765625 0.11230468593750001 0.3447265640625 0.1015625 0.3134765640625 0.126953125
2 0.3447265640625 0.224609375 0.3291015640625 0.208984375 0.328125 0.2744140640625 0.33984375 0.2861328140625 0.349609375 0.3115234359375 0.35546875 0.3115234359375 0.375 0.2763671859375 0.36328125 0.2236328140625 0.3544921859375 0.21875 0.3447265640625 0.224609375
2 0.466796875 0.6943359359375 0.470703125 0.7119140640625 0.4765625 0.7119140640625 0.49609375 0.6904296859375 0.4853515640625 0.66796875 0.474609375 0.6728515640625 0.466796875 0.6943359359375
2 0.419921875 0.4384765640625 0.42578125 0.4072265640625 0.4072265640625 0.408203125 0.3935546859375 0.400390625 0.392578125 0.4541015640625 0.40234375 0.4775390640625 0.412109375 0.4833984359375 0.41015625 0.5126953140625 0.419921875 0.5166015640625 0.42578125 0.4892578140625 0.4375 0.4833984359375 0.443359375 0.4560546859375 0.419921875 0.4384765640625
2 0.5546875 0.9189453140625 0.560546875 0.8916015640625 0.5498046859375 0.88671875 0.5390625 0.9130859359375 0.5546875 0.9189453140625
2 0.5341796859375 0.76953125 0.51953125 0.7822265640625 0.51953125 0.7900390640625 0.53125 0.7998046859375 0.52734375 0.8251953140625 0.533203125 0.8291015640625 0.5498046859375 0.80859375 0.57421875 0.7998046859375 0.5576171859375 0.76953125 0.5341796859375 0.76953125
2 0.5849609359375 0.953125 0.560546875 0.9521484359375 0.55859375 0.9677734359375 0.5908203140625 1 0.6171875 0.9990234359375 0.619140625 0.9794921859375 0.607421875 0.9697265640625 0.6005859359375 0.943359375 0.5849609359375 0.953125
2 0.822265625 0.7216796859375 0.8310546859375 0.736328125 0.84765625 0.7373046859375 0.853515625 0.7314453140625 0.8447265640625 0.71875 0.8310546859375 0.71484375 0.822265625 0.7216796859375
2 0.859375 0.8056640640625 0.8427734359375 0.802734375 0.8349609359375 0.79296875 0.833984375 0.8232421859375 0.84375 0.8525390640625 0.8544921859375 0.837890625 0.8681640640625 0.837890625 0.87109375 0.8291015640625 0.859375 0.8056640640625
2 0.8330078140625 0.87109375 0.830078125 0.8818359359375 0.849609375 0.9111328140625 0.8740234359375 0.931640625 0.880859375 0.9306640640625 0.884765625 0.9189453140625 0.875 0.9033203140625 0.8486328140625 0.876953125 0.8330078140625 0.87109375
2 0.69921875 0.3134765640625 0.724609375 0.3330078140625 0.7265625 0.2822265640625 0.7216796859375 0.28125 0.705078125 0.2958984359375 0.69921875 0.3134765640625
2 0.791015625 0.4345703140625 0.796875 0.4150390640625 0.791015625 0.4072265640625 0.7919921859375 0.390625 0.7705078140625 0.404296875 0.7587890640625 0.3984375 0.7490234359375 0.369140625 0.736328125 0.3779296859375 0.740234375 0.4482421859375 0.75 0.4541015640625 0.7587890640625 0.431640625 0.7705078140625 0.451171875 0.7783203140625 0.439453125 0.791015625 0.4345703140625