2 0.4345703140625 0.828125 0.43359375 0.8603515640625 0.4384765640625 0.8671875 0.45703125 0.8662109359375 0.466796875 0.8603515640625 0.46484375 0.8427734359375 0.4482421859375 0.830078125 0.4345703140625 0.828125
2 0.28125 0.2958984359375 0.265625 0.3232421859375 0.294921875 0.3310546859375 0.302734375 0.3173828140625 0.291015625 0.2685546859375 0.2841796859375 0.265625 0.28125 0.2958984359375
2 0.375 0.6650390640625 0.37109375 0.6826171859375 0.384765625 0.7060546859375 0.38671875 0.7314453140625 0.3984375 0.7431640640625 0.40625 0.7021484359375 0.400390625 0.6689453140625 0.3876953140625 0.658203125 0.375 0.6650390640625
2 0.1787109359375 0.048828125 0.1591796859375 0.044921875 0.150390625 0.0537109359375 0.1513671859375 0.0625 0.173828125 0.07519531406249999 0.1796875 0.09277343593750001 0.19140625 0.09667968593750001 0.20703125 0.047851564062500004 0.2001953140625 0.02734375 0.1884765640625 0.029296875 0.1787109359375 0.048828125
2 0.5302734359375 0.177734375 0.5390625 0.1513671859375 0.5517578140625 0.142578125 0.5625 0.1962890640625 0.5673828140625 0.083984375 0.556640625 0.08691406406249999 0.52734375 0.1689453140625 0.5302734359375 0.177734375
2 0.58203125 0.2822265640625 0.58984375 0.2958984359375 0.587890625 0.3095703140625 0.60546875 0.3466796859375 0.626953125 0.2802734359375 0.6201171859375 0.271484375 0.5869140640625 0.26953125 0.58203125 0.2822265640625
2 0.625 0.3955078140625 0.6337890640625 0.404296875 0.642578125 0.4033203140625 0.650390625 0.3974609359375 0.650390625 0.3876953140625 0.6357421859375 0.3671875 0.625 0.3955078140625
2 0.7197265640625 0.67578125 0.7265625 0.6748046859375 0.734375 0.6572265640625 0.7177734359375 0.640625 0.708984375 0.6591796859375 0.7197265640625 0.67578125
2 0.7685546859375 0.794921875 0.775390625 0.7939453140625 0.771484375 0.7666015640625 0.7509765640625 0.74609375 0.751953125 0.7724609359375 0.7685546859375 0.794921875
2 0.783203125 0.9228515640625 0.79296875 0.9287109359375 0.81640625 0.9111328140625 0.8056640640625 0.8828125 0.78125 0.9052734359375 0.783203125 0.9228515640625
2 0.9267578140625 0.291015625 0.9228515640625 0.275390625 0.9052734359375 0.279296875 0.900390625 0.2880859359375 0.900390625 0.3232421859375 0.91015625 0.3251953140625 0.9267578140625 0.3125 0.94921875 0.3076171859375 0.947265625 0.2939453140625 0.9267578140625 0.291015625
2 0.9462890640625 0.44140625 0.9609375 0.4423828140625 0.97265625 0.4306640640625 0.9658203140625 0.412109375 0.94140625 0.4267578140625 0.9462890640625 0.44140625
2 1 0.5283203140625 0.990234375 0.5087890640625 0.9921875 0.4873046859375 0.9814453140625 0.482421875 0.96875 0.5166015640625 0.978515625 0.5263671859375 0.978515625 0.5595703140625 0.9853515640625 0.5703125 0.9921875 0.5693359359375 1 0.5654296859375 1 0.5283203140625