2 0.10546875 0.2958984359375 0.10253906406249999 0.287109375 0.068359375 0.2978515640625 0.076171875 0.3330078140625 0.05859375 0.3466796859375 0.060546875 0.3603515640625 0.07128906406249999 0.373046875 0.08984375 0.3740234359375 0.10546875 0.3701171859375 0.09375 0.3330078140625 0.095703125 0.3076171859375 0.10546875 0.2958984359375
2 0.2197265640625 0.66796875 0.2080078140625 0.673828125 0.1962890640625 0.666015625 0.1748046859375 0.671875 0.18359375 0.6826171859375 0.189453125 0.7138671859375 0.22265625 0.7392578140625 0.24609375 0.7119140640625 0.228515625 0.6923828140625 0.228515625 0.6728515640625 0.2197265640625 0.66796875
2 0.265625 0.8955078140625 0.2412109359375 0.8984375 0.23828125 0.9052734359375 0.267578125 0.9384765640625 0.267578125 0.9580078140625 0.2841796859375 0.966796875 0.3095703140625 0.95703125 0.318359375 0.9970703140625 0.3359375 0.9990234359375 0.33984375 0.9228515640625 0.3017578140625 0.916015625 0.2783203140625 0.935546875 0.265625 0.8955078140625
2 0.1943359359375 0.544921875 0.1767578140625 0.546875 0.1650390640625 0.53125 0.15625 0.5302734359375 0.154296875 0.4951171859375 0.1416015640625 0.490234375 0.1328125 0.5107421859375 0.1328125 0.5419921859375 0.12109375 0.5498046859375 0.109375 0.5830078140625 0.1318359359375 0.599609375 0.1494140640625 0.59765625 0.1611328140625 0.607421875 0.181640625 0.6083984359375 0.18359375 0.5849609359375 0.197265625 0.5654296859375 0.19921875 0.5498046859375 0.1943359359375 0.544921875
2 0.43359375 0.1474609359375 0.435546875 0.1279296859375 0.4267578140625 0.123046875 0.41796875 0.1376953140625 0.43359375 0.1474609359375
2 0.380859375 0.022460935937500003 0.39453125 0.0263671859375 0.408203125 0.016601564062499997 0.4150390640625 0 0.38671875 0.0009765640625 0.380859375 0.022460935937500003
2 0.482421875 0.1474609359375 0.4716796859375 0.138671875 0.455078125 0.1533203140625 0.4501953140625 0.169921875 0.4384765640625 0.166015625 0.427734375 0.1748046859375 0.42578125 0.1865234359375 0.439453125 0.2138671859375 0.4375 0.2333984359375 0.447265625 0.2529296859375 0.4765625 0.2548828140625 0.494140625 0.2451171859375 0.50390625 0.2099609359375 0.48046875 0.2041015640625 0.482421875 0.1474609359375
2 0.52734375 0.4990234359375 0.525390625 0.5361328140625 0.537109375 0.5380859359375 0.556640625 0.5302734359375 0.546875 0.5126953140625 0.5439453140625 0.486328125 0.52734375 0.4990234359375
2 0.6162109359375 0.59765625 0.59765625 0.6064453140625 0.59375 0.5654296859375 0.5791015640625 0.5546875 0.572265625 0.5615234359375 0.576171875 0.6025390640625 0.587890625 0.6240234359375 0.58203125 0.6376953140625 0.5625 0.6513671859375 0.560546875 0.6611328140625 0.5732421859375 0.67578125 0.6171875 0.6865234359375 0.6328125 0.6552734359375 0.623046875 0.6416015640625 0.62109375 0.6083984359375 0.6162109359375 0.59765625
2 0.693359375 0.8759765640625 0.64453125 0.8271484359375 0.634765625 0.7978515640625 0.6259765640625 0.794921875 0.607421875 0.8447265640625 0.6220703140625 0.849609375 0.6435546859375 0.8359375 0.673828125 0.8701171859375 0.662109375 0.9130859359375 0.673828125 0.9560546859375 0.669921875 0.9755859359375 0.68359375 0.9814453140625 0.70703125 0.9541015640625 0.705078125 0.9365234359375 0.693359375 0.9189453140625 0.693359375 0.8759765640625
2 0.890625 0.5341796859375 0.8955078140625 0.49609375 0.8828125 0.5068359359375 0.8828125 0.5283203140625 0.890625 0.5341796859375
2 0.875 0.4326171859375 0.873046875 0.4111328140625 0.888671875 0.3876953140625 0.892578125 0.3662109359375 0.8876953140625 0.359375 0.8720703140625 0.36328125 0.8525390640625 0.33203125 0.84375 0.3544921859375 0.85546875 0.3857421859375 0.853515625 0.4267578140625 0.869140625 0.4482421859375 0.87109375 0.4716796859375 0.890625 0.4736328140625 0.90234375 0.4638671859375 0.904296875 0.4501953140625 0.8955078140625 0.4375 0.875 0.4326171859375
2 1 0.7548828140625 0.9736328140625 0.7421875 0.96484375 0.7685546859375 0.966796875 0.7919921859375 0.98828125 0.8173828140625 0.98828125 0.8408203140625 1 0.8486328140625 1 0.7548828140625
2 0 0.08691406406249999 0.005859375 0.08691406406249999 0.01171875 0.07714843593750001 0.009765625 0.0595703140625 0.0009765640625 0.048828125 0 0.08691406406249999