2 0.3056640640625 0.595703125 0.3125 0.5947265640625 0.3125 0.5810546859375 0.3037109359375 0.580078125 0.298828125 0.5869140640625 0.3056640640625 0.595703125
2 0.4365234359375 1 0.453125 0.9990234359375 0.45703125 0.9931640640625 0.4521484359375 0.98828125 0.4375 0.9892578140625 0.4365234359375 1
2 0.2265625 0.2099609359375 0.23046875 0.1962890640625 0.2119140640625 0.17578125 0.2109375 0.2041015640625 0.2265625 0.2099609359375
2 0.38671875 0.8408203140625 0.392578125 0.8408203140625 0.396484375 0.8017578140625 0.3818359359375 0.794921875 0.37890625 0.8251953140625 0.38671875 0.8408203140625
2 0.322265625 0.6533203140625 0.330078125 0.6572265640625 0.33984375 0.6220703140625 0.3251953140625 0.60546875 0.3203125 0.6376953140625 0.322265625 0.6533203140625
2 0.404296875 0.9658203140625 0.431640625 0.9716796859375 0.4375 0.9677734359375 0.43359375 0.9521484359375 0.4130859359375 0.9375 0.404296875 0.9658203140625
2 0.1484375 0.10449218593750001 0.1484375 0.1396484359375 0.15625 0.1455078140625 0.16796875 0.1357421859375 0.169921875 0.12011718593750001 0.1552734359375 0.087890625 0.1484375 0.10449218593750001
2 0.3525390640625 0.677734375 0.341796875 0.6962890640625 0.3505859359375 0.70703125 0.376953125 0.7158203140625 0.380859375 0.7080078140625 0.373046875 0.6826171859375 0.3642578140625 0.67578125 0.3525390640625 0.677734375
2 0.24609375 0.4208984359375 0.24609375 0.4326171859375 0.279296875 0.4521484359375 0.283203125 0.4423828140625 0.27734375 0.4130859359375 0.2568359359375 0.40625 0.24609375 0.4208984359375
2 0.25 0.3544921859375 0.24609375 0.3310546859375 0.2373046859375 0.326171875 0.228515625 0.3486328140625 0.21484375 0.3623046859375 0.21484375 0.3759765640625 0.2265625 0.3798828140625 0.2490234359375 0.376953125 0.251953125 0.3642578140625 0.26171875 0.3623046859375 0.25 0.3544921859375
2 0.3974609359375 0.71484375 0.37890625 0.7236328140625 0.3671875 0.7529296859375 0.365234375 0.7880859359375 0.375 0.7919921859375 0.38671875 0.7783203140625 0.38671875 0.7646484359375 0.400390625 0.7373046859375 0.3974609359375 0.71484375
2 0.046875 0.8818359359375 0.0537109359375 0.890625 0.07421875 0.8935546859375 0.076171875 0.8642578140625 0.06933593593750001 0.83984375 0.046875 0.8720703140625 0.046875 0.8818359359375
2 0.62890625 0.5517578140625 0.640625 0.5693359359375 0.64453125 0.5419921859375 0.6376953140625 0.537109375 0.62890625 0.5419921859375 0.62890625 0.5517578140625
2 0.666015625 0.7197265640625 0.681640625 0.7236328140625 0.689453125 0.7197265640625 0.689453125 0.7099609359375 0.6708984359375 0.697265625 0.666015625 0.7197265640625
2 0.6923828140625 0.744140625 0.681640625 0.7587890640625 0.689453125 0.7744140640625 0.703125 0.7802734359375 0.705078125 0.7919921859375 0.71875 0.7998046859375 0.71875 0.7705078140625 0.705078125 0.7587890640625 0.701171875 0.7451171859375 0.6923828140625 0.744140625
2 0.728515625 0.9462890640625 0.7578125 0.9755859359375 0.767578125 0.9619140640625 0.763671875 0.9443359359375 0.7392578140625 0.921875 0.728515625 0.9462890640625
2 0.5654296859375 0.3046875 0.548828125 0.3232421859375 0.552734375 0.3642578140625 0.560546875 0.3701171859375 0.568359375 0.3349609359375 0.580078125 0.3173828140625 0.5771484359375 0.3046875 0.5654296859375 0.3046875
2 0.646484375 0.5947265640625 0.642578125 0.6201171859375 0.646484375 0.6455078140625 0.65625 0.6494140640625 0.669921875 0.6064453140625 0.669921875 0.5908203140625 0.6630859359375 0.58203125 0.646484375 0.5947265640625
2 0.7177734359375 0.833984375 0.697265625 0.8603515640625 0.7041015640625 0.876953125 0.716796875 0.8779296859375 0.740234375 0.8603515640625 0.7421875 0.8447265640625 0.7333984359375 0.83203125 0.7177734359375 0.833984375
2 0.5341796859375 0.203125 0.5263671859375 0.201171875 0.515625 0.2119140640625 0.513671875 0.2333984359375 0.529296875 0.2373046859375 0.560546875 0.2177734359375 0.5537109359375 0.19140625 0.5419921859375 0.19140625 0.5341796859375 0.203125
2 0.5283203140625 0.09765625 0.5166015640625 0.09765625 0.5107421859375 0.087890625 0.5009765640625 0.0859375 0.482421875 0.12402343593750001 0.4892578140625 0.134765625 0.521484375 0.1494140640625 0.5234375 0.1337890640625 0.53515625 0.12402343593750001 0.53515625 0.11035156406249999 0.5283203140625 0.09765625
2 0.599609375 0.4482421859375 0.6015625 0.4853515640625 0.638671875 0.5048828140625 0.640625 0.4794921859375 0.630859375 0.4462890640625 0.6064453140625 0.423828125 0.599609375 0.4482421859375
2 0.767578125 0.07714843593750001 0.7734375 0.07910156406249999 0.78515625 0.07519531406249999 0.7763671859375 0.029296875 0.76171875 0.0576171859375 0.767578125 0.07714843593750001
2 0.8212890640625 0.1953125 0.818359375 0.2060546859375 0.826171875 0.2119140640625 0.8212890640625 0.1953125
2 0.82421875 0.1826171859375 0.83203125 0.1728515640625 0.8173828140625 0.166015625 0.814453125 0.1787109359375 0.82421875 0.1826171859375
2 0.8623046859375 0.3046875 0.875 0.3056640640625 0.876953125 0.2958984359375 0.8525390640625 0.2578125 0.84375 0.2841796859375 0.8623046859375 0.3046875
2 0.904296875 0.3720703140625 0.904296875 0.3232421859375 0.8916015640625 0.30859375 0.8828125 0.3544921859375 0.904296875 0.3720703140625
2 0.80859375 0.10644531406249999 0.80859375 0.1357421859375 0.818359375 0.1396484359375 0.826171875 0.1318359359375 0.833984375 0.10058593593750001 0.8310546859375 0.080078125 0.80859375 0.10644531406249999
2 0.9169921859375 0.451171875 0.9296875 0.4521484359375 0.93359375 0.4384765640625 0.9169921859375 0.41796875 0.908203125 0.4404296859375 0.9169921859375 0.451171875
2 0.923828125 0.5302734359375 0.939453125 0.5419921859375 0.95703125 0.5244140640625 0.9482421859375 0.513671875 0.9345703140625 0.515625 0.923828125 0.5302734359375
2 0.962890625 0.5791015640625 0.978515625 0.5615234359375 0.9521484359375 0.548828125 0.943359375 0.5732421859375 0.962890625 0.5791015640625
2 1 0.6591796859375 0.9912109359375 0.658203125 0.982421875 0.6884765640625 1 0.6982421859375 1 0.6591796859375
2 0.97265625 0.7451171859375 0.98828125 0.7314453140625 0.9658203140625 0.724609375 0.96484375 0.7373046859375 0.97265625 0.7451171859375
2 0.0390625 0.7861328140625 0.033203125 0.8037109359375 0.041015625 0.8095703140625 0.047851564062500004 0.796875 0.0546875 0.7978515640625 0.0537109359375 0.78125 0.0390625 0.7861328140625