0 0.65625 0.1279296859375 0.640625 0.11425781406249999 0.642578125 0.08105468593750001 0.6337890640625 0.0625 0.6162109359375 0.0859375 0.6005859359375 0.0703125 0.5732421859375 0.095703125 0.5595703140625 0.091796875 0.55859375 0.12011718593750001 0.548828125 0.1416015640625 0.56640625 0.1533203140625 0.5751953140625 0.18359375 0.6025390640625 0.1796875 0.6083984359375 0.19140625 0.6181640640625 0.189453125 0.6298828140625 0.205078125 0.640625 0.2060546859375 0.646484375 0.1767578140625 0.6611328140625 0.169921875 0.666015625 0.1591796859375 0.65625 0.1279296859375
0 0.5712890640625 0.8671875 0.57421875 0.8427734359375 0.5859375 0.8349609359375 0.5859375 0.7880859359375 0.580078125 0.7802734359375 0.587890625 0.7587890640625 0.576171875 0.7509765640625 0.580078125 0.7275390640625 0.568359375 0.7236328140625 0.5615234359375 0.697265625 0.544921875 0.7177734359375 0.5419921859375 0.740234375 0.505859375 0.7373046859375 0.4921875 0.7685546859375 0.482421875 0.7685546859375 0.48828125 0.7880859359375 0.474609375 0.7998046859375 0.474609375 0.8330078140625 0.482421875 0.8564453140625 0.4912109359375 0.859375 0.5029296859375 0.8515625 0.5302734359375 0.880859375 0.5419921859375 0.8828125 0.5546875 0.9013671859375 0.568359375 0.8701171859375 0.56640625 0.8583984359375 0.5703125 0.8564453140625 0.5712890640625 0.8671875
0 0.833984375 0.6748046859375 0.7939453140625 0.609375 0.787109375 0.7099609359375 0.77734375 0.7333984359375 0.7890625 0.7451171859375 0.8125 0.7392578140625 0.8203125 0.7021484359375 0.837890625 0.6943359359375 0.833984375 0.6748046859375
0 0.80859375 0.5732421859375 0.8037109359375 0.482421875 0.7861328140625 0.494140625 0.7734375 0.4931640640625 0.759765625 0.5146484359375 0.759765625 0.5302734359375 0.7431640640625 0.53515625 0.734375 0.5478515640625 0.73046875 0.5732421859375 0.71484375 0.5947265640625 0.71484375 0.6103515640625 0.703125 0.6181640640625 0.705078125 0.6513671859375 0.7333984359375 0.666015625 0.7607421859375 0.6953125 0.77734375 0.6943359359375 0.78125 0.6220703140625 0.7939453140625 0.556640625 0.796875 0.5810546859375 0.80859375 0.5732421859375
1 0.9423828140625 0.15625 0.927734375 0.1669921859375 0.92578125 0.1845703140625 0.9384765640625 0.201171875 0.951171875 0.2001953140625 0.96484375 0.1904296859375 0.966796875 0.1806640640625 0.958984375 0.1611328140625 0.9423828140625 0.15625
2 0.0078125 0.1904296859375 0.0009765640625 0.185546875 0 0.2509765640625 0.013671875 0.2529296859375 0.015625 0.2294921859375 0.0234375 0.2255859359375 0.0078125 0.2119140640625 0.0078125 0.1904296859375
2 0.06738281406249999 0.41796875 0.0859375 0.4169921859375 0.09375 0.3681640640625 0.0576171859375 0.3515625 0.056640625 0.4091796859375 0.06738281406249999 0.41796875
2 0.2021484359375 0.658203125 0.1748046859375 0.650390625 0.169921875 0.6630859359375 0.1796875 0.6767578140625 0.17578125 0.6943359359375 0.185546875 0.7001953140625 0.18359375 0.7158203140625 0.1953125 0.7236328140625 0.197265625 0.7451171859375 0.205078125 0.7509765640625 0.21484375 0.7294921859375 0.205078125 0.6943359359375 0.2109375 0.6689453140625 0.2021484359375 0.658203125
2 0.2578125 0.8544921859375 0.263671875 0.8251953140625 0.2509765640625 0.81640625 0.24609375 0.8505859359375 0.2578125 0.8544921859375
2 0.259765625 0.8876953140625 0.26171875 0.9248046859375 0.27734375 0.9345703140625 0.291015625 0.9130859359375 0.2890625 0.8720703140625 0.2666015640625 0.849609375 0.259765625 0.8876953140625
2 0.3916015640625 0.23828125 0.3798828140625 0.244140625 0.3720703140625 0.232421875 0.3603515640625 0.26953125 0.3447265640625 0.255859375 0.3330078140625 0.255859375 0.330078125 0.2626953140625 0.345703125 0.2900390640625 0.34765625 0.3173828140625 0.3662109359375 0.3125 0.3828125 0.3212890640625 0.3916015640625 0.310546875 0.404296875 0.3095703140625 0.40625 0.2607421859375 0.3916015640625 0.23828125
2 0.2607421859375 0 0.2568359359375 0.01171875 0.240234375 0.016601564062499997 0.2421875 0.0263671859375 0.265625 0.047851564062500004 0.25390625 0.07128906406249999 0.29296875 0.09863281406249999 0.3046875 0.1455078140625 0.291015625 0.1748046859375 0.29296875 0.1865234359375 0.3134765640625 0.1875 0.3291015640625 0.17578125 0.3359375 0.1826171859375 0.328125 0.2138671859375 0.328125 0.2294921859375 0.3359375 0.2373046859375 0.353515625 0.2197265640625 0.35546875 0.2001953140625 0.365234375 0.1943359359375 0.373046875 0.1669921859375 0.3642578140625 0.158203125 0.333984375 0.1611328140625 0.341796875 0.11621093593750001 0.3349609359375 0.111328125 0.3232421859375 0.119140625 0.306640625 0.09667968593750001 0.310546875 0.06347656406249999 0.3037109359375 0.052734375 0.2958984359375 0.06640625 0.2890625 0.0615234359375 0.2890625 0.0126953140625 0.2763671859375 0 0.2607421859375 0
0 0.4580078140625 0.490234375 0.4423828140625 0.494140625 0.4375 0.4638671859375 0.4189453140625 0.4453125 0.4052734359375 0.44140625 0.388671875 0.4892578140625 0.392578125 0.5107421859375 0.4072265640625 0.521484375 0.427734375 0.5244140640625 0.4423828140625 0.501953125 0.4638671859375 0.51171875 0.462890625 0.4951171859375 0.4580078140625 0.490234375
2 0.5 0.7060546859375 0.5 0.7216796859375 0.5078125 0.7275390640625 0.515625 0.7099609359375 0.5087890640625 0.685546875 0.4921875 0.6943359359375 0.5 0.7060546859375
2 0.5 0.5712890640625 0.4912109359375 0.564453125 0.482421875 0.5712890640625 0.46875 0.6064453140625 0.490234375 0.6181640640625 0.486328125 0.6357421859375 0.494140625 0.6494140640625 0.48828125 0.6689453140625 0.51171875 0.6748046859375 0.517578125 0.6689453140625 0.517578125 0.6337890640625 0.501953125 0.6259765640625 0.5 0.5712890640625
2 0.71875 0.2138671859375 0.724609375 0.2001953140625 0.708984375 0.1923828140625 0.712890625 0.1669921859375 0.7080078140625 0.162109375 0.689453125 0.1728515640625 0.6875 0.1923828140625 0.67578125 0.2041015640625 0.67578125 0.2158203140625 0.68359375 0.2236328140625 0.6796875 0.2529296859375 0.685546875 0.2529296859375 0.6982421859375 0.236328125 0.7060546859375 0.24609375 0.72265625 0.2294921859375 0.71875 0.2138671859375
2 0.6103515640625 0.951171875 0.607421875 0.9990234359375 0.640625 0.9990234359375 0.6103515640625 0.951171875
2 0.896484375 0.8681640640625 0.8896484359375 0.828125 0.8759765640625 0.83203125 0.861328125 0.8505859359375 0.86328125 0.8779296859375 0.8671875 0.8662109359375 0.8779296859375 0.859375 0.8916015640625 0.87109375 0.896484375 0.8681640640625
2 0.93359375 0.9990234359375 0.927734375 0.9775390640625 0.9111328140625 0.970703125 0.912109375 0.9990234359375 0.93359375 0.9990234359375
2 0.63671875 0.032226564062500004 0.646484375 0.0009765640625 0.6240234359375 0 0.62890625 0.0263671859375 0.63671875 0.032226564062500004