2 0.65625 0.8916015640625 0.6484375 0.9150390640625 0.6484375 0.9267578140625 0.65625 0.9326171859375 0.66015625 0.9130859359375 0.669921875 0.9033203140625 0.6650390640625 0.890625 0.65625 0.8916015640625
2 0.4609375 0.4580078140625 0.462890625 0.4794921859375 0.482421875 0.4833984359375 0.490234375 0.4677734359375 0.48828125 0.4560546859375 0.4658203140625 0.453125 0.4609375 0.4580078140625
2 0.6611328140625 0.966796875 0.6552734359375 0.9453125 0.654296875 0.9775390640625 0.646484375 0.9990234359375 0.66015625 0.9990234359375 0.6630859359375 0.9921875 0.6845703140625 0.990234375 0.6875 0.9736328140625 0.6611328140625 0.966796875
2 0.59375 0.7685546859375 0.5849609359375 0.765625 0.578125 0.7744140640625 0.5703125 0.8193359359375 0.5810546859375 0.83203125 0.591796875 0.8310546859375 0.599609375 0.8271484359375 0.611328125 0.7958984359375 0.599609375 0.7919921859375 0.59375 0.7685546859375
2 0.5244140640625 0.671875 0.517578125 0.6865234359375 0.5234375 0.7060546859375 0.5322265640625 0.71484375 0.5458984359375 0.7109375 0.568359375 0.7177734359375 0.576171875 0.7099609359375 0.572265625 0.6884765640625 0.5537109359375 0.671875 0.5244140640625 0.671875
2 0.3193359359375 0.14453125 0.30078125 0.1494140640625 0.30078125 0.1611328140625 0.322265625 0.1826171859375 0.326171875 0.2041015640625 0.3359375 0.2041015640625 0.34765625 0.1787109359375 0.34765625 0.1435546859375 0.3388671859375 0.1171875 0.3193359359375 0.14453125
2 0.3134765640625 0 0.314453125 0.036132814062500004 0.296875 0.041992185937499996 0.296875 0.06347656406249999 0.3037109359375 0.078125 0.3291015640625 0.09375 0.34375 0.09277343593750001 0.34765625 0.06738281406249999 0.33203125 0.043945314062500004 0.330078125 0.0009765640625 0.3134765640625 0
2 0.4072265640625 0.2421875 0.3916015640625 0.25 0.39453125 0.2197265640625 0.3818359359375 0.205078125 0.3701171859375 0.203125 0.357421875 0.2177734359375 0.357421875 0.2333984359375 0.376953125 0.2509765640625 0.3828125 0.3271484359375 0.396484375 0.3291015640625 0.40625 0.2822265640625 0.421875 0.2607421859375 0.421875 0.2490234359375 0.4072265640625 0.2421875
2 0.03125 0.4033203140625 0.041015625 0.4052734359375 0.044921875 0.3857421859375 0.022460935937500003 0.36328125 0.01953125 0.3818359359375 0.03125 0.4033203140625
2 0.08984375 0.5771484359375 0.103515625 0.5771484359375 0.109375 0.5732421859375 0.111328125 0.5498046859375 0.09277343593750001 0.541015625 0.08984375 0.5771484359375
2 0.2685546859375 1 0.28515625 0.9990234359375 0.283203125 0.9599609359375 0.2705078140625 0.947265625 0.265625 0.9951171859375 0.2685546859375 1
2 0.0009765640625 0.263671875 0 0.3115234359375 0.015625 0.3154296859375 0.02734375 0.3076171859375 0.025390625 0.2900390640625 0.017578125 0.2744140640625 0.0009765640625 0.263671875
2 0.2412109359375 0.904296875 0.2294921859375 0.89453125 0.23046875 0.9462890640625 0.23828125 0.9638671859375 0.24609375 0.9658203140625 0.25390625 0.9443359359375 0.25390625 0.9091796859375 0.2490234359375 0.900390625 0.2412109359375 0.904296875
2 0.1728515640625 0.765625 0.16015625 0.7919921859375 0.1767578140625 0.810546875 0.1875 0.8115234359375 0.203125 0.7841796859375 0.203125 0.7666015640625 0.1962890640625 0.759765625 0.1728515640625 0.765625
2 0.1796875 0.6806640640625 0.1552734359375 0.658203125 0.11035156406249999 0.65625 0.111328125 0.6865234359375 0.12207031406249999 0.701171875 0.140625 0.7060546859375 0.1474609359375 0.697265625 0.1728515640625 0.69921875 0.18359375 0.6904296859375 0.1796875 0.6806640640625
2 0.087890625 0.4716796859375 0.038085935937499996 0.46484375 0.03125 0.5048828140625 0.0615234359375 0.53125 0.0703125 0.5302734359375 0.08300781406249999 0.509765625 0.09375 0.5087890640625 0.083984375 0.4951171859375 0.087890625 0.4716796859375
2 0.830078125 0.2294921859375 0.8232421859375 0.22265625 0.82421875 0.2548828140625 0.830078125 0.2294921859375
2 0.828125 0.2919921859375 0.83203125 0.2646484359375 0.8232421859375 0.2578125 0.8203125 0.2880859359375 0.828125 0.2919921859375
2 0.701171875 0.008789064062500001 0.712890625 0.022460935937500003 0.728515625 0.0283203140625 0.73828125 0.016601564062499997 0.73828125 0.0009765640625 0.7021484359375 0 0.701171875 0.008789064062500001
2 0.7607421859375 0.1640625 0.74609375 0.1845703140625 0.759765625 0.2080078140625 0.771484375 0.2099609359375 0.77734375 0.2041015640625 0.77734375 0.1826171859375 0.7734375 0.1689453140625 0.7607421859375 0.1640625
2 0.9609375 0.7724609359375 0.9609375 0.7919921859375 0.97265625 0.7958984359375 0.984375 0.7705078140625 0.9814453140625 0.748046875 0.97265625 0.7509765640625 0.9609375 0.7724609359375