2 0.06640625 0.6728515640625 0.07128906406249999 0.68359375 0.0859375 0.6865234359375 0.1015625 0.6689453140625 0.10058593593750001 0.638671875 0.08691406406249999 0.640625 0.06640625 0.6728515640625
2 0 0.5400390640625 0.009765625 0.5498046859375 0.01171875 0.5673828140625 0.021484375 0.5712890640625 0.040039064062500004 0.568359375 0.0625 0.5458984359375 0.048828125 0.5283203140625 0.05078125 0.5087890640625 0.041015625 0.4912109359375 0.0546875 0.4775390640625 0.043945314062500004 0.443359375 0.029296875 0.4521484359375 0.033203125 0.4814453140625 0.020507814062499997 0.48046875 0 0.4951171859375 0 0.5400390640625
2 0.2236328140625 0.87109375 0.2109375 0.8779296859375 0.19140625 0.9052734359375 0.19140625 0.9169921859375 0.205078125 0.9326171859375 0.20703125 0.9677734359375 0.21484375 0.9716796859375 0.2265625 0.9560546859375 0.234375 0.9248046859375 0.234375 0.8798828140625 0.2236328140625 0.87109375
2 0.5703125 0.8935546859375 0.578125 0.8564453140625 0.5576171859375 0.83984375 0.556640625 0.8857421859375 0.5703125 0.8935546859375
2 0.515625 0.7373046859375 0.521484375 0.7548828140625 0.5322265640625 0.7578125 0.546875 0.7822265640625 0.556640625 0.7861328140625 0.56640625 0.7763671859375 0.5625 0.7158203140625 0.5498046859375 0.705078125 0.515625 0.7373046859375
2 0.419921875 0.4580078140625 0.404296875 0.4697265640625 0.404296875 0.4794921859375 0.4111328140625 0.486328125 0.42578125 0.4853515640625 0.439453125 0.4755859359375 0.4453125 0.4482421859375 0.4208984359375 0.439453125 0.419921875 0.4580078140625
2 0.330078125 0.1279296859375 0.330078125 0.1552734359375 0.345703125 0.1572265640625 0.353515625 0.1416015640625 0.34765625 0.12011718593750001 0.3193359359375 0.126953125 0.330078125 0.1279296859375
2 0.7119140640625 0.103515625 0.6875 0.12207031406249999 0.6875 0.1318359359375 0.6962890640625 0.146484375 0.7099609359375 0.142578125 0.724609375 0.1748046859375 0.736328125 0.1787109359375 0.740234375 0.1533203140625 0.73046875 0.11425781406249999 0.7236328140625 0.10546875 0.7119140640625 0.103515625
2 0.7734375 0.2841796859375 0.751953125 0.2470703140625 0.7451171859375 0.24609375 0.740234375 0.2724609359375 0.7734375 0.2841796859375
2 0.82421875 0.3193359359375 0.8154296859375 0.296875 0.798828125 0.3349609359375 0.80078125 0.3603515640625 0.80859375 0.3623046859375 0.8291015640625 0.3515625 0.841796875 0.3291015640625 0.8408203140625 0.3203125 0.82421875 0.3193359359375
2 0.830078125 0.4287109359375 0.83984375 0.4208984359375 0.8369140640625 0.408203125 0.818359375 0.4169921859375 0.830078125 0.4287109359375
2 0.876953125 0.5439453140625 0.890625 0.5302734359375 0.8642578140625 0.51171875 0.859375 0.5224609359375 0.876953125 0.5439453140625
2 0.86328125 0.5693359359375 0.869140625 0.5556640640625 0.8544921859375 0.537109375 0.857421875 0.5673828140625 0.86328125 0.5693359359375
2 0.96484375 0.6884765640625 0.9599609359375 0.681640625 0.9521484359375 0.681640625 0.91796875 0.7197265640625 0.927734375 0.7275390640625 0.927734375 0.7685546859375 0.9375 0.7744140640625 0.9453125 0.7646484359375 0.947265625 0.7353515640625 0.962890625 0.7119140640625 0.96484375 0.6884765640625
2 0.970703125 0.8095703140625 0.98828125 0.8173828140625 1 0.8134765640625 0.9990234359375 0.78515625 0.966796875 0.7958984359375 0.970703125 0.8095703140625