1 0.72265625 0.5830078140625 0.703125 0.5712890640625 0.7021484359375 0.55859375 0.6806640640625 0.5859375 0.6494140640625 0.5703125 0.63671875 0.5966796859375 0.65625 0.6181640640625 0.6484375 0.6572265640625 0.685546875 0.7158203140625 0.693359375 0.6708984359375 0.70703125 0.6650390640625 0.6953125 0.6259765640625 0.72265625 0.5830078140625
2 0.1416015640625 0.908203125 0.15625 0.9072265640625 0.16015625 0.9169921859375 0.150390625 0.9365234359375 0.15234375 0.9482421859375 0.166015625 0.9501953140625 0.1796875 0.9208984359375 0.1708984359375 0.888671875 0.138671875 0.9013671859375 0.1416015640625 0.908203125
2 0.2392578140625 0.138671875 0.236328125 0.1435546859375 0.244140625 0.1552734359375 0.26171875 0.1650390640625 0.271484375 0.1513671859375 0.271484375 0.1396484359375 0.2646484359375 0.134765625 0.2392578140625 0.138671875
2 0.404296875 0.5712890640625 0.404296875 0.5791015640625 0.423828125 0.6005859359375 0.423828125 0.6396484359375 0.431640625 0.6494140640625 0.4453125 0.6201171859375 0.4326171859375 0.54296875 0.423828125 0.5595703140625 0.404296875 0.5712890640625
2 0.32421875 0.4423828140625 0.330078125 0.4443359359375 0.34375 0.4326171859375 0.3427734359375 0.412109375 0.328125 0.4169921859375 0.32421875 0.4423828140625
2 0.51953125 0.7978515640625 0.5107421859375 0.771484375 0.4970703140625 0.775390625 0.48828125 0.7568359359375 0.4794921859375 0.75390625 0.48046875 0.7978515640625 0.5078125 0.8154296859375 0.5078125 0.8583984359375 0.517578125 0.8603515640625 0.5234375 0.8291015640625 0.533203125 0.8232421859375 0.533203125 0.8017578140625 0.51953125 0.7978515640625
2 0.7353515640625 0.353515625 0.75 0.3447265640625 0.765625 0.3154296859375 0.7607421859375 0.302734375 0.7451171859375 0.3125 0.7080078140625 0.3046875 0.701171875 0.3212890640625 0.689453125 0.3271484359375 0.6953125 0.3583984359375 0.7041015640625 0.3671875 0.716796875 0.3662109359375 0.716796875 0.3505859359375 0.7255859359375 0.33984375 0.734375 0.3388671859375 0.7353515640625 0.353515625
2 0.650390625 0.032226564062500004 0.640625 0.0595703140625 0.642578125 0.07910156406249999 0.654296875 0.08300781406249999 0.666015625 0.06542968593750001 0.666015625 0.041992185937499996 0.6591796859375 0.029296875 0.650390625 0.032226564062500004
2 0.810546875 0.5498046859375 0.8212890640625 0.5625 0.833984375 0.5634765640625 0.8466796859375 0.55859375 0.84765625 0.5498046859375 0.8173828140625 0.5234375 0.810546875 0.5498046859375
2 0.759765625 0.4580078140625 0.7734375 0.4716796859375 0.775390625 0.4287109359375 0.7685546859375 0.423828125 0.76171875 0.4326171859375 0.759765625 0.4580078140625
2 0.6796875 0.2255859359375 0.681640625 0.2529296859375 0.689453125 0.2548828140625 0.701171875 0.2333984359375 0.6982421859375 0.205078125 0.685546875 0.2119140640625 0.6796875 0.2255859359375
1 0.833984375 0.0517578140625 0.8388671859375 0 0.74609375 0.0029296859375 0.75390625 0.049804685937499996 0.7705078140625 0.06640625 0.78125 0.06542968593750001 0.7939453140625 0.060546875 0.8017578140625 0.048828125 0.8154296859375 0.056640625 0.833984375 0.0517578140625