2 0.140625 0.2392578140625 0.142578125 0.2646484359375 0.13671875 0.2783203140625 0.1650390640625 0.302734375 0.181640625 0.3056640640625 0.1875 0.2568359359375 0.1689453140625 0.25 0.1474609359375 0.228515625 0.140625 0.2392578140625
2 0.439453125 0.9189453140625 0.4423828140625 0.900390625 0.4208984359375 0.90234375 0.4072265640625 0.931640625 0.3857421859375 0.923828125 0.37890625 0.9287109359375 0.37890625 0.9580078140625 0.369140625 0.9716796859375 0.37890625 0.9814453140625 0.380859375 0.9951171859375 0.3857421859375 1 0.416015625 0.9990234359375 0.4296875 0.9619140640625 0.4462890640625 0.95703125 0.45703125 0.9443359359375 0.439453125 0.9189453140625
2 0.0146484359375 0 0.04296875 0.047851564062500004 0.046875 0.09863281406249999 0.076171875 0.11230468593750001 0.0546875 0.1435546859375 0.064453125 0.1728515640625 0.0859375 0.1904296859375 0.095703125 0.2236328140625 0.11328125 0.2314453140625 0.119140625 0.2197265640625 0.1171875 0.1982421859375 0.126953125 0.1845703140625 0.125 0.12011718593750001 0.119140625 0.08691406406249999 0.107421875 0.07128906406249999 0.1015625 0.024414064062499997 0.09472656406249999 0.01953125 0.07714843593750001 0.033203125 0.034179685937499996 0 0.0146484359375 0
2 0.314453125 0.6162109359375 0.3125 0.5810546859375 0.3046875 0.5673828140625 0.314453125 0.5107421859375 0.3056640640625 0.498046875 0.2783203140625 0.501953125 0.271484375 0.4951171859375 0.25 0.4443359359375 0.251953125 0.4111328140625 0.23046875 0.3974609359375 0.2041015640625 0.353515625 0.1728515640625 0.34765625 0.171875 0.3544921859375 0.1875 0.3701171859375 0.177734375 0.3876953140625 0.1796875 0.4033203140625 0.197265625 0.4248046859375 0.197265625 0.4384765640625 0.22265625 0.4541015640625 0.220703125 0.4814453140625 0.23828125 0.5146484359375 0.236328125 0.5341796859375 0.25 0.5576171859375 0.24609375 0.5712890640625 0.271484375 0.6103515640625 0.259765625 0.6591796859375 0.296875 0.7060546859375 0.3125 0.7763671859375 0.3251953140625 0.78515625 0.33984375 0.7841796859375 0.365234375 0.7568359359375 0.333984375 0.7333984359375 0.33984375 0.6572265640625 0.314453125 0.6162109359375
2 0.6025390640625 0.712890625 0.599609375 0.7314453140625 0.611328125 0.7392578140625 0.6220703140625 0.759765625 0.630859375 0.7587890640625 0.63671875 0.7451171859375 0.6328125 0.7216796859375 0.6162109359375 0.7109375 0.6025390640625 0.712890625
2 0.64453125 0.7744140640625 0.65625 0.7958984359375 0.65625 0.8349609359375 0.673828125 0.8466796859375 0.6953125 0.7666015640625 0.6748046859375 0.76953125 0.6494140640625 0.751953125 0.64453125 0.7744140640625
2 0.42578125 0.0009765640625 0.3740234359375 0 0.3828125 0.024414064062499997 0.373046875 0.0615234359375 0.3876953140625 0.07421875 0.400390625 0.07324218593750001 0.412109375 0.06347656406249999 0.41015625 0.038085935937499996 0.423828125 0.022460935937500003 0.42578125 0.0009765640625
2 0.556640625 0.3740234359375 0.55078125 0.3447265640625 0.537109375 0.3349609359375 0.533203125 0.3173828140625 0.5244140640625 0.314453125 0.505859375 0.3583984359375 0.53125 0.3779296859375 0.51953125 0.4052734359375 0.5341796859375 0.412109375 0.544921875 0.4267578140625 0.5537109359375 0.416015625 0.5751953140625 0.416015625 0.580078125 0.3935546859375 0.556640625 0.3740234359375
2 0.564453125 0.5341796859375 0.568359375 0.5185546859375 0.583984375 0.4990234359375 0.5810546859375 0.474609375 0.5673828140625 0.478515625 0.53515625 0.5205078140625 0.537109375 0.5361328140625 0.552734375 0.5517578140625 0.552734375 0.6103515640625 0.5595703140625 0.6171875 0.5703125 0.6162109359375 0.595703125 0.5693359359375 0.59375 0.5498046859375 0.5751953140625 0.546875 0.564453125 0.5341796859375
2 0.71875 0.8759765640625 0.71875 0.8623046859375 0.7119140640625 0.857421875 0.7001953140625 0.857421875 0.6865234359375 0.875 0.650390625 0.8818359359375 0.658203125 0.9091796859375 0.65625 0.9267578140625 0.66796875 0.9541015640625 0.6787109359375 0.96484375 0.69921875 0.9638671859375 0.7177734359375 0.95703125 0.728515625 0.9365234359375 0.7109375 0.9208984359375 0.71875 0.8759765640625
2 0.9853515640625 0.779296875 0.994140625 0.7783203140625 1 0.7607421859375 0.9912109359375 0.755859375 0.978515625 0.7685546859375 0.9853515640625 0.779296875
2 0.953125 0.6513671859375 0.96875 0.6669921859375 0.9765625 0.6943359359375 0.994140625 0.7021484359375 0.998046875 0.6826171859375 0.986328125 0.6552734359375 0.9560546859375 0.646484375 0.953125 0.6513671859375
2 0.8349609359375 0.150390625 0.82421875 0.1572265640625 0.810546875 0.1845703140625 0.8203125 0.2080078140625 0.83203125 0.2138671859375 0.84765625 0.2001953140625 0.85546875 0.1767578140625 0.85546875 0.1669921859375 0.8349609359375 0.150390625
2 0.970703125 0.5595703140625 0.96875 0.5380859359375 0.9404296859375 0.52734375 0.921875 0.5419921859375 0.9296875 0.5849609359375 0.92578125 0.6123046859375 0.939453125 0.6181640640625 0.947265625 0.6103515640625 0.94921875 0.5830078140625 0.96875 0.5693359359375 0.970703125 0.5595703140625
2 0.93359375 0.2861328140625 0.9228515640625 0.279296875 0.9111328140625 0.294921875 0.8955078140625 0.298828125 0.8779296859375 0.28515625 0.869140625 0.2958984359375 0.873046875 0.3193359359375 0.861328125 0.3232421859375 0.875 0.3291015640625 0.875 0.3369140640625 0.9091796859375 0.375 0.916015625 0.3740234359375 0.921875 0.3642578140625 0.921875 0.3388671859375 0.939453125 0.3212890640625 0.93359375 0.2861328140625
2 0.9189453140625 0.42578125 0.91015625 0.4072265640625 0.8974609359375 0.404296875 0.890625 0.4150390640625 0.890625 0.4541015640625 0.9140625 0.4970703140625 0.943359375 0.5146484359375 0.9609375 0.4931640640625 0.970703125 0.4619140640625 0.96875 0.4482421859375 0.9189453140625 0.42578125
2 0.0078125 0.9970703140625 0.072265625 0.9990234359375 0.07519531406249999 0.947265625 0.045898435937499996 0.974609375 0.032226564062500004 0.9609375 0.0078125 0.9970703140625
2 0.02734375 0.8056640640625 0.010742185937499999 0.7734375 0 0.7783203140625 0.001953125 0.9833984359375 0.0234375 0.9677734359375 0.03515625 0.9423828140625 0.0234375 0.8720703140625 0.02734375 0.8056640640625