2 0.296875 0.5888671859375 0.3037109359375 0.6015625 0.310546875 0.6005859359375 0.322265625 0.5849609359375 0.314453125 0.5654296859375 0.3056640640625 0.5625 0.296875 0.5888671859375
2 0.41796875 0.9892578140625 0.427734375 0.9990234359375 0.439453125 0.9580078140625 0.4306640640625 0.943359375 0.41796875 0.9619140640625 0.41796875 0.9892578140625
2 0.240234375 0.4697265640625 0.240234375 0.4833984359375 0.25 0.4853515640625 0.267578125 0.4755859359375 0.2646484359375 0.435546875 0.25 0.4423828140625 0.240234375 0.4697265640625
2 0.08886718593750001 0 0.08984375 0.032226564062500004 0.09863281406249999 0.046875 0.10546875 0.045898435937499996 0.1171875 0.0302734359375 0.115234375 0.018554685937500003 0.10449218593750001 0 0.08886718593750001 0
2 0.1416015640625 0.095703125 0.138671875 0.11816406406249999 0.1484375 0.1435546859375 0.158203125 0.1494140640625 0.16796875 0.1455078140625 0.169921875 0.1357421859375 0.15625 0.10449218593750001 0.1416015640625 0.095703125
2 0.3447265640625 0.68359375 0.3193359359375 0.693359375 0.310546875 0.7158203140625 0.322265625 0.7197265640625 0.3564453140625 0.712890625 0.36328125 0.7021484359375 0.359375 0.6884765640625 0.3447265640625 0.68359375
2 0.3525390640625 0.794921875 0.34765625 0.8095703140625 0.36328125 0.8330078140625 0.357421875 0.8701171859375 0.3671875 0.8720703140625 0.392578125 0.8505859359375 0.396484375 0.8271484359375 0.3681640640625 0.80078125 0.3525390640625 0.794921875
2 0.20703125 0.2666015640625 0.2109375 0.2353515640625 0.2001953140625 0.232421875 0.185546875 0.2490234359375 0.189453125 0.2705078140625 0.181640625 0.3115234359375 0.1962890640625 0.328125 0.220703125 0.3291015640625 0.23046875 0.3056640640625 0.201171875 0.2919921859375 0.19921875 0.2724609359375 0.20703125 0.2666015640625
2 0.671875 0.7744140640625 0.67578125 0.7509765640625 0.6669921859375 0.734375 0.662109375 0.7529296859375 0.671875 0.7744140640625
2 0.6005859359375 0.54296875 0.611328125 0.5419921859375 0.615234375 0.5244140640625 0.6005859359375 0.51171875 0.59375 0.5361328140625 0.6005859359375 0.54296875
2 0.572265625 0.4716796859375 0.59375 0.4931640640625 0.599609375 0.4814453140625 0.595703125 0.4638671859375 0.5751953140625 0.44140625 0.572265625 0.4716796859375
2 0.51953125 0.3115234359375 0.5478515640625 0.318359375 0.534848484375 0.315151515625 0.5424242421875001 0.3136363640625 0.5424242421875001 0.3081017203125 0.53515625 0.3076171859375 0.537109375 0.2861328140625 0.5283203140625 0.275390625 0.51953125 0.3115234359375
2 0.478515625 0.11425781406249999 0.474609375 0.1279296859375 0.48046875 0.1728515640625 0.490234375 0.1748046859375 0.498046875 0.1376953140625 0.498046875 0.10644531406249999 0.4931640640625 0.1015625 0.478515625 0.11425781406249999
2 0.6435546859375 0.615234375 0.634765625 0.6357421859375 0.63671875 0.6572265640625 0.650390625 0.6962890640625 0.66015625 0.7001953140625 0.6640625 0.6728515640625 0.65625 0.6552734359375 0.65625 0.6279296859375 0.6435546859375 0.615234375
2 0.703125 0.8955078140625 0.70703125 0.9365234359375 0.72265625 0.9404296859375 0.728515625 0.9677734359375 0.73828125 0.9697265640625 0.744140625 0.9150390640625 0.728515625 0.8994140640625 0.7216796859375 0.87890625 0.703125 0.8955078140625
2 0.4677734359375 0.0546875 0.4462890640625 0.0234375 0.4375 0.043945314062500004 0.4375 0.07714843593750001 0.4423828140625 0.083984375 0.4599609359375 0.083984375 0.47265625 0.09863281406249999 0.490234375 0.07910156406249999 0.48828125 0.0615234359375 0.4814453140625 0.0546875 0.4677734359375 0.0546875
2 0.07421875 0.9951171859375 0.08984375 0.9990234359375 0.09765625 0.9755859359375 0.06542968593750001 0.970703125 0.049804685937499996 0.953125 0.07421875 0.9951171859375
2 0.034179685937499996 0.7734375 0.015625 0.8134765640625 0.029296875 0.8212890640625 0.038085935937499996 0.837890625 0.052734375 0.8369140640625 0.056640625 0.8212890640625 0.037109375 0.7919921859375 0.0390625 0.7744140640625 0.034179685937499996 0.7734375
2 0.791015625 0.07910156406249999 0.802734375 0.06542968593750001 0.7939453140625 0.0390625 0.783203125 0.045898435937499996 0.791015625 0.07910156406249999
2 0.744140625 0.018554685937500003 0.74609375 0.0302734359375 0.767578125 0.032226564062500004 0.7734375 0.022460935937500003 0.76953125 0.010742185937499999 0.7548828140625 0 0.744140625 0.018554685937500003
2 0.98046875 0.6474609359375 0.98046875 0.6337890640625 0.9638671859375 0.626953125 0.9609375 0.6416015640625 0.98046875 0.6474609359375
2 0.9375 0.7197265640625 0.9375 0.6904296859375 0.9267578140625 0.6875 0.921875 0.7158203140625 0.9375 0.7197265640625
2 0.962890625 0.7001953140625 0.984375 0.7119140640625 0.984375 0.6728515640625 0.9755859359375 0.669921875 0.9609375 0.6806640640625 0.962890625 0.7001953140625
2 0.8935546859375 0.390625 0.900390625 0.3896484359375 0.904296875 0.3447265640625 0.8955078140625 0.341796875 0.87890625 0.3740234359375 0.8935546859375 0.390625
2 0.8125 0.1865234359375 0.826171875 0.1904296859375 0.84375 0.1689453140625 0.8291015640625 0.140625 0.8125 0.1728515640625 0.8125 0.1865234359375
2 0.9375 0.5771484359375 0.951171875 0.5849609359375 0.9853515640625 0.4921875 0.970703125 0.5224609359375 0.9296875 0.5478515640625 0.9375 0.5771484359375
2 0.84375 0.2509765640625 0.84375 0.2900390640625 0.8486328140625 0.296875 0.8671875 0.2978515640625 0.8876953140625 0.294921875 0.892578125 0.2744140640625 0.8486328140625 0.24609375 0.84375 0.2509765640625
2 0.91796875 0.4384765640625 0.923828125 0.4052734359375 0.9130859359375 0.40234375 0.892578125 0.4091796859375 0.888671875 0.4287109359375 0.8935546859375 0.439453125 0.90625 0.4443359359375 0.8984375 0.4697265640625 0.908203125 0.4951171859375 0.921875 0.5009765640625 0.9296875 0.4873046859375 0.923828125 0.4833984359375 0.92578125 0.4482421859375 0.91796875 0.4384765640625