2 0.080078125 0.5537109359375 0.0859375 0.5712890640625 0.09765625 0.5751953140625 0.109375 0.5693359359375 0.115234375 0.5556640640625 0.10253906406249999 0.533203125 0.080078125 0.5537109359375
2 0.1328125 0.7060546859375 0.142578125 0.7626953140625 0.1484375 0.7763671859375 0.154296875 0.7763671859375 0.166015625 0.7294921859375 0.150390625 0.7275390640625 0.1533203140625 0.689453125 0.1328125 0.7060546859375
2 0.28515625 0.07910156406249999 0.29296875 0.036132814062500004 0.2587890640625 0.037109375 0.2578125 0.0517578140625 0.28515625 0.07910156406249999
2 0.41796875 0.5107421859375 0.41796875 0.5322265640625 0.42578125 0.5341796859375 0.439453125 0.5263671859375 0.4287109359375 0.494140625 0.419921875 0.4970703140625 0.41796875 0.5107421859375
2 0.841796875 0.9365234359375 0.849609375 0.9404296859375 0.85546875 0.8935546859375 0.8466796859375 0.888671875 0.833984375 0.9013671859375 0.841796875 0.9365234359375
2 0.8310546859375 0.80859375 0.8173828140625 0.8046875 0.8203125 0.8330078140625 0.8408203140625 0.859375 0.853515625 0.8623046859375 0.857421875 0.8447265640625 0.8515625 0.8310546859375 0.833984375 0.8212890640625 0.8310546859375 0.80859375
2 0.78515625 0.6826171859375 0.791015625 0.6689453140625 0.7890625 0.6259765640625 0.7783203140625 0.623046875 0.759765625 0.6396484359375 0.7578125 0.6630859359375 0.763671875 0.6708984359375 0.763671875 0.6923828140625 0.783203125 0.7236328140625 0.78515625 0.7529296859375 0.80078125 0.7666015640625 0.798828125 0.7353515640625 0.791015625 0.7177734359375 0.79296875 0.6943359359375 0.78515625 0.6826171859375
2 0.720703125 0.5419921859375 0.71875 0.5634765640625 0.7265625 0.5712890640625 0.7421875 0.5498046859375 0.7333984359375 0.5234375 0.724609375 0.5263671859375 0.720703125 0.5419921859375
2 0.6953125 0.4814453140625 0.6953125 0.4970703140625 0.70703125 0.5048828140625 0.716796875 0.4931640640625 0.7119140640625 0.447265625 0.701171875 0.4560546859375 0.6953125 0.4814453140625
2 0.685546875 0.3193359359375 0.69140625 0.2724609359375 0.6845703140625 0.265625 0.669921875 0.2958984359375 0.685546875 0.3193359359375
2 1 0.3505859359375 0.9853515640625 0.341796875 0.9697265640625 0.345703125 0.9462890640625 0.33984375 0.947265625 0.3505859359375 0.9609375 0.3623046859375 0.958984375 0.3779296859375 0.974609375 0.3857421859375 0.9794921859375 0.3671875 1 0.3642578140625 1 0.3505859359375