2 0 0.2958984359375 0.015625 0.2978515640625 0.017578125 0.2568359359375 0.008789064062500001 0.251953125 0 0.2568359359375 0 0.2958984359375
2 0.08300781406249999 0.470703125 0.072265625 0.4794921859375 0.072265625 0.5244140640625 0.08203125 0.5263671859375 0.109375 0.5087890640625 0.111328125 0.4931640640625 0.10058593593750001 0.47265625 0.08300781406249999 0.470703125
2 0.046875 0.3798828140625 0.029296875 0.4013671859375 0.034179685937499996 0.412109375 0.052734375 0.4130859359375 0.078125 0.4072265640625 0.0615234359375 0.330078125 0.048828125 0.3330078140625 0.046875 0.3798828140625
2 0.1787109359375 0.6953125 0.1533203140625 0.6796875 0.1484375 0.7001953140625 0.1328125 0.7197265640625 0.1435546859375 0.73046875 0.1591796859375 0.732421875 0.17578125 0.7490234359375 0.1953125 0.7392578140625 0.201171875 0.6982421859375 0.1962890640625 0.69140625 0.1787109359375 0.6953125
2 0.140625 0.5322265640625 0.1298828140625 0.529296875 0.11035156406249999 0.544921875 0.10058593593750001 0.54296875 0.09765625 0.5517578140625 0.1171875 0.5947265640625 0.103515625 0.6142578140625 0.111328125 0.6474609359375 0.13671875 0.6611328140625 0.150390625 0.6201171859375 0.140625 0.5810546859375 0.146484375 0.5654296859375 0.140625 0.5322265640625
2 0.2265625 0.8486328140625 0.2138671859375 0.8515625 0.212890625 0.8583984359375 0.2333984359375 0.873046875 0.25390625 0.8779296859375 0.263671875 0.8642578140625 0.2578125 0.8369140640625 0.2314453140625 0.826171875 0.2265625 0.8486328140625
2 0.251953125 0.9404296859375 0.248046875 0.9775390640625 0.263671875 0.9833984359375 0.287109375 0.9501953140625 0.2744140640625 0.912109375 0.263671875 0.9345703140625 0.251953125 0.9404296859375
2 0.3193359359375 0.087890625 0.314453125 0.11035156406249999 0.3046875 0.11621093593750001 0.306640625 0.1298828140625 0.294921875 0.1337890640625 0.294921875 0.1435546859375 0.3115234359375 0.15234375 0.3232421859375 0.140625 0.333984375 0.1513671859375 0.33984375 0.1337890640625 0.35546875 0.12402343593750001 0.35546875 0.11230468593750001 0.3193359359375 0.087890625
2 0.451171875 0.3388671859375 0.447265625 0.3017578140625 0.4384765640625 0.294921875 0.431640625 0.3095703140625 0.4296875 0.3466796859375 0.4111328140625 0.3359375 0.408203125 0.3544921859375 0.419921875 0.3798828140625 0.416015625 0.3974609359375 0.447265625 0.4111328140625 0.455078125 0.4052734359375 0.458984375 0.3876953140625 0.4453125 0.3857421859375 0.451171875 0.3388671859375
2 0.484375 0.5380859359375 0.474609375 0.5712890640625 0.486328125 0.5771484359375 0.4921875 0.5634765640625 0.513671875 0.5498046859375 0.5126953140625 0.533203125 0.484375 0.5380859359375
2 0.52734375 0.6689453140625 0.51953125 0.6845703140625 0.544921875 0.6904296859375 0.55859375 0.6533203140625 0.5283203140625 0.63671875 0.521484375 0.6435546859375 0.52734375 0.6689453140625
2 0.576171875 0.8076171859375 0.58984375 0.7958984359375 0.5810546859375 0.76171875 0.5625 0.7939453140625 0.576171875 0.8076171859375
2 0.630859375 0.9091796859375 0.630859375 0.8837890640625 0.6142578140625 0.865234375 0.603515625 0.8837890640625 0.630859375 0.9091796859375
2 0.892578125 0.3798828140625 0.8759765640625 0.3671875 0.8642578140625 0.376953125 0.8486328140625 0.3671875 0.8408203140625 0.369140625 0.83984375 0.4052734359375 0.84765625 0.4267578140625 0.8603515640625 0.44140625 0.88671875 0.4443359359375 0.88671875 0.4345703140625 0.900390625 0.4169921859375 0.888671875 0.3994140640625 0.892578125 0.3798828140625
2 0.8193359359375 0.212890625 0.8056640640625 0.197265625 0.7978515640625 0.197265625 0.794921875 0.2255859359375 0.818359375 0.2412109359375 0.84765625 0.2236328140625 0.849609375 0.2080078140625 0.8408203140625 0.205078125 0.8193359359375 0.212890625
2 0.7451171859375 0.0078125 0.73046875 0.043945314062500004 0.7451171859375 0.064453125 0.751953125 0.06347656406249999 0.767578125 0.040039064062500004 0.748046875 0.0283203140625 0.751953125 0.010742185937499999 0.7451171859375 0.0078125
2 0.919921875 0.7373046859375 0.9267578140625 0.744140625 0.9375 0.7431640640625 0.9609375 0.7275390640625 0.9599609359375 0.7109375 0.92578125 0.7119140640625 0.919921875 0.7373046859375
2 1 0.8349609359375 0.9833984359375 0.818359375 0.970703125 0.8232421859375 0.9609375 0.8447265640625 0.9609375 0.8525390640625 0.9765625 0.8623046859375 1 0.8603515640625 1 0.8349609359375