2 0.041015625 0.2099609359375 0.046875 0.1943359359375 0.0283203140625 0.181640625 0.02734375 0.2060546859375 0.041015625 0.2099609359375
2 0.12109375 0.4521484359375 0.1171875 0.4638671859375 0.12207031406249999 0.474609375 0.1328125 0.4755859359375 0.154296875 0.4658203140625 0.15234375 0.4462890640625 0.1396484359375 0.439453125 0.12109375 0.4521484359375
2 0.123046875 0.3876953140625 0.12890625 0.3798828140625 0.11621093593750001 0.359375 0.109375 0.3720703140625 0.123046875 0.3876953140625
2 0.169921875 0.6181640640625 0.1796875 0.6201171859375 0.193359375 0.6103515640625 0.193359375 0.6025390640625 0.1689453140625 0.58203125 0.169921875 0.6181640640625
2 0.19140625 0.6962890640625 0.2021484359375 0.708984375 0.22265625 0.7099609359375 0.2255859359375 0.6875 0.2060546859375 0.681640625 0.193359375 0.6865234359375 0.19140625 0.6962890640625
2 0.25390625 0.8056640640625 0.25390625 0.7900390640625 0.2451171859375 0.78125 0.23828125 0.7958984359375 0.25390625 0.8056640640625
2 0.263671875 0.8681640640625 0.267578125 0.8486328140625 0.2548828140625 0.841796875 0.25 0.8583984359375 0.263671875 0.8681640640625
2 0.28125 0.9130859359375 0.28515625 0.8974609359375 0.2763671859375 0.884765625 0.271484375 0.9072265640625 0.28125 0.9130859359375
2 0.44921875 0.4501953140625 0.478515625 0.4873046859375 0.48046875 0.4560546859375 0.4658203140625 0.427734375 0.451171875 0.4365234359375 0.44921875 0.4501953140625
2 0.4951171859375 0.60546875 0.517578125 0.6123046859375 0.5234375 0.5869140640625 0.5048828140625 0.560546875 0.4921875 0.5986328140625 0.4951171859375 0.60546875
2 0.53125 0.7060546859375 0.541015625 0.7177734359375 0.55078125 0.6962890640625 0.544921875 0.6689453140625 0.5380859359375 0.666015625 0.53125 0.7060546859375
2 0.4150390640625 0.32421875 0.43359375 0.3291015640625 0.4365234359375 0.2890625 0.4169921859375 0.30078125 0.41015625 0.3154296859375 0.4150390640625 0.32421875
2 0.3837890640625 0.173828125 0.3671875 0.2099609359375 0.3896484359375 0.228515625 0.396484375 0.2275390640625 0.404296875 0.2119140640625 0.392578125 0.1962890640625 0.390625 0.1748046859375 0.3837890640625 0.173828125
2 0.3232421859375 0.00390625 0.32421875 0.0302734359375 0.33203125 0.034179685937499996 0.345703125 0.022460935937500003 0.345703125 0.0126953140625 0.3408203140625 0.005859375 0.3232421859375 0.00390625
2 0.8876953140625 0.71875 0.87890625 0.7353515640625 0.900390625 0.7509765640625 0.9140625 0.7431640640625 0.9140625 0.7236328140625 0.9111328140625 0.71875 0.8876953140625 0.71875
2 0.8662109359375 0.67578125 0.873046875 0.6748046859375 0.876953125 0.6220703140625 0.8701171859375 0.6171875 0.8515625 0.6572265640625 0.8662109359375 0.67578125
2 0.83203125 0.5458984359375 0.841796875 0.5498046859375 0.857421875 0.5322265640625 0.8525390640625 0.513671875 0.828125 0.5283203140625 0.83203125 0.5458984359375
2 0.794921875 0.4208984359375 0.802734375 0.4248046859375 0.82421875 0.4091796859375 0.8193359359375 0.400390625 0.798828125 0.3994140640625 0.794921875 0.4208984359375
2 0.7734375 0.3525390640625 0.779296875 0.3388671859375 0.7705078140625 0.330078125 0.765625 0.3466796859375 0.7734375 0.3525390640625
2 0.7265625 0.1787109359375 0.734375 0.2021484359375 0.755859375 0.1845703140625 0.755859375 0.1767578140625 0.7314453140625 0.16796875 0.7265625 0.1787109359375
2 0.70703125 0.12011718593750001 0.720703125 0.10058593593750001 0.7138671859375 0.0859375 0.703125 0.09277343593750001 0.70703125 0.12011718593750001
2 0.7255859359375 0.23828125 0.71484375 0.2509765640625 0.71484375 0.2646484359375 0.73046875 0.2724609359375 0.7353515640625 0.265625 0.751953125 0.2666015640625 0.7470703140625 0.236328125 0.7255859359375 0.23828125
2 0.9716796859375 0 0.978515625 0.018554685937500003 0.974609375 0.032226564062500004 1 0.034179685937499996 1 0.018554685937500003 0.98828125 0.016601564062499997 0.9833984359375 0 0.9716796859375 0