2 0.15234375 0.6474609359375 0.16796875 0.6533203140625 0.171875 0.6142578140625 0.1416015640625 0.60546875 0.138671875 0.6220703140625 0.15234375 0.6474609359375
2 0.21875 0.7958984359375 0.2236328140625 0.806640625 0.23828125 0.8115234359375 0.244140625 0.8076171859375 0.2392578140625 0.755859375 0.22265625 0.7607421859375 0.21875 0.7958984359375
2 0.024414064062499997 0.2109375 0.0126953140625 0.23046875 0 0.2294921859375 0.0048828140625 0.25 0.03125 0.2568359359375 0.048828125 0.2333984359375 0.048828125 0.2216796859375 0.038085935937499996 0.2109375 0.024414064062499997 0.2109375
2 0.09375 0.5146484359375 0.103515625 0.5341796859375 0.099609375 0.5537109359375 0.11230468593750001 0.568359375 0.126953125 0.5693359359375 0.138671875 0.5224609359375 0.12011718593750001 0.515625 0.09863281406249999 0.49609375 0.09375 0.5146484359375
2 0.01171875 0.3740234359375 0.046875 0.3876953140625 0.0546875 0.3662109359375 0.052734375 0.3525390640625 0.008789064062500001 0.31640625 0.01171875 0.3740234359375
2 0.1748046859375 0.666015625 0.1552734359375 0.681640625 0.125 0.6767578140625 0.126953125 0.7060546859375 0.140625 0.7177734359375 0.13671875 0.7333984359375 0.1435546859375 0.740234375 0.15625 0.7392578140625 0.1640625 0.7353515640625 0.18359375 0.6982421859375 0.181640625 0.6748046859375 0.1748046859375 0.666015625
2 0.0283203140625 0.396484375 0.025390625 0.4013671859375 0.03515625 0.4267578140625 0.05078125 0.4384765640625 0.056640625 0.4677734359375 0.068359375 0.4736328140625 0.087890625 0.4326171859375 0.07128906406249999 0.384765625 0.047851564062500004 0.3984375 0.0283203140625 0.396484375
2 0.3515625 0.07714843593750001 0.35546875 0.10449218593750001 0.3388671859375 0.1015625 0.328125 0.11425781406249999 0.3349609359375 0.126953125 0.361328125 0.1376953140625 0.37890625 0.1279296859375 0.369140625 0.10253906406249999 0.3642578140625 0.046875 0.3515625 0.07714843593750001
2 0.609375 0.9501953140625 0.609375 0.9619140640625 0.62890625 0.9736328140625 0.6318359359375 1 0.65234375 0.9990234359375 0.658203125 0.9560546859375 0.6455078140625 0.9375 0.6259765640625 0.9375 0.609375 0.9501953140625
2 0.37890625 0.2001953140625 0.3564453140625 0.19921875 0.34765625 0.2060546859375 0.3603515640625 0.228515625 0.390625 0.2294921859375 0.404296875 0.1767578140625 0.3974609359375 0.14453125 0.3828125 0.1552734359375 0.37890625 0.2001953140625
2 0.5810546859375 0.83203125 0.5615234359375 0.82421875 0.548828125 0.8525390640625 0.55078125 0.8623046859375 0.5654296859375 0.888671875 0.5830078140625 0.90234375 0.591796875 0.9013671859375 0.607421875 0.8681640640625 0.60546875 0.8369140640625 0.5986328140625 0.830078125 0.5810546859375 0.83203125
2 0.5029296859375 0.421875 0.4794921859375 0.423828125 0.4599609359375 0.412109375 0.44921875 0.4228515640625 0.455078125 0.4443359359375 0.44921875 0.4697265640625 0.451171875 0.4794921859375 0.466796875 0.4873046859375 0.501953125 0.4716796859375 0.51171875 0.4541015640625 0.513671875 0.4306640640625 0.5029296859375 0.421875
2 0.5302734359375 0.53515625 0.51953125 0.5419921859375 0.5 0.5830078140625 0.478515625 0.5986328140625 0.478515625 0.6181640640625 0.509765625 0.6416015640625 0.5390625 0.6103515640625 0.53125 0.5869140640625 0.537109375 0.5439453140625 0.5302734359375 0.53515625
2 0.5712890640625 0.650390625 0.5537109359375 0.666015625 0.5283203140625 0.673828125 0.5126953140625 0.671875 0.5048828140625 0.6640625 0.494140625 0.6689453140625 0.505859375 0.7177734359375 0.54296875 0.7431640640625 0.5673828140625 0.734375 0.57421875 0.7236328140625 0.576171875 0.6552734359375 0.5712890640625 0.650390625
2 0.431640625 0.2822265640625 0.4375 0.2509765640625 0.4267578140625 0.24609375 0.4189453140625 0.251953125 0.3994140640625 0.234375 0.365234375 0.2880859359375 0.3779296859375 0.30859375 0.400390625 0.3134765640625 0.4111328140625 0.341796875 0.43359375 0.3466796859375 0.43359375 0.3173828140625 0.443359375 0.3056640640625 0.44140625 0.2919921859375 0.431640625 0.2822265640625
2 0.7900390640625 0.140625 0.7744140640625 0.12890625 0.767578125 0.1611328140625 0.7763671859375 0.169921875 0.796875 0.1708984359375 0.80859375 0.1630859359375 0.814453125 0.1416015640625 0.8095703140625 0.13671875 0.7900390640625 0.140625
2 0.8642578140625 0.578125 0.85546875 0.6025390640625 0.869140625 0.6298828140625 0.880859375 0.6318359359375 0.888671875 0.6240234359375 0.89453125 0.5966796859375 0.8779296859375 0.580078125 0.8642578140625 0.578125
2 0.7763671859375 0.03515625 0.7578125 0.043945314062500004 0.75390625 0.07714843593750001 0.734375 0.08691406406249999 0.736328125 0.10839843593750001 0.751953125 0.11425781406249999 0.76171875 0.10839843593750001 0.76953125 0.09082031406249999 0.78125 0.047851564062500004 0.7763671859375 0.03515625
2 0.7119140640625 0 0.69140625 0.008789064062500001 0.689453125 0.0302734359375 0.6982421859375 0.041015625 0.7216796859375 0.03515625 0.73828125 0.041992185937499996 0.755859375 0.0302734359375 0.7529296859375 0.0078125 0.7392578140625 0 0.7119140640625 0
2 0.91015625 0.6708984359375 0.9140625 0.6982421859375 0.935546875 0.7177734359375 0.94921875 0.6884765640625 0.9482421859375 0.6328125 0.9267578140625 0.640625 0.91015625 0.6708984359375
2 1 0.8662109359375 0.986328125 0.8583984359375 0.98046875 0.8447265640625 0.9765625 0.8056640640625 0.9580078140625 0.802734375 0.9501953140625 0.794921875 0.943359375 0.7998046859375 0.943359375 0.8115234359375 0.951171875 0.8154296859375 0.9453125 0.8408203140625 0.953125 0.8466796859375 0.955078125 0.8701171859375 0.96875 0.8759765640625 0.984375 0.9111328140625 1 0.9208984359375 1 0.8662109359375
2 0.888671875 0.3857421859375 0.857421875 0.3740234359375 0.85546875 0.3310546859375 0.83203125 0.3173828140625 0.826171875 0.2998046859375 0.8095703140625 0.283203125 0.7998046859375 0.283203125 0.783203125 0.2939453140625 0.779296875 0.3173828140625 0.796875 0.3251953140625 0.798828125 0.3583984359375 0.814453125 0.3701171859375 0.818359375 0.3857421859375 0.83203125 0.3935546859375 0.83203125 0.4560546859375 0.849609375 0.4677734359375 0.8671875 0.4501953140625 0.87109375 0.4267578140625 0.888671875 0.4013671859375 0.888671875 0.3857421859375