2 0.8603515640625 0.685546875 0.8408203140625 0.671875 0.837890625 0.6982421859375 0.84375 0.7255859359375 0.859375 0.7373046859375 0.8662109359375 0.751953125 0.876953125 0.7509765640625 0.89453125 0.7236328140625 0.890625 0.6884765640625 0.8720703140625 0.67578125 0.8603515640625 0.685546875
2 0.7998046859375 0.5234375 0.794921875 0.5419921859375 0.81640625 0.5576171859375 0.8427734359375 0.55078125 0.84765625 0.5361328140625 0.8095703140625 0.521484375 0.7998046859375 0.5234375
2 0.7431640640625 0.33203125 0.728515625 0.3505859359375 0.728515625 0.3603515640625 0.7392578140625 0.380859375 0.751953125 0.3798828140625 0.76171875 0.3662109359375 0.748046875 0.3505859359375 0.75390625 0.3369140640625 0.7431640640625 0.33203125
2 0.66796875 0.2119140640625 0.6728515640625 0.220703125 0.693359375 0.2216796859375 0.708984375 0.2080078140625 0.6904296859375 0.181640625 0.669921875 0.2021484359375 0.66796875 0.2119140640625
2 0.595703125 0.0615234359375 0.607421875 0.06738281406249999 0.623046875 0.047851564062500004 0.623046875 0.036132814062500004 0.5986328140625 0.0234375 0.595703125 0.0615234359375
2 0.275390625 0.2294921859375 0.2734375 0.2451171859375 0.2861328140625 0.255859375 0.302734375 0.2548828140625 0.30859375 0.2470703140625 0.310546875 0.2158203140625 0.2939453140625 0.21484375 0.275390625 0.2294921859375
2 0.294921875 0.2783203140625 0.2783203140625 0.279296875 0.2734375 0.2919921859375 0.2939453140625 0.314453125 0.30859375 0.3154296859375 0.318359375 0.3095703140625 0.3203125 0.2880859359375 0.3017578140625 0.2578125 0.294921875 0.2783203140625
2 0.224609375 0.018554685937500003 0.2255859359375 0 0.201171875 0.0009765640625 0.2158203140625 0.017578125 0.224609375 0.018554685937500003
2 0.34375 0.4423828140625 0.361328125 0.4306640640625 0.3583984359375 0.416015625 0.3310546859375 0.40234375 0.322265625 0.4052734359375 0.32421875 0.4287109359375 0.3046875 0.4501953140625 0.3095703140625 0.46484375 0.3203125 0.4638671859375 0.3291015640625 0.455078125 0.3427734359375 0.458984375 0.34765625 0.4521484359375 0.34375 0.4423828140625
2 0.451171875 0.6083984359375 0.4443359359375 0.603515625 0.4375 0.6162109359375 0.435546875 0.6650390640625 0.4150390640625 0.658203125 0.412109375 0.6689453140625 0.423828125 0.6884765640625 0.419921875 0.7041015640625 0.4345703140625 0.71484375 0.453125 0.7138671859375 0.4609375 0.6962890640625 0.453125 0.6943359359375 0.455078125 0.6396484359375 0.451171875 0.6083984359375
2 0.5146484359375 0.828125 0.48828125 0.8251953140625 0.478515625 0.8642578140625 0.490234375 0.8701171859375 0.4990234359375 0.853515625 0.515625 0.8486328140625 0.51953125 0.8349609359375 0.5146484359375 0.828125
2 0.5439453140625 0.935546875 0.5361328140625 0.919921875 0.5234375 0.9443359359375 0.53515625 0.9599609359375 0.529296875 0.9853515640625 0.537109375 0.9853515640625 0.552734375 0.9755859359375 0.5625 0.9462890640625 0.5576171859375 0.9375 0.5439453140625 0.935546875
2 0.1630859359375 0.978515625 0.15625 0.9912109359375 0.1572265640625 1 0.212890625 0.9990234359375 0.2041015640625 0.984375 0.1826171859375 0.97265625 0.1728515640625 0.98046875 0.1630859359375 0.978515625
2 0.08203125 0.7861328140625 0.083984375 0.8232421859375 0.099609375 0.8271484359375 0.12109375 0.7939453140625 0.11816406406249999 0.775390625 0.09667968593750001 0.77734375 0.08203125 0.7861328140625
2 0.158203125 0.8466796859375 0.1435546859375 0.83203125 0.126953125 0.8447265640625 0.125 0.8583984359375 0.10546875 0.8798828140625 0.123046875 0.9091796859375 0.11328125 0.9228515640625 0.123046875 0.9404296859375 0.12109375 0.9638671859375 0.1279296859375 0.970703125 0.138671875 0.9697265640625 0.150390625 0.9580078140625 0.16015625 0.9150390640625 0.1484375 0.8779296859375 0.158203125 0.8466796859375
2 0.06738281406249999 0.638671875 0.05859375 0.6455078140625 0.056640625 0.6728515640625 0.0625 0.6845703140625 0.044921875 0.7119140640625 0.047851564062500004 0.720703125 0.056640625 0.7216796859375 0.087890625 0.7099609359375 0.080078125 0.6962890640625 0.083984375 0.6728515640625 0.06738281406249999 0.638671875
2 0 0.5986328140625 0.008789064062500001 0.59765625 0.018554685937500003 0.611328125 0.02734375 0.6103515640625 0.0234375 0.5830078140625 0.033203125 0.5673828140625 0.0029296859375 0.568359375 0 0.5986328140625