2 0.630859375 0.9990234359375 0.6259765640625 0.974609375 0.591796875 0.9794921859375 0.6005859359375 1 0.630859375 0.9990234359375
2 0.2705078140625 0 0.265625 0.022460935937500003 0.25390625 0.0302734359375 0.2734375 0.0615234359375 0.2734375 0.09472656406249999 0.28515625 0.09472656406249999 0.294921875 0.09082031406249999 0.302734375 0.06933593593750001 0.28125 0.0029296859375 0.2705078140625 0
2 0.572265625 0.8056640640625 0.56640625 0.7919921859375 0.5703125 0.7724609359375 0.5556640640625 0.767578125 0.544921875 0.7978515640625 0.5625 0.8251953140625 0.5546875 0.8427734359375 0.5673828140625 0.85546875 0.57421875 0.8544921859375 0.6015625 0.8291015640625 0.603515625 0.8173828140625 0.5908203140625 0.806640625 0.572265625 0.8056640640625
2 0.3603515640625 0.33203125 0.353515625 0.3857421859375 0.3720703140625 0.392578125 0.3896484359375 0.38671875 0.404296875 0.3974609359375 0.41015625 0.3466796859375 0.400390625 0.3427734359375 0.3955078140625 0.328125 0.3603515640625 0.33203125
2 0.34375 0.1689453140625 0.3466796859375 0.158203125 0.3671875 0.1552734359375 0.361328125 0.1259765640625 0.369140625 0.10449218593750001 0.3642578140625 0.091796875 0.3486328140625 0.09375 0.3330078140625 0.076171875 0.318359375 0.1279296859375 0.3046875 0.1474609359375 0.33984375 0.2021484359375 0.3359375 0.2158203140625 0.34765625 0.2197265640625 0.35546875 0.2158203140625 0.359375 0.2021484359375 0.345703125 0.1923828140625 0.34375 0.1689453140625
2 0.8125 0.7021484359375 0.8125 0.7236328140625 0.833984375 0.7353515640625 0.8359375 0.7060546859375 0.8115234359375 0.67578125 0.7978515640625 0.67578125 0.8125 0.7021484359375
2 0.7138671859375 0.234375 0.705078125 0.2705078140625 0.736328125 0.2861328140625 0.751953125 0.2783203140625 0.73828125 0.2705078140625 0.73046875 0.2431640640625 0.7138671859375 0.234375
2 0.6474609359375 0.013671875 0.634765625 0.0595703140625 0.654296875 0.07128906406249999 0.671875 0.040039064062500004 0.673828125 0.022460935937500003 0.6552734359375 0.0234375 0.6474609359375 0.013671875
2 0.8642578140625 0.763671875 0.857421875 0.7744140640625 0.857421875 0.7939453140625 0.876953125 0.8115234359375 0.876953125 0.8349609359375 0.9033203140625 0.830078125 0.908203125 0.8369140640625 0.912109375 0.8212890640625 0.892578125 0.8154296859375 0.884765625 0.7763671859375 0.8642578140625 0.763671875
2 0.84375 0.5380859359375 0.845703125 0.5263671859375 0.8349609359375 0.5 0.806640625 0.5244140640625 0.791015625 0.5498046859375 0.80078125 0.5751953140625 0.8125 0.5849609359375 0.814453125 0.5498046859375 0.8251953140625 0.541015625 0.8388671859375 0.546875 0.84375 0.5380859359375
2 0.810546875 0.3818359359375 0.8037109359375 0.373046875 0.78125 0.3896484359375 0.783203125 0.4248046859375 0.7646484359375 0.423828125 0.759765625 0.4326171859375 0.765625 0.4599609359375 0.77734375 0.4658203140625 0.7822265640625 0.455078125 0.7939453140625 0.45703125 0.8046875 0.4501953140625 0.810546875 0.3818359359375
2 0.056640625 0.2822265640625 0.049804685937499996 0.2734375 0.033203125 0.2705078140625 0.0283203140625 0.24609375 0.0146484359375 0.24609375 0.0078125 0.2392578140625 0.0078125 0.2177734359375 0.0009765640625 0.2109375 0.001953125 0.3427734359375 0.0068359359375 0.349609375 0.0283203140625 0.34375 0.060546875 0.3486328140625 0.06640625 0.3369140640625 0.064453125 0.3134765640625 0.052734375 0.3037109359375 0.056640625 0.2822265640625
2 0.18359375 0.6103515640625 0.173828125 0.5791015640625 0.1611328140625 0.57421875 0.150390625 0.6025390640625 0.154296875 0.6181640640625 0.142578125 0.6259765640625 0.142578125 0.6337890640625 0.15234375 0.6533203140625 0.16796875 0.6591796859375 0.181640625 0.6494140640625 0.1796875 0.6396484359375 0.1953125 0.6240234359375 0.18359375 0.6103515640625