2 0.498046875 0.08691406406249999 0.484375 0.06347656406249999 0.5009765640625 0.068359375 0.5126953140625 0.0625 0.529296875 0.038085935937499996 0.533203125 0.018554685937500003 0.548828125 0.010742185937499999 0.5498046859375 0 0.447265625 0.0009765640625 0.44921875 0.0556640640625 0.427734375 0.07519531406249999 0.4365234359375 0.087890625 0.4453125 0.08886718593750001 0.4453125 0.10839843593750001 0.4560546859375 0.111328125 0.4716796859375 0.1328125 0.478515625 0.1318359359375 0.482421875 0.11621093593750001 0.4765625 0.10058593593750001 0.4931640640625 0.095703125 0.498046875 0.08691406406249999
2 0.5517578140625 0.26953125 0.54296875 0.2724609359375 0.5302734359375 0.29296875 0.5166015640625 0.275390625 0.515625 0.3017578140625 0.505859375 0.3115234359375 0.5234375 0.3388671859375 0.521484375 0.3720703140625 0.537109375 0.3740234359375 0.552734375 0.3505859359375 0.54296875 0.3232421859375 0.5546875 0.2841796859375 0.5517578140625 0.26953125
2 0.6513671859375 0.587890625 0.6435546859375 0.58203125 0.626953125 0.5927734359375 0.625 0.6318359359375 0.6357421859375 0.646484375 0.642578125 0.6455078140625 0.671875 0.6123046859375 0.673828125 0.5966796859375 0.6669921859375 0.5859375 0.6513671859375 0.587890625
2 0.671875 0.6962890640625 0.6552734359375 0.6875 0.666015625 0.7548828140625 0.67578125 0.7607421859375 0.68359375 0.7509765640625 0.68359375 0.7314453140625 0.673828125 0.7158203140625 0.671875 0.6962890640625
2 0.0263671859375 0.048828125 0.0146484359375 0.04296875 0.009765625 0.047851564062500004 0.0283203140625 0.07421875 0.041992185937499996 0.07421875 0.049804685937499996 0.0859375 0.0625 0.08496093593750001 0.06640625 0.06542968593750001 0.048828125 0.049804685937499996 0.041992185937499996 0.02734375 0.0263671859375 0.048828125
2 0.228515625 0.3330078140625 0.2236328140625 0.328125 0.20703125 0.3349609359375 0.177734375 0.4072265640625 0.1796875 0.4208984359375 0.201171875 0.4345703140625 0.208984375 0.4208984359375 0.2109375 0.3779296859375 0.2265625 0.3720703140625 0.228515625 0.3330078140625
2 0.09472656406249999 0.2578125 0.08984375 0.2724609359375 0.095703125 0.2861328140625 0.12109375 0.3037109359375 0.123046875 0.3212890640625 0.111328125 0.3310546859375 0.11328125 0.3408203140625 0.1337890640625 0.341796875 0.15234375 0.3583984359375 0.158203125 0.3251953140625 0.140625 0.2841796859375 0.11230468593750001 0.2578125 0.09472656406249999 0.2578125
2 0.302734375 0.6259765640625 0.2919921859375 0.62109375 0.28125 0.6376953140625 0.28125 0.6669921859375 0.2666015640625 0.671875 0.26171875 0.6865234359375 0.2900390640625 0.712890625 0.296875 0.7119140640625 0.3076171859375 0.708984375 0.314453125 0.6962890640625 0.30078125 0.6611328140625 0.302734375 0.6259765640625
2 0.31640625 0.8037109359375 0.318359375 0.7783203140625 0.3095703140625 0.763671875 0.2958984359375 0.796875 0.2822265640625 0.798828125 0.2607421859375 0.791015625 0.259765625 0.8017578140625 0.2705078140625 0.81640625 0.2890625 0.8212890640625 0.2919921859375 0.84375 0.3125 0.8486328140625 0.3173828140625 0.8359375 0.341796875 0.8251953140625 0.341796875 0.8154296859375 0.31640625 0.8037109359375
2 0.3642578140625 0.8828125 0.3369140640625 0.892578125 0.33203125 0.9091796859375 0.357421875 0.9287109359375 0.3544921859375 0.9375 0.33984375 0.9423828140625 0.34765625 0.9951171859375 0.3525390640625 1 0.41796875 0.9990234359375 0.400390625 0.9794921859375 0.412109375 0.9443359359375 0.375 0.9267578140625 0.3642578140625 0.8828125
2 0.220703125 0.4892578140625 0.22265625 0.5009765640625 0.212890625 0.5263671859375 0.22265625 0.5302734359375 0.2392578140625 0.515625 0.251953125 0.5166015640625 0.2412109359375 0.474609375 0.220703125 0.4892578140625
2 0.8291015640625 0 0.826171875 0.018554685937500003 0.837890625 0.06738281406249999 0.853515625 0.07910156406249999 0.865234375 0.0556640640625 0.857421875 0.0126953140625 0.8505859359375 0 0.8291015640625 0
2 0.8935546859375 0.130859375 0.8623046859375 0.13671875 0.85546875 0.1474609359375 0.861328125 0.1865234359375 0.8671875 0.1884765640625 0.859375 0.2216796859375 0.876953125 0.2392578140625 0.8828125 0.2177734359375 0.880859375 0.1806640640625 0.900390625 0.1416015640625 0.8935546859375 0.130859375
2 0.9541015640625 0.431640625 0.947265625 0.4443359359375 0.9638671859375 0.458984375 0.97265625 0.4580078140625 0.984375 0.4462890640625 0.982421875 0.4365234359375 0.9736328140625 0.4296875 0.9541015640625 0.431640625
2 1 0.6142578140625 0.98828125 0.6142578140625 0.9833984359375 0.595703125 0.9599609359375 0.609375 0.955078125 0.6201171859375 0.98828125 0.6533203140625 1 0.6318359359375 1 0.6142578140625
2 0.734375 0.9169921859375 0.736328125 0.8876953140625 0.7294921859375 0.87890625 0.720703125 0.9033203140625 0.734375 0.9169921859375