2 0.038085935937499996 0.44140625 0.029296875 0.4384765640625 0.03125 0.4580078140625 0.04296875 0.4697265640625 0.05078125 0.4638671859375 0.05078125 0.4541015640625 0.036132814062500004 0.435546875 0.038085935937499996 0.44140625
2 0.076171875 0.6357421859375 0.06640625 0.6552734359375 0.07324218593750001 0.671875 0.0859375 0.6728515640625 0.1015625 0.6474609359375 0.103515625 0.6279296859375 0.09667968593750001 0.623046875 0.076171875 0.6357421859375
2 0 0.5302734359375 0.009765625 0.5361328140625 0.009765625 0.5556640640625 0.01953125 0.5576171859375 0.034179685937499996 0.556640625 0.056640625 0.5361328140625 0.056640625 0.5263671859375 0.044921875 0.5166015640625 0.04296875 0.4833984359375 0.022460935937500003 0.46484375 0 0.4794921859375 0 0.5302734359375
2 0.2236328140625 0.859375 0.2158203140625 0.859375 0.189453125 0.8916015640625 0.189453125 0.9013671859375 0.205078125 0.9228515640625 0.20703125 0.9541015640625 0.212890625 0.9560546859375 0.224609375 0.9423828140625 0.232421875 0.9111328140625 0.232421875 0.8662109359375 0.2236328140625 0.859375
2 0.515625 0.7197265640625 0.515625 0.7275390640625 0.51953125 0.7392578140625 0.5322265640625 0.744140625 0.546875 0.7705078140625 0.5546875 0.7724609359375 0.564453125 0.7666015640625 0.5625 0.7060546859375 0.5498046859375 0.689453125 0.515625 0.7197265640625
2 0.560546875 0.8525390640625 0.5546875 0.8701171859375 0.568359375 0.8798828140625 0.578125 0.8447265640625 0.5576171859375 0.82421875 0.5546875 0.8466796859375 0.560546875 0.8525390640625
2 0.4228515640625 0.3984375 0.412109375 0.4716796859375 0.42578125 0.4716796859375 0.439453125 0.4580078140625 0.443359375 0.4306640640625 0.4296875 0.4208984359375 0.4228515640625 0.3984375
2 0.7138671859375 0.0859375 0.689453125 0.10644531406249999 0.689453125 0.11816406406249999 0.6962890640625 0.1328125 0.708984375 0.1357421859375 0.71484375 0.1572265640625 0.728515625 0.1748046859375 0.736328125 0.1650390640625 0.740234375 0.1396484359375 0.732421875 0.10449218593750001 0.7138671859375 0.0859375
2 0.8388671859375 0.3046875 0.822265625 0.3037109359375 0.8173828140625 0.283203125 0.810546875 0.2861328140625 0.80859375 0.3056640640625 0.798828125 0.3154296859375 0.798828125 0.3505859359375 0.8046875 0.3642578140625 0.8125 0.3427734359375 0.8310546859375 0.3359375 0.84375 0.3134765640625 0.8388671859375 0.3046875
2 0.888671875 0.5166015640625 0.8779296859375 0.5 0.8642578140625 0.494140625 0.85546875 0.4990234359375 0.8515625 0.5166015640625 0.85546875 0.5478515640625 0.861328125 0.5517578140625 0.8671875 0.5458984359375 0.861328125 0.5244140640625 0.8720703140625 0.529296875 0.888671875 0.5166015640625
2 0.966796875 0.7919921859375 0.98828125 0.8017578140625 1 0.7998046859375 0.9990234359375 0.763671875 0.9609375 0.7744140640625 0.966796875 0.7919921859375
2 0.9580078140625 0.662109375 0.9501953140625 0.662109375 0.919921875 0.7001953140625 0.927734375 0.7158203140625 0.931640625 0.7529296859375 0.943359375 0.7548828140625 0.951171875 0.7509765640625 0.951171875 0.7236328140625 0.96484375 0.6904296859375 0.9580078140625 0.662109375
2 0.3310546859375 0.111328125 0.326171875 0.1416015640625 0.341796875 0.1455078140625 0.349609375 0.1376953140625 0.3515625 0.12011718593750001 0.3466796859375 0.11328125 0.3310546859375 0.111328125