2 0.12109375 0.2490234359375 0.126953125 0.2568359359375 0.146484375 0.2353515640625 0.1318359359375 0.197265625 0.123046875 0.2041015640625 0.12109375 0.2490234359375
2 0.076171875 0.2314453140625 0.10546875 0.2333984359375 0.107421875 0.1884765640625 0.10058593593750001 0.177734375 0.09277343593750001 0.177734375 0.076171875 0.2314453140625
2 0.142578125 0.4130859359375 0.150390625 0.4169921859375 0.16015625 0.3916015640625 0.1474609359375 0.37890625 0.140625 0.3935546859375 0.142578125 0.4130859359375
2 0.18359375 0.5087890640625 0.19140625 0.5107421859375 0.203125 0.5009765640625 0.1962890640625 0.453125 0.185546875 0.4658203140625 0.18359375 0.5087890640625
2 0.234375 0.6220703140625 0.236328125 0.6376953140625 0.244140625 0.6455078140625 0.255859375 0.6318359359375 0.2490234359375 0.611328125 0.2412109359375 0.611328125 0.234375 0.6220703140625
2 0.40625 0.1455078140625 0.416015625 0.1923828140625 0.42578125 0.1982421859375 0.43359375 0.1611328140625 0.42578125 0.1416015640625 0.4111328140625 0.130859375 0.40625 0.1455078140625
2 0.37890625 0.10253906406249999 0.41796875 0.09277343593750001 0.3916015640625 0.056640625 0.375 0.09082031406249999 0.37890625 0.10253906406249999
2 0.724609375 0.1513671859375 0.728515625 0.1337890640625 0.7197265640625 0.130859375 0.703125 0.1572265640625 0.71875 0.1767578140625 0.73046875 0.2177734359375 0.751953125 0.2353515640625 0.759765625 0.2021484359375 0.734375 0.1865234359375 0.734375 0.1650390640625 0.724609375 0.1513671859375
2 0.798828125 0.3623046859375 0.7880859359375 0.353515625 0.78125 0.4033203140625 0.79296875 0.4248046859375 0.8046875 0.4306640640625 0.81640625 0.3837890640625 0.8095703140625 0.380859375 0.80078125 0.3876953140625 0.798828125 0.3623046859375
2 0.78515625 0.4599609359375 0.78515625 0.4423828140625 0.7744140640625 0.427734375 0.763671875 0.4677734359375 0.75 0.4794921859375 0.7578125 0.4873046859375 0.7568359359375 0.501953125 0.7763671859375 0.490234375 0.7890625 0.5048828140625 0.7939453140625 0.484375 0.8173828140625 0.48828125 0.818359375 0.4794921859375 0.78515625 0.4599609359375
2 0.27734375 0.7255859359375 0.28125 0.7470703140625 0.30078125 0.7568359359375 0.306640625 0.7314453140625 0.314453125 0.7255859359375 0.3095703140625 0.708984375 0.27734375 0.7255859359375
2 0.3037109359375 0.708984375 0.27734375 0.7255859359375 0.27734375 0.7412109359375 0.294921875 0.7587890640625 0.30078125 0.7919921859375 0.318359375 0.8056640640625 0.322265625 0.7900390640625 0.3046875 0.7568359359375 0.314453125 0.7138671859375 0.3037109359375 0.708984375
2 0.6396484359375 0.783203125 0.6201171859375 0.791015625 0.6103515640625 0.779296875 0.607421875 0.7900390640625 0.6171875 0.8076171859375 0.615234375 0.8525390640625 0.6337890640625 0.85546875 0.64453125 0.8896484359375 0.65625 0.8935546859375 0.65625 0.8642578140625 0.640625 0.8447265640625 0.650390625 0.7919921859375 0.6396484359375 0.783203125
2 0.90625 0.8447265640625 0.900390625 0.8583984359375 0.912109375 0.8623046859375 0.939453125 0.8408203140625 0.9345703140625 0.826171875 0.90234375 0.8291015640625 0.90625 0.8447265640625
2 0.4658203140625 0.232421875 0.451171875 0.2353515640625 0.45703125 0.2646484359375 0.44921875 0.2724609359375 0.45703125 0.2978515640625 0.46484375 0.2978515640625 0.47265625 0.2861328140625 0.466796875 0.2685546859375 0.470703125 0.2373046859375 0.4658203140625 0.232421875
2 0.064453125 0.040039064062500004 0.0556640640625 0.033203125 0.0390625 0.049804685937499996 0.037109375 0.06738281406249999 0.0517578140625 0.068359375 0.06640625 0.10449218593750001 0.0859375 0.11035156406249999 0.091796875 0.10644531406249999 0.091796875 0.09277343593750001 0.064453125 0.0595703140625 0.064453125 0.040039064062500004