2 0.248046875 0.7041015640625 0.2626953140625 0.716796875 0.275390625 0.7158203140625 0.27734375 0.6904296859375 0.2548828140625 0.68359375 0.24609375 0.6943359359375 0.248046875 0.7041015640625
2 0.51171875 0.5263671859375 0.517578125 0.5537109359375 0.5263671859375 0.56640625 0.533203125 0.5654296859375 0.5390625 0.5419921859375 0.529296875 0.5166015640625 0.5166015640625 0.513671875 0.51171875 0.5263671859375
2 0.4375 0.2529296859375 0.4248046859375 0.24609375 0.42578125 0.2939453140625 0.4375 0.3056640640625 0.443359375 0.3291015640625 0.458984375 0.3408203140625 0.46484375 0.3310546859375 0.4609375 0.2939453140625 0.443359375 0.2724609359375 0.4375 0.2529296859375
2 0.4833984359375 0.357421875 0.4765625 0.3623046859375 0.47265625 0.3955078140625 0.484375 0.4248046859375 0.486328125 0.4677734359375 0.5 0.5029296859375 0.509765625 0.5048828140625 0.515625 0.4521484359375 0.494140625 0.4189453140625 0.49609375 0.3759765640625 0.4833984359375 0.357421875
2 0.623046875 0.8349609359375 0.62890625 0.8544921859375 0.623046875 0.8876953140625 0.630859375 0.8916015640625 0.654296875 0.8583984359375 0.65234375 0.8466796859375 0.6357421859375 0.830078125 0.623046875 0.8349609359375
2 0.6669921859375 0.974609375 0.658203125 0.9990234359375 0.677734375 0.9990234359375 0.6669921859375 0.974609375
2 0.90625 0.8466796859375 0.931640625 0.8017578140625 0.9013671859375 0.783203125 0.896484375 0.8115234359375 0.90625 0.8466796859375
2 0.8603515640625 0.60546875 0.84375 0.6455078140625 0.857421875 0.6767578140625 0.865234375 0.6806640640625 0.87109375 0.6689453140625 0.865234375 0.6396484359375 0.884765625 0.6103515640625 0.8603515640625 0.60546875
2 0.82421875 0.4189453140625 0.8193359359375 0.41015625 0.802734375 0.4521484359375 0.8046875 0.4638671859375 0.818359375 0.4755859359375 0.822265625 0.4951171859375 0.84375 0.4658203140625 0.8330078140625 0.455078125 0.822265625 0.4541015640625 0.82421875 0.4189453140625
2 0.68359375 0.043945314062500004 0.69140625 0.022460935937500003 0.6787109359375 0.017578125 0.673828125 0.043945314062500004 0.68359375 0.043945314062500004
2 0.740234375 0.2412109359375 0.73046875 0.2490234359375 0.728515625 0.2685546859375 0.7431640640625 0.279296875 0.75390625 0.2783203140625 0.767578125 0.2490234359375 0.75 0.2138671859375 0.7431640640625 0.2109375 0.740234375 0.2412109359375