2 0.0556640640625 0.703125 0.048828125 0.7060546859375 0.0546875 0.7177734359375 0.044921875 0.7333984359375 0.056640625 0.7412109359375 0.080078125 0.7275390640625 0.08691406406249999 0.70703125 0.06347656406249999 0.7109375 0.0556640640625 0.703125
2 0.15625 0.9814453140625 0.1552734359375 1 0.21875 0.9990234359375 0.1982421859375 0.95703125 0.1806640640625 0.9765625 0.1630859359375 0.974609375 0.15625 0.9814453140625
2 0.2734375 0.2412109359375 0.275390625 0.2666015640625 0.287109375 0.2724609359375 0.298828125 0.2607421859375 0.3046875 0.2294921859375 0.2900390640625 0.185546875 0.2734375 0.2412109359375
2 0.4990234359375 0.837890625 0.4765625 0.8603515640625 0.474609375 0.8662109359375 0.4853515640625 0.87890625 0.501953125 0.8837890640625 0.529296875 0.8662109359375 0.533203125 0.8525390640625 0.5283203140625 0.84375 0.4990234359375 0.837890625
2 0.552734375 0.9365234359375 0.552734375 0.9462890640625 0.5625 0.9560546859375 0.556640625 0.9814453140625 0.587890625 0.9873046859375 0.60546875 0.9794921859375 0.60546875 0.9619140640625 0.5595703140625 0.921875 0.552734375 0.9365234359375
2 0.384765625 0.4326171859375 0.3759765640625 0.423828125 0.349609375 0.4853515640625 0.3515625 0.4990234359375 0.365234375 0.5029296859375 0.3798828140625 0.5 0.400390625 0.4794921859375 0.388671875 0.4619140640625 0.384765625 0.4326171859375
2 0.310546875 0.3154296859375 0.30859375 0.3271484359375 0.328125 0.3564453140625 0.328125 0.3818359359375 0.34765625 0.3935546859375 0.353515625 0.3603515640625 0.349609375 0.3134765640625 0.3193359359375 0.30859375 0.310546875 0.3154296859375
2 0.4599609359375 0.642578125 0.4453125 0.6416015640625 0.4453125 0.6181640640625 0.4306640640625 0.611328125 0.41015625 0.6240234359375 0.41015625 0.6376953140625 0.4208984359375 0.6640625 0.4423828140625 0.654296875 0.451171875 0.6591796859375 0.447265625 0.6845703140625 0.453125 0.7099609359375 0.435546875 0.7294921859375 0.43359375 0.7431640640625 0.474609375 0.7607421859375 0.498046875 0.7216796859375 0.482421875 0.6865234359375 0.484375 0.6689453140625 0.4599609359375 0.642578125
2 0.787109375 0.4248046859375 0.7841796859375 0.40625 0.767578125 0.4091796859375 0.7685546859375 0.42578125 0.787109375 0.4248046859375
2 0.6435546859375 0.0234375 0.654296875 0.022460935937500003 0.666015625 0.0009765640625 0.6357421859375 0 0.634765625 0.0146484359375 0.6435546859375 0.0234375
2 0.8681640640625 0.576171875 0.859375 0.5810546859375 0.83203125 0.6318359359375 0.83203125 0.6416015640625 0.84765625 0.6513671859375 0.84765625 0.6650390640625 0.853515625 0.6669921859375 0.8671875 0.6396484359375 0.88671875 0.6220703140625 0.873046875 0.6083984359375 0.8681640640625 0.576171875
2 0.830078125 0.4951171859375 0.8115234359375 0.478515625 0.7939453140625 0.484375 0.78125 0.5029296859375 0.78515625 0.5458984359375 0.794921875 0.5576171859375 0.80859375 0.5302734359375 0.8251953140625 0.529296875 0.830078125 0.5224609359375 0.830078125 0.4951171859375
2 0.748046875 0.1494140640625 0.7236328140625 0.099609375 0.6943359359375 0.103515625 0.677734375 0.09472656406249999 0.673828125 0.047851564062500004 0.6630859359375 0.037109375 0.650390625 0.0576171859375 0.662109375 0.1396484359375 0.6884765640625 0.171875 0.7021484359375 0.169921875 0.7041015640625 0.15625 0.72265625 0.1591796859375 0.708984375 0.2099609359375 0.7158203140625 0.21875 0.724609375 0.2177734359375 0.7333984359375 0.216796875 0.74609375 0.2021484359375 0.765625 0.1591796859375 0.748046875 0.1494140640625
1 0.822265625 0.7216796859375 0.79296875 0.6572265640625 0.7788888890625 0.6488888890625 0.7533333328125 0.6433333328125 0.734375 0.6455078140625 0.748046875 0.7275390640625 0.7666015640625 0.748046875 0.794921875 0.7548828140625 0.80859375 0.7353515640625 0.806640625 0.7236328140625 0.8115234359375 0.73046875 0.822265625 0.7216796859375
1 0.7568359359375 0.921875 0.73828125 0.9326171859375 0.7216796859375 1 0.7688888890625 0.9922222218750001 0.7633333328125 0.972222221875 0.77 0.9588888890625 0.77 0.9322222218749999 0.7568359359375 0.921875