2 0.1494140640625 0 0.14453125 0.0048828140625 0.1494140640625 0.015625 0.1689453140625 0.013671875 0.173828125 0.0263671859375 0.18359375 0.0283203140625 0.1845703140625 0 0.1494140640625 0
2 0.44140625 0.7958984359375 0.4541015640625 0.796875 0.45703125 0.7724609359375 0.4462890640625 0.767578125 0.4287109359375 0.783203125 0.4130859359375 0.783203125 0.416015625 0.7978515640625 0.421875 0.7998046859375 0.4365234359375 0.798828125 0.4384765640625 0.783203125 0.4501953140625 0.783203125 0.44140625 0.7958984359375
2 0.2880859359375 0.482421875 0.3134765640625 0.5 0.330078125 0.5009765640625 0.33203125 0.4794921859375 0.3212890640625 0.44921875 0.279296875 0.4580078140625 0.2880859359375 0.482421875
2 0.1923828140625 0.03125 0.1767578140625 0.0390625 0.1572265640625 0.025390625 0.15234375 0.034179685937499996 0.158203125 0.0576171859375 0.150390625 0.07519531406249999 0.15234375 0.08886718593750001 0.1630859359375 0.103515625 0.205078125 0.12402343593750001 0.216796875 0.08886718593750001 0.216796875 0.047851564062500004 0.2021484359375 0.044921875 0.1923828140625 0.03125
2 0.490234375 0.9208984359375 0.501953125 0.9013671859375 0.50390625 0.8818359359375 0.4970703140625 0.875 0.4619140640625 0.8671875 0.44140625 0.8818359359375 0.4375 0.8994140640625 0.462890625 0.9208984359375 0.466796875 0.9990234359375 0.501953125 0.9990234359375 0.498046875 0.9814453140625 0.5078125 0.9462890640625 0.494140625 0.9345703140625 0.490234375 0.9208984359375
2 0.3076171859375 0.328125 0.2958984359375 0.337890625 0.291015625 0.3310546859375 0.298828125 0.2724609359375 0.2919921859375 0.25 0.2724609359375 0.267578125 0.2587890640625 0.263671875 0.25390625 0.2685546859375 0.255859375 0.3056640640625 0.236328125 0.3173828140625 0.240234375 0.3310546859375 0.2666015640625 0.359375 0.283203125 0.3603515640625 0.263671875 0.3662109359375 0.2578125 0.3994140640625 0.2607421859375 0.41015625 0.275390625 0.4111328140625 0.2998046859375 0.41015625 0.3125 0.3974609359375 0.31640625 0.3330078140625 0.3076171859375 0.328125
2 0.3896484359375 0.63671875 0.3671875 0.6064453140625 0.3671875 0.5869140640625 0.37890625 0.5751953140625 0.380859375 0.5556640640625 0.37109375 0.5361328140625 0.37109375 0.5087890640625 0.3603515640625 0.50390625 0.326171875 0.5439453140625 0.328125 0.5576171859375 0.34765625 0.5771484359375 0.349609375 0.6103515640625 0.33984375 0.6201171859375 0.34765625 0.6630859359375 0.3583984359375 0.681640625 0.3671875 0.6787109359375 0.3720703140625 0.66015625 0.3876953140625 0.669921875 0.396484375 0.7001953140625 0.41796875 0.7138671859375 0.427734375 0.7001953140625 0.427734375 0.6435546859375 0.4033203140625 0.634765625 0.3896484359375 0.63671875
2 0.7255859359375 0.4609375 0.71484375 0.4658203140625 0.6904296859375 0.498046875 0.6748046859375 0.498046875 0.66796875 0.5048828140625 0.6767578140625 0.5234375 0.697265625 0.5322265640625 0.703125 0.5654296859375 0.708984375 0.5693359359375 0.728515625 0.5263671859375 0.72265625 0.5087890640625 0.728515625 0.4833984359375 0.7255859359375 0.4609375
2 0.599609375 0.0537109359375 0.5986328140625 0.00390625 0.5771484359375 0.03125 0.5615234359375 0.0078125 0.548828125 0.008789064062500001 0.5546875 0.0517578140625 0.544921875 0.07519531406249999 0.5625 0.09277343593750001 0.560546875 0.12207031406249999 0.572265625 0.1279296859375 0.5810546859375 0.126953125 0.587890625 0.11621093593750001 0.58203125 0.08496093593750001 0.599609375 0.0537109359375
2 0.779296875 0.7373046859375 0.779296875 0.6982421859375 0.76171875 0.6865234359375 0.76171875 0.6474609359375 0.740234375 0.6279296859375 0.740234375 0.5947265640625 0.7314453140625 0.58984375 0.7158203140625 0.59765625 0.7060546859375 0.591796875 0.7109375 0.6630859359375 0.7197265640625 0.677734375 0.740234375 0.6845703140625 0.736328125 0.6923828140625 0.744140625 0.7001953140625 0.73828125 0.7177734359375 0.75390625 0.7294921859375 0.767578125 0.7705078140625 0.7783203140625 0.78125 0.7841796859375 0.7734375 0.7900390640625 0.78125 0.7939453140625 0.7734375 0.796875 0.7783203140625 0.787109375 0.8232421859375 0.787109375 0.8369140640625 0.7919921859375 0.828125 0.794921875 0.8408203140625 0.798828125 0.7998046859375 0.8173828140625 0.79296875 0.826171875 0.7724609359375 0.779296875 0.7373046859375
2 0.701171875 0.3505859359375 0.703125 0.3349609359375 0.6962890640625 0.326171875 0.671875 0.3212890640625 0.669921875 0.2841796859375 0.65625 0.2705078140625 0.65625 0.2275390640625 0.646484375 0.1982421859375 0.6376953140625 0.1953125 0.6220703140625 0.205078125 0.6103515640625 0.189453125 0.6015625 0.2041015640625 0.6015625 0.2373046859375 0.611328125 0.2529296859375 0.611328125 0.2685546859375 0.599609375 0.2822265640625 0.595703125 0.2998046859375 0.6044921859375 0.310546875 0.62109375 0.3154296859375 0.62890625 0.3798828140625 0.642578125 0.4033203140625 0.66015625 0.4111328140625 0.6787109359375 0.396484375 0.703125 0.3896484359375 0.708984375 0.3740234359375 0.701171875 0.3505859359375
2 0.8271484359375 0.89453125 0.82421875 0.9072265640625 0.83203125 0.9306640640625 0.828125 0.9677734359375 0.833984375 0.9814453140625 0.830078125 0.9951171859375 0.8330078140625 1 0.853515625 0.9990234359375 0.86328125 0.9501953140625 0.845703125 0.9345703140625 0.849609375 0.9111328140625 0.8271484359375 0.89453125
2 0.986328125 0.4716796859375 0.99609375 0.4716796859375 1 0.4482421859375 0.9931640640625 0.4453125 0.986328125 0.4521484359375 0.986328125 0.4716796859375
2 0.986328125 0.5107421859375 0.994140625 0.5107421859375 1 0.5009765640625 0.9990234359375 0.474609375 0.984375 0.4970703140625 0.986328125 0.5107421859375
2 1 0.4267578140625 0.9990234359375 0.3515625 0.98828125 0.3701171859375 0.978515625 0.4228515640625 1 0.4267578140625
2 0.896484375 0.2080078140625 0.9033203140625 0.21875 0.9296875 0.2197265640625 0.943359375 0.1689453140625 0.9384765640625 0.146484375 0.931640625 0.1474609359375 0.896484375 0.2080078140625
2 0.9853515640625 0.2890625 0.9599609359375 0.318359375 0.9541015640625 0.310546875 0.9423828140625 0.310546875 0.923828125 0.3193359359375 0.935546875 0.3447265640625 0.947265625 0.3505859359375 0.947265625 0.3837890640625 0.958984375 0.3857421859375 0.97265625 0.3779296859375 0.9765625 0.3662109359375 0.98828125 0.3134765640625 0.9853515640625 0.2890625
2 0.9375 0.0576171859375 0.9140625 0.0517578140625 0.9130859359375 0.0234375 0.8935546859375 0.04296875 0.890625 0.0048828140625 0.8759765640625 0 0.853515625 0.0302734359375 0.8515625 0.07519531406249999 0.88671875 0.10058593593750001 0.8974609359375 0.087890625 0.9208984359375 0.087890625 0.935546875 0.07128906406249999 0.9375 0.0576171859375
2 0.12011718593750001 0.9375 0.09863281406249999 0.9375 0.056640625 0.9521484359375 0.064453125 0.9697265640625 0.056640625 0.9892578140625 0.06542968593750001 0.99609375 0.15625 0.9990234359375 0.146484375 0.9697265640625 0.1318359359375 0.96484375 0.12109375 0.9521484359375 0.12011718593750001 0.9375