2 0.47265625 0.9638671859375 0.482421875 0.9677734359375 0.486328125 0.9384765640625 0.4814453140625 0.9296875 0.474609375 0.9384765640625 0.47265625 0.9638671859375
2 0.1455078140625 0.02734375 0.171875 0.032226564062500004 0.1611328140625 0.005859375 0.1435546859375 0.001953125 0.13671875 0.008789064062500001 0.1455078140625 0.02734375
2 0.00390625 0.7724609359375 0.015625 0.8095703140625 0.0234375 0.8095703140625 0.03125 0.7861328140625 0.0302734359375 0.75390625 0.018554685937500003 0.755859375 0.00390625 0.7724609359375
2 0.4345703140625 0.859375 0.427734375 0.8662109359375 0.427734375 0.8896484359375 0.4345703140625 0.8984375 0.443359375 0.8974609359375 0.4619140640625 0.892578125 0.46484375 0.8837890640625 0.4501953140625 0.86328125 0.4345703140625 0.859375
2 0.3837890640625 0.6875 0.3671875 0.6982421859375 0.36328125 0.7138671859375 0.376953125 0.7333984359375 0.376953125 0.7568359359375 0.390625 0.7744140640625 0.396484375 0.7666015640625 0.3984375 0.7294921859375 0.392578125 0.6962890640625 0.3837890640625 0.6875
2 0.173828125 0.0595703140625 0.1689453140625 0.080078125 0.1494140640625 0.072265625 0.140625 0.08300781406249999 0.1435546859375 0.091796875 0.1611328140625 0.095703125 0.171875 0.11816406406249999 0.181640625 0.12207031406249999 0.197265625 0.07128906406249999 0.1953125 0.0595703140625 0.1865234359375 0.052734375 0.173828125 0.0595703140625
2 0.642578125 0.4267578140625 0.64453125 0.4091796859375 0.6298828140625 0.390625 0.623046875 0.4228515640625 0.642578125 0.4267578140625
2 0.5390625 0.1435546859375 0.5390625 0.1591796859375 0.552734375 0.1689453140625 0.5625 0.1376953140625 0.5595703140625 0.10546875 0.552734375 0.10644531406249999 0.5390625 0.1435546859375
2 0.6142578140625 0.294921875 0.5966796859375 0.298828125 0.5849609359375 0.29296875 0.578125 0.2978515640625 0.58203125 0.3310546859375 0.591796875 0.3447265640625 0.595703125 0.3779296859375 0.6015625 0.3779296859375 0.603515625 0.3564453140625 0.615234375 0.3388671859375 0.623046875 0.3056640640625 0.6142578140625 0.294921875
2 0.705078125 0.6865234359375 0.71875 0.7216796859375 0.724609375 0.7236328140625 0.734375 0.6728515640625 0.7158203140625 0.662109375 0.705078125 0.6748046859375 0.705078125 0.6865234359375
2 0.74609375 0.7900390640625 0.76953125 0.8173828140625 0.76953125 0.7919921859375 0.7548828140625 0.771484375 0.7470703140625 0.771484375 0.74609375 0.7900390640625
2 0.783203125 0.9501953140625 0.791015625 0.9541015640625 0.814453125 0.9384765640625 0.8056640640625 0.908203125 0.779296875 0.9326171859375 0.783203125 0.9501953140625
2 0.923828125 0.3115234359375 0.9189453140625 0.294921875 0.8984375 0.3017578140625 0.896484375 0.3427734359375 0.908203125 0.3447265640625 0.9189453140625 0.333984375 0.943359375 0.3408203140625 0.939453125 0.3232421859375 0.923828125 0.3115234359375
2 0.9443359359375 0.458984375 0.958984375 0.4599609359375 0.970703125 0.4501953140625 0.9638671859375 0.431640625 0.9375 0.4462890640625 0.9443359359375 0.458984375
2 1 0.5244140640625 0.994140625 0.5224609359375 0.990234375 0.5048828140625 0.9794921859375 0.5 0.96484375 0.5341796859375 0.9765625 0.5888671859375 0.9833984359375 0.59765625 0.994140625 0.5966796859375 1 0.5927734359375 1 0.5244140640625