2 0.4609375 0.2568359359375 0.462890625 0.2353515640625 0.4501953140625 0.232421875 0.447265625 0.2431640640625 0.4609375 0.2568359359375
2 0.3837890640625 0.0703125 0.3828125 0.09082031406249999 0.3759765640625 0.09375 0.3740234359375 0.087890625 0.37109375 0.09277343593750001 0.375 0.10058593593750001 0.40625 0.08496093593750001 0.3916015640625 0.0859375 0.390625 0.07128906406249999 0.3837890640625 0.0703125
2 0.4609375 0.2958984359375 0.46875 0.2822265640625 0.4560546859375 0.267578125 0.4453125 0.2763671859375 0.4609375 0.2958984359375
2 0.115234375 0.2431640640625 0.12109375 0.2587890640625 0.140625 0.2412109359375 0.140625 0.2275390640625 0.12207031406249999 0.19921875 0.115234375 0.2431640640625
2 0.400390625 0.1435546859375 0.41015625 0.1923828140625 0.421875 0.2001953140625 0.4296875 0.1591796859375 0.423828125 0.1416015640625 0.4052734359375 0.130859375 0.400390625 0.1435546859375
2 0.068359375 0.2333984359375 0.1015625 0.2373046859375 0.099609375 0.1884765640625 0.08886718593750001 0.177734375 0.078125 0.1923828140625 0.068359375 0.2333984359375
2 0.017578125 0.06542968593750001 0.018554685937500003 0.0859375 0.049804685937499996 0.087890625 0.06347656406249999 0.11328125 0.076171875 0.11230468593750001 0.083984375 0.10644531406249999 0.083984375 0.09667968593750001 0.0517578140625 0.0546875 0.017578125 0.06542968593750001
2 0.134765625 0.4013671859375 0.13671875 0.4228515640625 0.142578125 0.4248046859375 0.15625 0.4150390640625 0.158203125 0.3974609359375 0.1396484359375 0.3828125 0.134765625 0.4013671859375
2 0.1796875 0.4677734359375 0.17578125 0.5009765640625 0.18359375 0.5146484359375 0.205078125 0.5048828140625 0.197265625 0.4990234359375 0.1923828140625 0.45703125 0.1796875 0.4677734359375
2 0.2412109359375 0.6484375 0.248046875 0.6474609359375 0.255859375 0.6240234359375 0.2412109359375 0.611328125 0.23046875 0.6318359359375 0.2412109359375 0.6484375
2 0.3095703140625 0.716796875 0.2978515640625 0.716796875 0.275390625 0.7314453140625 0.2734375 0.7470703140625 0.29296875 0.7705078140625 0.298828125 0.7998046859375 0.31640625 0.8115234359375 0.3203125 0.7919921859375 0.3046875 0.7626953140625 0.314453125 0.7236328140625 0.3095703140625 0.716796875
2 0.6953125 0.09472656406249999 0.720703125 0.09863281406249999 0.724609375 0.09277343593750001 0.71484375 0.06933593593750001 0.7021484359375 0.064453125 0.6953125 0.09472656406249999
2 0.90234375 0.8583984359375 0.9140625 0.8642578140625 0.939453125 0.8447265640625 0.9384765640625 0.828125 0.90625 0.8291015640625 0.90234375 0.8583984359375
2 0.7861328140625 0.357421875 0.78125 0.3603515640625 0.78125 0.4072265640625 0.7978515640625 0.4296875 0.806640625 0.4287109359375 0.81640625 0.3857421859375 0.80078125 0.3720703140625 0.7958984359375 0.357421875 0.7861328140625 0.357421875
2 0.7177734359375 0.125 0.703125 0.1435546859375 0.703125 0.1572265640625 0.7265625 0.1904296859375 0.73046875 0.2119140640625 0.7392578140625 0.212890625 0.75 0.2294921859375 0.755859375 0.1962890640625 0.736328125 0.1845703140625 0.7265625 0.1279296859375 0.7177734359375 0.125
2 0.5966796859375 0.76171875 0.59375 0.7763671859375 0.61328125 0.8193359359375 0.61328125 0.8564453140625 0.630859375 0.8642578140625 0.6474609359375 0.8984375 0.65625 0.8974609359375 0.65625 0.8662109359375 0.646484375 0.8466796859375 0.650390625 0.7939453140625 0.5966796859375 0.76171875
0 0.8076171859375 0.47265625 0.7880859359375 0.4609375 0.783203125 0.4365234359375 0.7744140640625 0.42578125 0.76171875 0.4677734359375 0.75 0.4794921859375 0.7568359359375 0.501953125 0.7763671859375 0.490234375 0.7890625 0.5048828140625 0.7939453140625 0.482421875 0.8193359359375 0.490234375 0.82421875 0.4736328140625 0.8076171859375 0.47265625