2 0.236328125 0.7392578140625 0.2265625 0.7783203140625 0.23828125 0.7822265640625 0.2509765640625 0.779296875 0.263671875 0.7646484359375 0.2568359359375 0.734375 0.236328125 0.7392578140625
2 0.03125 0.3427734359375 0.03125 0.3525390640625 0.043945314062500004 0.365234375 0.08203125 0.3798828140625 0.087890625 0.3583984359375 0.06347656406249999 0.32421875 0.045898435937499996 0.33984375 0.03125 0.3427734359375
2 0.314453125 0.8779296859375 0.3076171859375 0.8671875 0.296875 0.8779296859375 0.29296875 0.9208984359375 0.27734375 0.9365234359375 0.27734375 0.9443359359375 0.2978515640625 0.958984375 0.3125 0.9580078140625 0.3203125 0.9541015640625 0.32421875 0.9404296859375 0.310546875 0.9072265640625 0.314453125 0.8779296859375
2 0.2421875 0.5966796859375 0.2373046859375 0.591796875 0.2255859359375 0.59375 0.2109375 0.6142578140625 0.201171875 0.6337890640625 0.201171875 0.6611328140625 0.19140625 0.6708984359375 0.193359375 0.6826171859375 0.216796875 0.7001953140625 0.224609375 0.6884765640625 0.22265625 0.6572265640625 0.240234375 0.6357421859375 0.2421875 0.5966796859375
2 0 0.2314453140625 0.013671875 0.2373046859375 0.0078125 0.2529296859375 0.017578125 0.2705078140625 0.04296875 0.2763671859375 0.05078125 0.2470703140625 0.037109375 0.2353515640625 0.0390625 0.2021484359375 0.024414064062499997 0.1875 0.010742185937499999 0.185546875 0 0.1943359359375 0 0.2314453140625
2 0.11230468593750001 0.541015625 0.10546875 0.5478515640625 0.109375 0.5615234359375 0.138671875 0.5869140640625 0.140625 0.5986328140625 0.130859375 0.6162109359375 0.16796875 0.6318359359375 0.173828125 0.6220703140625 0.173828125 0.5849609359375 0.15625 0.5517578140625 0.11230468593750001 0.541015625
2 0.6611328140625 0.921875 0.658203125 0.9443359359375 0.666015625 0.9599609359375 0.666015625 0.9853515640625 0.673828125 0.9912109359375 0.685546875 0.9873046859375 0.6875 0.9658203140625 0.671875 0.9248046859375 0.6611328140625 0.921875
2 0.3974609359375 0.06640625 0.3828125 0.08886718593750001 0.3828125 0.11230468593750001 0.396484375 0.12011718593750001 0.400390625 0.1435546859375 0.408203125 0.1455078140625 0.423828125 0.11035156406249999 0.412109375 0.09667968593750001 0.41015625 0.07128906406249999 0.3974609359375 0.06640625
2 0.6318359359375 0.822265625 0.626953125 0.8662109359375 0.6416015640625 0.884765625 0.6484375 0.8837890640625 0.671875 0.8583984359375 0.673828125 0.8349609359375 0.6669921859375 0.82421875 0.6318359359375 0.822265625
2 0.517578125 0.5517578140625 0.51171875 0.5849609359375 0.5234375 0.5986328140625 0.525390625 0.6240234359375 0.533203125 0.6259765640625 0.556640625 0.6103515640625 0.5556640640625 0.544921875 0.5361328140625 0.556640625 0.517578125 0.5517578140625
2 0.4287109359375 0.23046875 0.4150390640625 0.22265625 0.3916015640625 0.232421875 0.38671875 0.2470703140625 0.404296875 0.2744140640625 0.435546875 0.2802734359375 0.44921875 0.2490234359375 0.443359375 0.2216796859375 0.4365234359375 0.21875 0.4287109359375 0.23046875
2 0.474609375 0.3134765640625 0.4619140640625 0.306640625 0.453125 0.3154296859375 0.45703125 0.3427734359375 0.4384765640625 0.349609375 0.435546875 0.3583984359375 0.451171875 0.3740234359375 0.4541015640625 0.392578125 0.4736328140625 0.40625 0.484375 0.4052734359375 0.484375 0.3798828140625 0.498046875 0.3662109359375 0.4765625 0.3408203140625 0.474609375 0.3134765640625
0 0.529296875 0.1923828140625 0.52734375 0.1689453140625 0.5166015640625 0.158203125 0.4931640640625 0.17578125 0.4794921859375 0.162109375 0.47265625 0.1650390640625 0.474609375 0.2001953140625 0.451171875 0.2353515640625 0.45703125 0.2900390640625 0.46875 0.2978515640625 0.482421875 0.3271484359375 0.50390625 0.3447265640625 0.53125 0.3154296859375 0.552734375 0.2666015640625 0.552734375 0.2373046859375 0.529296875 0.1923828140625
2 0.7890625 0.0779904515625 0.78515625 0.0897092015625 0.7890625 0.1072873265625 0.798828125 0.1111935765625 0.810546875 0.0877560765625 0.810546875 0.0779904515625 0.8017578140625 0.0692013890625 0.7890625 0.0779904515625
2 0.84765625 0.4091796859375 0.84765625 0.4228515640625 0.873046875 0.4443359359375 0.88671875 0.4248046859375 0.8896484359375 0.396484375 0.8564453140625 0.400390625 0.84765625 0.4091796859375
2 0.8251953140625 0.265625 0.818359375 0.2861328140625 0.83203125 0.3369140640625 0.845703125 0.3466796859375 0.859375 0.3134765640625 0.849609375 0.2861328140625 0.8330078140625 0.265625 0.8251953140625 0.265625
2 0.953125 0.7021484359375 0.9609375 0.7021484359375 0.9765625 0.6923828140625 0.974609375 0.6806640640625 0.9443359359375 0.67578125 0.953125 0.7021484359375
2 1 0.8349609359375 0.9833984359375 0.837890625 0.982421875 0.8212890640625 0.9736328140625 0.8203125 0.951171875 0.8466796859375 0.98046875 0.8779296859375 1 0.8544921859375 1 0.8349609359375
2 0.79296875 0.1728515640625 0.79296875 0.1904296859375 0.8046875 0.1904296859375 0.814453125 0.1845703140625 0.81640625 0.1572265640625 0.8115234359375 0.150390625 0.79296875 0.1728515640625
2 0.85546875 0.4794921859375 0.8642578140625 0.490234375 0.87109375 0.4892578140625 0.876953125 0.4658203140625 0.8681640640625 0.458984375 0.85546875 0.4677734359375 0.85546875 0.4794921859375