2 0.0615234359375 0.71875 0.0703125 0.7177734359375 0.080078125 0.7041015640625 0.07519531406249999 0.6875 0.056640625 0.7119140640625 0.0615234359375 0.71875
2 0.12207031406249999 0.8203125 0.126953125 0.8115234359375 0.123046875 0.7841796859375 0.115234375 0.7783203140625 0.115234375 0.7607421859375 0.10546875 0.7412109359375 0.107421875 0.7275390640625 0.08886718593750001 0.71875 0.078125 0.7216796859375 0.060546875 0.7490234359375 0.06347656406249999 0.755859375 0.076171875 0.7587890640625 0.080078125 0.7861328140625 0.078125 0.8056640640625 0.06640625 0.8154296859375 0.0625 0.8369140640625 0.05078125 0.8525390640625 0.05078125 0.8603515640625 0.0625 0.8662109359375 0.07910156406249999 0.859375 0.09667968593750001 0.861328125 0.095703125 0.8310546859375 0.12207031406249999 0.8203125
2 0.16015625 0.9228515640625 0.16015625 0.8916015640625 0.150390625 0.8564453140625 0.1298828140625 0.853515625 0.111328125 0.8779296859375 0.10546875 0.9033203140625 0.150390625 0.9326171859375 0.1484375 0.9736328140625 0.1328125 0.9990234359375 0.21484375 0.9990234359375 0.197265625 0.9775390640625 0.19921875 0.9580078140625 0.1875 0.9326171859375 0.16015625 0.9228515640625
2 0.41796875 0.7958984359375 0.416015625 0.7822265640625 0.3935546859375 0.7734375 0.392578125 0.7900390640625 0.380859375 0.7998046859375 0.380859375 0.8154296859375 0.390625 0.8271484359375 0.392578125 0.8486328140625 0.40234375 0.8486328140625 0.4111328140625 0.83203125 0.427734375 0.8310546859375 0.431640625 0.8134765640625 0.41796875 0.7958984359375
2 0.4658203140625 0.87109375 0.4619140640625 0.86328125 0.4345703140625 0.849609375 0.427734375 0.8740234359375 0.4326171859375 0.880859375 0.4365234359375 0.876953125 0.4384765640625 0.8828125 0.4453125 0.8818359359375 0.4453125 0.8974609359375 0.43359375 0.9072265640625 0.43359375 0.9267578140625 0.4677734359375 0.916015625 0.4921875 0.9287109359375 0.5 0.9189453140625 0.494140625 0.8623046859375 0.4873046859375 0.857421875 0.4658203140625 0.87109375
2 0.26953125 0.4501953140625 0.271484375 0.4306640640625 0.2646484359375 0.423828125 0.25 0.4404296859375 0.26953125 0.4501953140625
2 0.2978515640625 0.546875 0.28515625 0.5771484359375 0.2998046859375 0.59765625 0.310546875 0.6005859359375 0.314453125 0.6240234359375 0.326171875 0.6279296859375 0.33203125 0.6181640640625 0.322265625 0.6025390640625 0.32421875 0.5634765640625 0.2978515640625 0.546875
2 0.2041015640625 0.271484375 0.1923828140625 0.27734375 0.1806640640625 0.263671875 0.1669921859375 0.263671875 0.1640625 0.2744140640625 0.17578125 0.2978515640625 0.177734375 0.3232421859375 0.1923828140625 0.337890625 0.19921875 0.3369140640625 0.2158203140625 0.333984375 0.224609375 0.3251953140625 0.216796875 0.2939453140625 0.2041015640625 0.271484375
2 0.423828125 0.022460935937500003 0.431640625 0.0263671859375 0.44921875 0.0126953140625 0.4501953140625 0 0.421875 0.0029296859375 0.423828125 0.022460935937500003
2 0.4482421859375 0.052734375 0.4345703140625 0.048828125 0.4296875 0.06542968593750001 0.4453125 0.08300781406249999 0.4375 0.11230468593750001 0.4580078140625 0.126953125 0.46875 0.1259765640625 0.474609375 0.09667968593750001 0.46875 0.0537109359375 0.4619140640625 0.046875 0.4482421859375 0.052734375
2 0.5400390640625 0.369140625 0.54296875 0.4169921859375 0.55078125 0.4208984359375 0.5703125 0.3818359359375 0.5595703140625 0.37109375 0.5498046859375 0.375 0.5400390640625 0.369140625
2 0.505859375 0.2724609359375 0.52734375 0.3173828140625 0.546875 0.3193359359375 0.546875 0.2998046859375 0.513671875 0.2568359359375 0.5068359359375 0.255859375 0.505859375 0.2724609359375
2 0.60546875 0.5947265640625 0.619140625 0.5732421859375 0.6025390640625 0.544921875 0.58984375 0.5654296859375 0.60546875 0.5947265640625
2 0.6376953140625 0.71875 0.65234375 0.7197265640625 0.66015625 0.6962890640625 0.6416015640625 0.6875 0.6328125 0.7119140640625 0.6376953140625 0.71875
2 0.69140625 0.8349609359375 0.68359375 0.7958984359375 0.6669921859375 0.7734375 0.654296875 0.7978515640625 0.671875 0.8310546859375 0.6875 0.8388671859375 0.6875 0.8857421859375 0.6953125 0.8896484359375 0.71484375 0.8662109359375 0.71875 0.8427734359375 0.7021484359375 0.806640625 0.69140625 0.8349609359375
2 0.7353515640625 0.939453125 0.7236328140625 0.919921875 0.728515625 0.9462890640625 0.724609375 0.9814453140625 0.7392578140625 1 0.75 0.9990234359375 0.75 0.9814453140625 0.765625 0.9775390640625 0.7734375 0.9560546859375 0.7353515640625 0.939453125
2 0.806640625 0.0263671859375 0.7998046859375 0.017578125 0.7783203140625 0.0234375 0.7646484359375 0.009765625 0.751953125 0.0576171859375 0.7587890640625 0.06640625 0.7802734359375 0.05859375 0.787109375 0.06542968593750001 0.78125 0.07910156406249999 0.767578125 0.08886718593750001 0.7763671859375 0.09765625 0.794921875 0.10058593593750001 0.802734375 0.08886718593750001 0.79296875 0.06542968593750001 0.79296875 0.038085935937499996 0.806640625 0.0263671859375
2 0.818359375 0.1630859359375 0.8359375 0.1826171859375 0.83203125 0.1513671859375 0.8251953140625 0.146484375 0.818359375 0.1513671859375 0.818359375 0.1630859359375
2 0.8779296859375 0.181640625 0.845703125 0.2451171859375 0.8544921859375 0.259765625 0.88671875 0.2705078140625 0.896484375 0.2314453140625 0.8828125 0.2119140640625 0.884765625 0.1865234359375 0.8779296859375 0.181640625
2 0.9140625 0.5439453140625 0.923828125 0.5458984359375 0.931640625 0.5400390640625 0.923828125 0.5166015640625 0.9072265640625 0.517578125 0.9140625 0.5439453140625
2 0.94921875 0.6142578140625 0.943359375 0.5849609359375 0.951171875 0.5595703140625 0.9228515640625 0.560546875 0.9140625 0.5654296859375 0.912109375 0.5771484359375 0.94140625 0.6376953140625 0.93359375 0.6689453140625 0.9521484359375 0.6953125 0.96484375 0.6943359359375 0.98046875 0.6845703140625 0.9921875 0.6337890640625 0.9677734359375 0.60546875 0.94921875 0.6142578140625