2 0.5009765640625 0.587890625 0.4873046859375 0.576171875 0.48046875 0.5810546859375 0.484375 0.6064453140625 0.46484375 0.6279296859375 0.482421875 0.6416015640625 0.5068359359375 0.61328125 0.529296875 0.6025390640625 0.5302734359375 0.576171875 0.5009765640625 0.587890625
2 0.3193359359375 0.078125 0.31640625 0.10058593593750001 0.333984375 0.1396484359375 0.365234375 0.1513671859375 0.3671875 0.1357421859375 0.34765625 0.10839843593750001 0.3515625 0.08496093593750001 0.3193359359375 0.078125
2 0.41796875 0.4013671859375 0.4111328140625 0.3828125 0.40234375 0.3955078140625 0.400390625 0.4150390640625 0.416015625 0.4462890640625 0.4365234359375 0.44921875 0.45703125 0.4814453140625 0.453125 0.5302734359375 0.4404296859375 0.533203125 0.435546875 0.5439453140625 0.4443359359375 0.5546875 0.458984375 0.5556640640625 0.48046875 0.5498046859375 0.4765625 0.4521484359375 0.4638671859375 0.431640625 0.41796875 0.4013671859375
2 0.40625 0.2275390640625 0.3935546859375 0.21875 0.3740234359375 0.232421875 0.357421875 0.2314453140625 0.35546875 0.2607421859375 0.34375 0.2685546859375 0.33984375 0.2880859359375 0.365234375 0.3095703140625 0.35546875 0.3427734359375 0.361328125 0.3642578140625 0.41015625 0.3740234359375 0.419921875 0.3525390640625 0.419921875 0.3310546859375 0.404296875 0.2724609359375 0.40625 0.2275390640625
2 0.572265625 0.8779296859375 0.5859375 0.9169921859375 0.599609375 0.9228515640625 0.609375 0.9130859359375 0.609375 0.8857421859375 0.5810546859375 0.8515625 0.572265625 0.8779296859375
2 0.6103515640625 0.951171875 0.595703125 0.9580078140625 0.595703125 0.9833984359375 0.583984375 0.9990234359375 0.6171875 0.9990234359375 0.634765625 0.9873046859375 0.642578125 0.9677734359375 0.6318359359375 0.955078125 0.6103515640625 0.951171875
2 0.5390625 0.7958984359375 0.546875 0.8076171859375 0.548828125 0.8291015640625 0.5634765640625 0.849609375 0.5703125 0.8486328140625 0.578125 0.8369140640625 0.576171875 0.7958984359375 0.5458984359375 0.76953125 0.5390625 0.7958984359375
1 0.763671875 0.9033203140625 0.759765625 0.8896484359375 0.7685546859375 0.8984375 0.7734375 0.8818359359375 0.7685546859375 0.87109375 0.7470703140625 0.873046875 0.7412109359375 0.861328125 0.7314453140625 0.859375 0.7197265640625 0.86328125 0.712890625 0.8779296859375 0.71484375 0.8955078140625 0.72265625 0.9013671859375 0.71484375 0.9130859359375 0.7265625 0.9169921859375 0.728515625 0.9521484359375 0.73828125 0.9462890640625 0.734375 0.9619140640625 0.7421875 0.9677734359375 0.7421875 0.9541015640625 0.755859375 0.9443359359375 0.75390625 0.9306640640625 0.763671875 0.9033203140625
2 0.00390625 0.2490234359375 0.01171875 0.2431640640625 0.01171875 0.2314453140625 0.0009765640625 0.224609375 0.00390625 0.2490234359375
2 0.0078125 0.3505859359375 0.015625 0.3427734359375 0.0009765640625 0.322265625 0 0.3505859359375 0.0078125 0.3505859359375
2 0 0.4599609359375 0.024414064062499997 0.4765625 0.033203125 0.4755859359375 0.0595703140625 0.458984375 0.072265625 0.4384765640625 0.072265625 0.4287109359375 0.0537109359375 0.419921875 0.041992185937499996 0.404296875 0.022460935937500003 0.419921875 0.0068359359375 0.412109375 0 0.4306640640625 0 0.4599609359375
2 0.0576171859375 0.51953125 0.046875 0.5283203140625 0.06542968593750001 0.548828125 0.091796875 0.5498046859375 0.09082031406249999 0.51171875 0.08300781406249999 0.51171875 0.07910156406249999 0.5234375 0.0576171859375 0.51953125
2 0.1728515640625 0.744140625 0.1630859359375 0.759765625 0.142578125 0.7626953140625 0.140625 0.7900390640625 0.162109375 0.7998046859375 0.19140625 0.7646484359375 0.193359375 0.7568359359375 0.1845703140625 0.74609375 0.1728515640625 0.744140625
2 0.2626953140625 0.908203125 0.248046875 0.9052734359375 0.255859375 0.8583984359375 0.2451171859375 0.8515625 0.2197265640625 0.865234375 0.208984375 0.8466796859375 0.21484375 0.8154296859375 0.2041015640625 0.806640625 0.1865234359375 0.8046875 0.15234375 0.8291015640625 0.1484375 0.8466796859375 0.1611328140625 0.85546875 0.1767578140625 0.853515625 0.189453125 0.8681640640625 0.203125 0.8955078140625 0.193359375 0.9208984359375 0.1953125 0.9560546859375 0.2041015640625 0.966796875 0.21875 0.9677734359375 0.23046875 0.9482421859375 0.2568359359375 0.93359375 0.265625 0.9208984359375 0.2626953140625 0.908203125
2 0.6904296859375 0.033203125 0.7109375 0.034179685937499996 0.73046875 0.0009765640625 0.6826171859375 0 0.68359375 0.0263671859375 0.6904296859375 0.033203125
2 0.748046875 0.1513671859375 0.751953125 0.1298828140625 0.7392578140625 0.11328125 0.734375 0.1376953140625 0.748046875 0.1513671859375
2 0.796875 0.1455078140625 0.79296875 0.1259765640625 0.7861328140625 0.12109375 0.775390625 0.1728515640625 0.763671875 0.1826171859375 0.763671875 0.1943359359375 0.7763671859375 0.216796875 0.8046875 0.2197265640625 0.81640625 0.2138671859375 0.818359375 0.1962890640625 0.794921875 0.1865234359375 0.796875 0.1455078140625
2 0.783203125 0.2919921859375 0.7734375 0.3193359359375 0.775390625 0.3427734359375 0.787109375 0.3505859359375 0.796875 0.3232421859375 0.796875 0.2998046859375 0.7900390640625 0.2890625 0.783203125 0.2919921859375
2 0.826171875 0.3837890640625 0.8173828140625 0.376953125 0.79296875 0.3916015640625 0.79296875 0.4072265640625 0.80078125 0.4404296859375 0.826171875 0.4716796859375 0.83203125 0.4599609359375 0.830078125 0.4150390640625 0.818359375 0.4052734359375 0.826171875 0.3837890640625
1 0.8544921859375 0.306640625 0.810546875 0.3505859359375 0.8125 0.3798828140625 0.822265625 0.3896484359375 0.86328125 0.3681640640625 0.8671875 0.3427734359375 0.853515625 0.3271484359375 0.8544921859375 0.306640625
2 0.8583984359375 0.51171875 0.857421875 0.5283203140625 0.876953125 0.5517578140625 0.900390625 0.5283203140625 0.90234375 0.5185546859375 0.8916015640625 0.51171875 0.8583984359375 0.51171875
2 0.8828125 0.5791015640625 0.91015625 0.6279296859375 0.921875 0.5849609359375 0.9111328140625 0.56640625 0.8896484359375 0.560546875 0.8828125 0.5791015640625
2 0.873046875 0.6572265640625 0.873046875 0.6767578140625 0.857421875 0.6865234359375 0.873046875 0.7021484359375 0.8935546859375 0.69140625 0.92578125 0.6572265640625 0.9248046859375 0.646484375 0.873046875 0.6572265640625
2 0.962890625 0.7587890640625 0.962890625 0.7470703140625 0.9580078140625 0.7421875 0.9267578140625 0.74609375 0.9033203140625 0.736328125 0.908203125 0.7568359359375 0.91796875 0.7626953140625 0.921875 0.7900390640625 0.935546875 0.7978515640625 0.935546875 0.8212890640625 0.953125 0.8388671859375 0.96875 0.8154296859375 0.966796875 0.8056640640625 0.947265625 0.7861328140625 0.962890625 0.7587890640625
2 0.9716796859375 1 1 0.9990234359375 0.9990234359375 0.982421875 0.9814453140625 0.97265625 0.970703125 0.9755859359375 0.9716796859375 1