2 0 0.6416015640625 0.001953125 0.6728515640625 0.005859375 0.6572265640625 0.015625 0.6494140640625 0.010742185937499999 0.640625 0 0.6416015640625
2 0.015625 0.7744140640625 0.0234375 0.7919921859375 0.033203125 0.7919921859375 0.064453125 0.7607421859375 0.0556640640625 0.7421875 0.045898435937499996 0.744140625 0.015625 0.7744140640625
2 0 0.7373046859375 0.0078125 0.7373046859375 0.033203125 0.7177734359375 0.03515625 0.7001953140625 0.024414064062499997 0.689453125 0 0.6923828140625 0 0.7373046859375
2 0.12890625 0.8955078140625 0.111328125 0.9072265640625 0.109375 0.9228515640625 0.11816406406249999 0.931640625 0.138671875 0.9365234359375 0.146484375 0.9248046859375 0.138671875 0.8876953140625 0.1318359359375 0.8828125 0.12890625 0.8955078140625
2 0.1845703140625 0.013671875 0.181640625 0.041992185937499996 0.169921875 0.045898435937499996 0.169921875 0.0556640640625 0.1806640640625 0.078125 0.1904296859375 0.072265625 0.1962890640625 0.08203125 0.20703125 0.08105468593750001 0.21484375 0.06542968593750001 0.1953125 0.049804685937499996 0.19140625 0.016601564062499997 0.1845703140625 0.013671875
2 0.19140625 0.1611328140625 0.193359375 0.12402343593750001 0.1689453140625 0.12109375 0.173828125 0.1494140640625 0.19140625 0.1611328140625
2 0.25390625 0.3701171859375 0.26171875 0.3720703140625 0.279296875 0.3623046859375 0.2822265640625 0.328125 0.25 0.3427734359375 0.25390625 0.3701171859375
2 0.2392578140625 0.2421875 0.22265625 0.3056640640625 0.2373046859375 0.318359375 0.255859375 0.3173828140625 0.26171875 0.3037109359375 0.259765625 0.2802734359375 0.248046875 0.2451171859375 0.2392578140625 0.2421875
2 0.3447265640625 0.640625 0.357421875 0.6416015640625 0.35546875 0.6572265640625 0.36328125 0.6572265640625 0.388671875 0.6201171859375 0.3857421859375 0.603515625 0.3359375 0.6279296859375 0.3447265640625 0.640625
2 0.404296875 0.6787109359375 0.408203125 0.6611328140625 0.3935546859375 0.65625 0.392578125 0.6689453140625 0.404296875 0.6787109359375
2 0.8291015640625 0.810546875 0.8017578140625 0.81640625 0.79296875 0.8251953140625 0.818359375 0.8662109359375 0.82421875 0.8662109359375 0.83203125 0.8583984359375 0.826171875 0.8466796859375 0.833984375 0.8271484359375 0.8291015640625 0.810546875
2 0.572265625 0.09082031406249999 0.580078125 0.09277343593750001 0.58984375 0.07128906406249999 0.5869140640625 0.044921875 0.56640625 0.06933593593750001 0.572265625 0.09082031406249999
2 0.5927734359375 0.1171875 0.587890625 0.1494140640625 0.59375 0.1630859359375 0.603515625 0.1669921859375 0.611328125 0.1591796859375 0.611328125 0.1435546859375 0.6015625 0.12011718593750001 0.5927734359375 0.1171875
2 0.6318359359375 0.2109375 0.630859375 0.2373046859375 0.623046875 0.2490234359375 0.626953125 0.2861328140625 0.6318359359375 0.296875 0.642578125 0.2958984359375 0.650390625 0.2529296859375 0.638671875 0.2353515640625 0.640625 0.2138671859375 0.6318359359375 0.2109375
2 0.6826171859375 0.3359375 0.6572265640625 0.34375 0.6416015640625 0.333984375 0.63671875 0.3369140640625 0.642578125 0.3955078140625 0.6640625 0.3876953140625 0.662109375 0.3681640640625 0.68359375 0.3505859359375 0.6826171859375 0.3359375
2 0.65234375 0.4853515640625 0.6611328140625 0.501953125 0.669921875 0.5009765640625 0.69140625 0.4619140640625 0.6904296859375 0.443359375 0.66796875 0.4619140640625 0.65234375 0.4853515640625
2 0.787109375 0.7255859359375 0.79296875 0.7177734359375 0.7822265640625 0.705078125 0.779296875 0.7255859359375 0.787109375 0.7255859359375
2 0.7578125 0.7373046859375 0.751953125 0.7509765640625 0.763671875 0.7568359359375 0.76953125 0.7470703140625 0.7685546859375 0.70703125 0.75390625 0.7314453140625 0.7578125 0.7373046859375
2 0.9736328140625 0.037109375 0.953125 0.09667968593750001 0.9658203140625 0.1171875 0.98046875 0.12011718593750001 0.986328125 0.10449218593750001 0.984375 0.0517578140625 0.98046875 0.038085935937499996 0.9736328140625 0.037109375
2 0.990234375 0.2236328140625 0.990234375 0.2021484359375 0.9755859359375 0.1953125 0.974609375 0.2158203140625 0.990234375 0.2236328140625
2 0.951171875 0.032226564062500004 0.970703125 0.036132814062500004 0.9765625 0.032226564062500004 0.9765625 0.0009765640625 0.9404296859375 0 0.951171875 0.032226564062500004