2 0.044921875 0.5009765640625 0.033203125 0.4951171859375 0.022460935937500003 0.474609375 0.00390625 0.4892578140625 0.0078125 0.5126953140625 0.001953125 0.5322265640625 0.013671875 0.5380859359375 0.013671875 0.5634765640625 0.03125 0.5654296859375 0.05859375 0.5439453140625 0.05859375 0.5361328140625 0.044921875 0.5283203140625 0.044921875 0.5009765640625
2 0.068359375 0.6689453140625 0.07910156406249999 0.68359375 0.087890625 0.6826171859375 0.1015625 0.6630859359375 0.1015625 0.6357421859375 0.09667968593750001 0.6328125 0.068359375 0.6689453140625
2 0.189453125 0.9072265640625 0.205078125 0.9326171859375 0.208984375 0.9580078140625 0.21875 0.9580078140625 0.232421875 0.8896484359375 0.2255859359375 0.87109375 0.2158203140625 0.87109375 0.189453125 0.9072265640625
2 0.5302734359375 0.724609375 0.517578125 0.7275390640625 0.515625 0.7373046859375 0.51953125 0.7529296859375 0.5322265640625 0.7578125 0.54296875 0.7783203140625 0.556640625 0.7861328140625 0.564453125 0.7783203140625 0.5625 0.7197265640625 0.5478515640625 0.703125 0.5302734359375 0.724609375
2 0.4248046859375 0.427734375 0.416015625 0.4404296859375 0.41796875 0.4580078140625 0.404296875 0.4677734359375 0.4091796859375 0.484375 0.423828125 0.4833984359375 0.439453125 0.4755859359375 0.4453125 0.4560546859375 0.4453125 0.4462890640625 0.4248046859375 0.427734375
2 0.3330078140625 0.126953125 0.330078125 0.1533203140625 0.345703125 0.1591796859375 0.353515625 0.1494140640625 0.353515625 0.1337890640625 0.3466796859375 0.126953125 0.3330078140625 0.126953125
2 0.7138671859375 0.107421875 0.693359375 0.1298828140625 0.693359375 0.1396484359375 0.7001953140625 0.150390625 0.7099609359375 0.146484375 0.71484375 0.1513671859375 0.72265625 0.1923828140625 0.73046875 0.1943359359375 0.7421875 0.1611328140625 0.734375 0.1494140640625 0.73046875 0.11425781406249999 0.7138671859375 0.107421875
2 0.8193359359375 0.30078125 0.80078125 0.3330078140625 0.80078125 0.3623046859375 0.810546875 0.3720703140625 0.84375 0.3388671859375 0.8408203140625 0.326171875 0.82421875 0.3232421859375 0.8193359359375 0.30078125
2 0.9501953140625 0.685546875 0.935546875 0.7099609359375 0.919921875 0.7197265640625 0.927734375 0.7314453140625 0.9296875 0.7724609359375 0.94140625 0.7744140640625 0.947265625 0.7392578140625 0.962890625 0.7138671859375 0.9599609359375 0.685546875 0.9501953140625 0.685546875
2 0.970703125 0.8134765640625 0.986328125 0.8212890640625 1 0.8154296859375 0.9990234359375 0.7890625 0.96875 0.7998046859375 0.970703125 0.8134765640625
2 0.85546875 0.5087890640625 0.8671875 0.4892578140625 0.8603515640625 0.484375 0.84765625 0.5087890640625 0.857421875 0.5673828140625 0.865234375 0.5693359359375 0.8671875 0.5498046859375 0.8837890640625 0.544921875 0.890625 0.5322265640625 0.85546875 0.5087890640625