2 0.11816406406249999 0.8828125 0.109375 0.9072265640625 0.11816406406249999 0.923828125 0.130859375 0.9248046859375 0.15234375 0.8857421859375 0.1435546859375 0.873046875 0.1298828140625 0.8828125 0.11816406406249999 0.8828125
2 0.09765625 0.8193359359375 0.095703125 0.8486328140625 0.115234375 0.8505859359375 0.1328125 0.8310546859375 0.1259765640625 0.794921875 0.11035156406249999 0.80078125 0.09765625 0.8193359359375
2 0.068359375 0.7822265640625 0.068359375 0.7744140640625 0.0595703140625 0.7734375 0.0537109359375 0.76171875 0.036132814062500004 0.765625 0.0263671859375 0.759765625 0.01171875 0.7978515640625 0.022460935937500003 0.814453125 0.03125 0.8154296859375 0.0234375 0.8251953140625 0.045898435937499996 0.828125 0.048828125 0.8525390640625 0.0595703140625 0.861328125 0.068359375 0.8603515640625 0.076171875 0.8466796859375 0.07421875 0.8291015640625 0.056640625 0.7900390640625 0.068359375 0.7822265640625
2 0.2353515640625 0.416015625 0.2119140640625 0.4140625 0.203125 0.4248046859375 0.2001953140625 0.443359375 0.158203125 0.4599609359375 0.158203125 0.4833984359375 0.171875 0.4853515640625 0.1982421859375 0.484375 0.2060546859375 0.451171875 0.236328125 0.4560546859375 0.2353515640625 0.416015625
2 0.28125 0.5556640640625 0.263671875 0.5166015640625 0.2431640640625 0.5078125 0.234375 0.5302734359375 0.220703125 0.5419921859375 0.21484375 0.5634765640625 0.2568359359375 0.55859375 0.275390625 0.5771484359375 0.26171875 0.5966796859375 0.26171875 0.6103515640625 0.279296875 0.6142578140625 0.2958984359375 0.609375 0.302734375 0.5966796859375 0.28125 0.5712890640625 0.28125 0.5556640640625
2 0 0.11621093593750001 0.015625 0.12402343593750001 0.020507814062499997 0.142578125 0.036132814062500004 0.115234375 0.076171875 0.11230468593750001 0.078125 0.1416015640625 0.09375 0.1591796859375 0.08105468593750001 0.16796875 0.06738281406249999 0.1484375 0.047851564062500004 0.14453125 0.029296875 0.1572265640625 0.02734375 0.1708984359375 0.040039064062500004 0.181640625 0.06347656406249999 0.185546875 0.0703125 0.1943359359375 0.0703125 0.2412109359375 0.087890625 0.2626953140625 0.087890625 0.2763671859375 0.080078125 0.2841796859375 0.0859375 0.3115234359375 0.107421875 0.3291015640625 0.11230468593750001 0.34375 0.1298828140625 0.3359375 0.13671875 0.3525390640625 0.1484375 0.3564453140625 0.16796875 0.3466796859375 0.169921875 0.3251953140625 0.16015625 0.2998046859375 0.154296875 0.2412109359375 0.14453125 0.2333984359375 0.14453125 0.1923828140625 0.130859375 0.1513671859375 0.13671875 0.12011718593750001 0.1259765640625 0.109375 0.10644531406249999 0.111328125 0.08691406406249999 0.0859375 0.08105468593750001 0.087890625 0.0625 0.0615234359375 0.05859375 0.041992185937499996 0.045898435937499996 0.03515625 0.03515625 0.047851564062500004 0.0302734359375 0.08203125 0 0.0576171859375 0 0.11621093593750001
2 0.369140625 0.7568359359375 0.337890625 0.7353515640625 0.34765625 0.7177734359375 0.349609375 0.6943359359375 0.34375 0.6748046859375 0.3349609359375 0.673828125 0.310546875 0.6826171859375 0.310546875 0.7119140640625 0.31640625 0.7197265640625 0.314453125 0.7373046859375 0.3251953140625 0.736328125 0.328125 0.7509765640625 0.337890625 0.7587890640625 0.337890625 0.7958984359375 0.34765625 0.7998046859375 0.3564453140625 0.78515625 0.3681640640625 0.78515625 0.373046875 0.7763671859375 0.369140625 0.7568359359375
2 0.45703125 0.9384765640625 0.4462890640625 0.912109375 0.41796875 0.9189453140625 0.416015625 0.9541015640625 0.400390625 0.9638671859375 0.4150390640625 0.98828125 0.4267578140625 0.982421875 0.4296875 0.9970703140625 0.44140625 0.9990234359375 0.443359375 0.9833984359375 0.451171875 0.9755859359375 0.447265625 0.9501953140625 0.45703125 0.9384765640625
2 0.486328125 0.10253906406249999 0.4609375 0.06542968593750001 0.451171875 0.022460935937500003 0.4384765640625 0.021484375 0.4296875 0.0009765640625 0.4189453140625 0 0.408203125 0.010742185937499999 0.4140625 0.032226564062500004 0.4287109359375 0.033203125 0.447265625 0.049804685937499996 0.447265625 0.0576171859375 0.427734375 0.07714843593750001 0.427734375 0.08886718593750001 0.4453125 0.10449218593750001 0.443359375 0.11816406406249999 0.451171875 0.1259765640625 0.4619140640625 0.08984375 0.4736328140625 0.111328125 0.4833984359375 0.111328125 0.486328125 0.10253906406249999
2 0.513671875 0.2470703140625 0.51953125 0.2470703140625 0.529296875 0.2294921859375 0.5126953140625 0.201171875 0.505859375 0.2314453140625 0.513671875 0.2470703140625
2 0.646484375 0.7314453140625 0.65234375 0.7314453140625 0.669921875 0.7197265640625 0.6533203140625 0.68359375 0.64453125 0.7177734359375 0.646484375 0.7314453140625
2 0.6396484359375 0.6328125 0.630859375 0.6494140640625 0.630859375 0.6572265640625 0.642578125 0.6630859359375 0.6640625 0.6533203140625 0.662109375 0.6416015640625 0.6474609359375 0.6328125 0.6396484359375 0.6328125
2 0.748046875 0.9951171859375 0.765625 0.9990234359375 0.755859375 0.9580078140625 0.7431640640625 0.9453125 0.73828125 0.9599609359375 0.748046875 0.9951171859375
2 0.69921875 0.7822265640625 0.6865234359375 0.775390625 0.67578125 0.8232421859375 0.69921875 0.8349609359375 0.6953125 0.8701171859375 0.71484375 0.8916015640625 0.7265625 0.9189453140625 0.736328125 0.8740234359375 0.734375 0.8466796859375 0.71484375 0.8408203140625 0.69921875 0.7822265640625
2 0.55859375 0.3818359359375 0.564453125 0.3623046859375 0.5380859359375 0.345703125 0.541015625 0.3779296859375 0.55859375 0.3818359359375
2 0.16015625 0.3974609359375 0.18359375 0.4052734359375 0.193359375 0.4013671859375 0.203125 0.3720703140625 0.1728515640625 0.36328125 0.16015625 0.3974609359375
2 0.6083984359375 0.5078125 0.603515625 0.5244140640625 0.61328125 0.5439453140625 0.609375 0.5771484359375 0.6171875 0.5810546859375 0.638671875 0.5595703140625 0.62109375 0.5380859359375 0.62890625 0.5205078140625 0.6083984359375 0.5078125
2 1 0.6416015640625 0.984375 0.6396484359375 0.986328125 0.6142578140625 0.9814453140625 0.61328125 0.962890625 0.6318359359375 0.966796875 0.6572265640625 0.9765625 0.6630859359375 0.98046875 0.6826171859375 1 0.6943359359375 1 0.6416015640625
2 0.951171875 0.4052734359375 0.9384765640625 0.37890625 0.921875 0.3896484359375 0.927734375 0.4072265640625 0.921875 0.4345703140625 0.912109375 0.4482421859375 0.9453125 0.4658203140625 0.9453125 0.4326171859375 0.9619140640625 0.42578125 0.96875 0.4150390640625 0.951171875 0.4052734359375
2 0.80078125 0.1279296859375 0.814453125 0.1318359359375 0.82421875 0.11035156406249999 0.8173828140625 0.083984375 0.80078125 0.10253906406249999 0.80078125 0.1279296859375