2 0.005859375 0.5185546859375 0.0146484359375 0.533203125 0.03125 0.5361328140625 0.044921875 0.5263671859375 0.047851564062500004 0.5 0.038085935937499996 0.498046875 0.005859375 0.5185546859375
2 0.013671875 0.3134765640625 0.032226564062500004 0.333984375 0.046875 0.3330078140625 0.048828125 0.2998046859375 0.0302734359375 0.259765625 0.01953125 0.2744140640625 0.013671875 0.3134765640625
2 0.115234375 0.6064453140625 0.099609375 0.6025390640625 0.099609375 0.5791015640625 0.07128906406249999 0.568359375 0.064453125 0.5947265640625 0.072265625 0.6435546859375 0.060546875 0.6669921859375 0.091796875 0.7001953140625 0.0859375 0.7392578140625 0.09375 0.7392578140625 0.123046875 0.6943359359375 0.111328125 0.6728515640625 0.1171875 0.6201171859375 0.115234375 0.6064453140625
2 0.212890625 0.8623046859375 0.185546875 0.8193359359375 0.154296875 0.7509765640625 0.1455078140625 0.74609375 0.138671875 0.7666015640625 0.126953125 0.7744140640625 0.126953125 0.7998046859375 0.11328125 0.8251953140625 0.1630859359375 0.826171875 0.177734375 0.8408203140625 0.185546875 0.8583984359375 0.181640625 0.8896484359375 0.189453125 0.8974609359375 0.181640625 0.9384765640625 0.193359375 0.9443359359375 0.216796875 0.9228515640625 0.2109375 0.9033203140625 0.216796875 0.8876953140625 0.212890625 0.8623046859375
2 0.2626953140625 0 0.267578125 0.024414064062499997 0.259765625 0.045898435937499996 0.263671875 0.08105468593750001 0.2861328140625 0.078125 0.2900390640625 0.09375 0.310546875 0.09667968593750001 0.322265625 0.08886718593750001 0.3203125 0.0537109359375 0.333984375 0.0302734359375 0.3359375 0.0126953140625 0.3291015640625 0.009765625 0.3193359359375 0.021484375 0.3056640640625 0.025390625 0.3076171859375 0 0.2626953140625 0
2 0.4140625 0.3388671859375 0.4052734359375 0.328125 0.3896484359375 0.34765625 0.375 0.3173828140625 0.37109375 0.2548828140625 0.376953125 0.2392578140625 0.376953125 0.1962890640625 0.3701171859375 0.193359375 0.35546875 0.2236328140625 0.3408203140625 0.23046875 0.337890625 0.2392578140625 0.345703125 0.2529296859375 0.34375 0.2666015640625 0.353515625 0.2744140640625 0.365234375 0.3076171859375 0.365234375 0.3701171859375 0.3828125 0.3896484359375 0.384765625 0.4228515640625 0.3935546859375 0.431640625 0.40234375 0.4306640640625 0.408203125 0.4169921859375 0.404296875 0.3974609359375 0.41796875 0.3857421859375 0.4140625 0.3388671859375
2 0.4140625 0.5205078140625 0.435546875 0.5498046859375 0.44140625 0.5498046859375 0.458984375 0.5283203140625 0.4423828140625 0.498046875 0.4208984359375 0.509765625 0.4140625 0.5205078140625
2 0.453125 0.5908203140625 0.484375 0.6337890640625 0.505859375 0.5791015640625 0.4990234359375 0.572265625 0.4560546859375 0.572265625 0.453125 0.5908203140625
2 0.51171875 0.7783203140625 0.51171875 0.7998046859375 0.517578125 0.8134765640625 0.525390625 0.8154296859375 0.53125 0.7998046859375 0.544921875 0.7919921859375 0.5263671859375 0.765625 0.51171875 0.7783203140625
2 0.5859375 0.9775390640625 0.5859375 0.8876953140625 0.5693359359375 0.88671875 0.544921875 0.9306640640625 0.5517578140625 0.9453125 0.5693359359375 0.94921875 0.572265625 0.9560546859375 0.572265625 0.9814453140625 0.556640625 0.9912109359375 0.556640625 0.9990234359375 0.6328125 0.9990234359375 0.625 0.9912109359375 0.6201171859375 0.962890625 0.6005859359375 0.9765625 0.5859375 0.9775390640625
2 0.7666015640625 0.42578125 0.751953125 0.4462890640625 0.751953125 0.4775390640625 0.765625 0.4814453140625 0.794921875 0.4501953140625 0.796875 0.4287109359375 0.7822265640625 0.419921875 0.7666015640625 0.42578125
2 0.8544921859375 0.53515625 0.8134765640625 0.529296875 0.798828125 0.5380859359375 0.806640625 0.5517578140625 0.798828125 0.5927734359375 0.81640625 0.5986328140625 0.830078125 0.5732421859375 0.8515625 0.5615234359375 0.857421875 0.5498046859375 0.8544921859375 0.53515625
2 0.6171875 0.010742185937499999 0.626953125 0.0283203140625 0.638671875 0.034179685937499996 0.673828125 0.07910156406249999 0.681640625 0.06933593593750001 0.673828125 0.0009765640625 0.6201171859375 0 0.6171875 0.010742185937499999
2 0.779296875 0.3212890640625 0.7744140640625 0.302734375 0.71875 0.3154296859375 0.71875 0.3388671859375 0.732421875 0.3486328140625 0.748046875 0.3916015640625 0.751953125 0.3623046859375 0.7626953140625 0.359375 0.7734375 0.3427734359375 0.779296875 0.3212890640625
2 0.7099609359375 0.103515625 0.673828125 0.1591796859375 0.671875 0.1806640640625 0.734375 0.2431640640625 0.744140625 0.2001953140625 0.73828125 0.1708984359375 0.7421875 0.1298828140625 0.7099609359375 0.103515625
2 0.9052734359375 0.890625 0.892578125 0.8603515640625 0.892578125 0.8271484359375 0.900390625 0.8154296859375 0.89453125 0.7822265640625 0.90625 0.7373046859375 0.8984375 0.7177734359375 0.8818359359375 0.7109375 0.8642578140625 0.724609375 0.8525390640625 0.724609375 0.84375 0.7353515640625 0.859375 0.7607421859375 0.84765625 0.8076171859375 0.861328125 0.8525390640625 0.85546875 0.8623046859375 0.8671875 0.8701171859375 0.857421875 0.9033203140625 0.8623046859375 0.9140625 0.8642578140625 0.908203125 0.875 0.9111328140625 0.8671875 0.9150390640625 0.8701171859375 0.921875 0.8876953140625 0.908203125 0.896484375 0.9248046859375 0.8984375 0.9599609359375 0.916015625 0.9619140640625 0.939453125 0.9169921859375 0.93359375 0.8916015640625 0.9208984359375 0.884765625 0.9052734359375 0.890625