2 0.01171875 0.0615234359375 0.0009765640625 0.048828125 0.00390625 0.08496093593750001 0.01171875 0.0615234359375
2 0.05078125 0.2197265640625 0.05859375 0.2197265640625 0.076171875 0.2060546859375 0.07519531406249999 0.19921875 0.052734375 0.2119140640625 0.05078125 0.2197265640625
2 0.09375 0.1650390640625 0.08496093593750001 0.154296875 0.05859375 0.1494140640625 0.06933593593750001 0.162109375 0.09375 0.1650390640625
2 0.09082031406249999 0.283203125 0.068359375 0.3037109359375 0.076171875 0.3349609359375 0.05859375 0.3603515640625 0.06738281406249999 0.37890625 0.083984375 0.3798828140625 0.10546875 0.3701171859375 0.091796875 0.3232421859375 0.111328125 0.2919921859375 0.09082031406249999 0.283203125
2 0.224609375 0.6748046859375 0.2060546859375 0.673828125 0.1943359359375 0.666015625 0.1728515640625 0.671875 0.1875 0.6865234359375 0.181640625 0.7080078140625 0.189453125 0.7216796859375 0.21875 0.7412109359375 0.244140625 0.7197265640625 0.244140625 0.7119140640625 0.23046875 0.7021484359375 0.224609375 0.6748046859375
2 0.3037109359375 0.90234375 0.2861328140625 0.921875 0.2783203140625 0.921875 0.275390625 0.8935546859375 0.2685546859375 0.884765625 0.23828125 0.9072265640625 0.2744140640625 0.958984375 0.2880859359375 0.9609375 0.30859375 0.9521484359375 0.3193359359375 1 0.349609375 0.9990234359375 0.3505859359375 0.994140625 0.3359375 0.9873046859375 0.3369140640625 0.916015625 0.3037109359375 0.90234375
2 0.197265625 0.5478515640625 0.1748046859375 0.544921875 0.1669921859375 0.53125 0.1591796859375 0.53125 0.15234375 0.5205078140625 0.154296875 0.5009765640625 0.1435546859375 0.494140625 0.134765625 0.5126953140625 0.1328125 0.5498046859375 0.12109375 0.5537109359375 0.107421875 0.5791015640625 0.1298828140625 0.6015625 0.17578125 0.6123046859375 0.18359375 0.6083984359375 0.181640625 0.5888671859375 0.197265625 0.5654296859375 0.197265625 0.5478515640625
2 0.3828125 0.024414064062499997 0.396484375 0.0283203140625 0.416015625 0.008789064062500001 0.4150390640625 0 0.38671875 0.0009765640625 0.3828125 0.024414064062499997
2 0.48046875 0.2119140640625 0.484375 0.1513671859375 0.4755859359375 0.142578125 0.427734375 0.1826171859375 0.4296875 0.2021484359375 0.439453125 0.2158203140625 0.44140625 0.2529296859375 0.4501953140625 0.265625 0.45703125 0.2646484359375 0.4892578140625 0.25390625 0.50390625 0.2236328140625 0.4990234359375 0.208984375 0.48046875 0.2119140640625
2 0.52734375 0.5068359359375 0.525390625 0.5380859359375 0.537109375 0.5400390640625 0.5546875 0.5322265640625 0.546875 0.5146484359375 0.5458984359375 0.48828125 0.52734375 0.5068359359375
2 0.6103515640625 0.595703125 0.5986328140625 0.609375 0.595703125 0.5771484359375 0.5888671859375 0.564453125 0.5751953140625 0.560546875 0.576171875 0.6005859359375 0.58984375 0.6201171859375 0.58203125 0.6396484359375 0.5625 0.6513671859375 0.560546875 0.6630859359375 0.5732421859375 0.677734375 0.615234375 0.6845703140625 0.630859375 0.6533203140625 0.62109375 0.6357421859375 0.619140625 0.6025390640625 0.6103515640625 0.595703125
2 0.69140625 0.8779296859375 0.6865234359375 0.869140625 0.669921875 0.8701171859375 0.666015625 0.8486328140625 0.646484375 0.8330078140625 0.6279296859375 0.79296875 0.60546875 0.8447265640625 0.6220703140625 0.849609375 0.6455078140625 0.841796875 0.6640625 0.8642578140625 0.66796875 0.8837890640625 0.66015625 0.9130859359375 0.673828125 0.9580078140625 0.669921875 0.9775390640625 0.68359375 0.9833984359375 0.70703125 0.9560546859375 0.705078125 0.9345703140625 0.693359375 0.9189453140625 0.69140625 0.8779296859375
2 1 0.7568359359375 0.9697265640625 0.744140625 0.962890625 0.7705078140625 0.966796875 0.7958984359375 0.98828125 0.8173828140625 0.990234375 0.8447265640625 1 0.8603515640625 1 0.7568359359375
2 0.890625 0.5361328140625 0.8955078140625 0.498046875 0.880859375 0.5126953140625 0.880859375 0.5263671859375 0.890625 0.5361328140625
2 0.875 0.4384765640625 0.87109375 0.4189453140625 0.888671875 0.3896484359375 0.892578125 0.3681640640625 0.8876953140625 0.36328125 0.8720703140625 0.3671875 0.8525390640625 0.3359375 0.845703125 0.3544921859375 0.859375 0.3896484359375 0.85546875 0.4306640640625 0.869140625 0.4501953140625 0.87109375 0.4755859359375 0.888671875 0.4794921859375 0.90625 0.4658203140625 0.90625 0.4560546859375 0.8974609359375 0.44140625 0.875 0.4384765640625