2 0.0283203140625 0.04296875 0.013671875 0.041992185937499996 0.01171875 0.0517578140625 0.022460935937500003 0.068359375 0.064453125 0.08496093593750001 0.0703125 0.06933593593750001 0.052734375 0.049804685937499996 0.045898435937499996 0.029296875 0.0283203140625 0.04296875
2 0.220703125 0.4853515640625 0.212890625 0.5166015640625 0.212890625 0.5283203140625 0.232421875 0.5361328140625 0.2490234359375 0.53125 0.25390625 0.5146484359375 0.2431640640625 0.47265625 0.220703125 0.4853515640625
2 0.302734375 0.6259765640625 0.2939453140625 0.62109375 0.28125 0.6357421859375 0.279296875 0.6630859359375 0.26171875 0.6728515640625 0.26171875 0.6845703140625 0.2861328140625 0.7109375 0.30078125 0.7138671859375 0.310546875 0.7080078140625 0.314453125 0.6943359359375 0.302734375 0.6591796859375 0.302734375 0.6259765640625
2 0.3203125 0.7822265640625 0.3115234359375 0.765625 0.2939453140625 0.796875 0.259765625 0.8017578140625 0.265625 0.8154296859375 0.2890625 0.8310546859375 0.2919921859375 0.841796875 0.310546875 0.8466796859375 0.34375 0.8193359359375 0.3408203140625 0.810546875 0.31640625 0.7998046859375 0.3203125 0.7822265640625
2 0.23046875 0.3701171859375 0.23046875 0.3310546859375 0.2255859359375 0.326171875 0.20703125 0.3330078140625 0.17578125 0.4033203140625 0.1796875 0.4189453140625 0.205078125 0.4423828140625 0.212890625 0.4248046859375 0.212890625 0.3935546859375 0.21875 0.3779296859375 0.23046875 0.3701171859375
2 0.09667968593750001 0.255859375 0.08984375 0.2646484359375 0.09375 0.2822265640625 0.1171875 0.3017578140625 0.123046875 0.3154296859375 0.11328125 0.3388671859375 0.1337890640625 0.34375 0.1474609359375 0.359375 0.154296875 0.3583984359375 0.162109375 0.3369140640625 0.154296875 0.3037109359375 0.11230468593750001 0.255859375 0.09667968593750001 0.255859375
2 0.3818359359375 0.935546875 0.369140625 0.9208984359375 0.3671875 0.8857421859375 0.3544921859375 0.880859375 0.3369140640625 0.890625 0.330078125 0.8974609359375 0.33203125 0.9052734359375 0.359375 0.9267578140625 0.3564453140625 0.935546875 0.33984375 0.9443359359375 0.3515625 0.9970703140625 0.41796875 0.9990234359375 0.4130859359375 0.98828125 0.396484375 0.9814453140625 0.408203125 0.9443359359375 0.3818359359375 0.935546875
2 0.654296875 0.7001953140625 0.666015625 0.7548828140625 0.677734375 0.7587890640625 0.68359375 0.7314453140625 0.671875 0.6962890640625 0.6591796859375 0.685546875 0.654296875 0.7001953140625
2 0.6416015640625 0.58203125 0.62890625 0.5908203140625 0.625 0.6298828140625 0.642578125 0.6455078140625 0.671875 0.6123046859375 0.671875 0.5927734359375 0.6630859359375 0.583984375 0.6416015640625 0.58203125
2 0.5537109359375 0.279296875 0.5302734359375 0.29296875 0.5185546859375 0.28515625 0.513671875 0.2900390640625 0.5078125 0.3271484359375 0.51953125 0.3427734359375 0.521484375 0.3720703140625 0.529296875 0.3759765640625 0.5546875 0.3544921859375 0.548828125 0.3310546859375 0.556640625 0.2939453140625 0.5537109359375 0.279296875
2 0.53125 0.036132814062500004 0.533203125 0.018554685937500003 0.548828125 0.010742185937499999 0.5478515640625 0 0.451171875 0.0009765640625 0.44921875 0.0537109359375 0.431640625 0.06542968593750001 0.4296875 0.07519531406249999 0.447265625 0.08886718593750001 0.447265625 0.10839843593750001 0.4716796859375 0.1328125 0.48046875 0.1318359359375 0.484375 0.10058593593750001 0.498046875 0.09277343593750001 0.50390625 0.06933593593750001 0.53125 0.036132814062500004
2 0.8623046859375 0.13671875 0.85546875 0.1494140640625 0.875 0.1845703140625 0.861328125 0.2275390640625 0.876953125 0.2392578140625 0.876953125 0.1923828140625 0.900390625 0.1435546859375 0.8955078140625 0.1328125 0.8623046859375 0.13671875
2 0.8291015640625 0 0.826171875 0.018554685937500003 0.8359375 0.0576171859375 0.845703125 0.07519531406249999 0.853515625 0.07714843593750001 0.865234375 0.0556640640625 0.859375 0.022460935937500003 0.8486328140625 0 0.8291015640625 0
2 0.9619140640625 0.458984375 0.970703125 0.4580078140625 0.982421875 0.4482421859375 0.9755859359375 0.431640625 0.947265625 0.4404296859375 0.9619140640625 0.458984375
2 1 0.6123046859375 0.9853515640625 0.61328125 0.986328125 0.5986328140625 0.9794921859375 0.595703125 0.955078125 0.6181640640625 0.9765625 0.6357421859375 0.98046875 0.6513671859375 0.98828125 0.6513671859375 1 0.6337890640625 1 0.6123046859375
2 0.69140625 0.7880859359375 0.69921875 0.7900390640625 0.705078125 0.7822265640625 0.6923828140625 0.759765625 0.685546875 0.7724609359375 0.69140625 0.7880859359375