2 0.1572265640625 1 0.212890625 0.9990234359375 0.1943359359375 0.978515625 0.1669921859375 0.97265625 0.16015625 0.9775390640625 0.1572265640625 1
2 0.0146484359375 0.5625 0.0009765640625 0.568359375 0 0.5986328140625 0.018554685937500003 0.611328125 0.02734375 0.6103515640625 0.025390625 0.5810546859375 0.033203125 0.5751953140625 0.033203125 0.5654296859375 0.0146484359375 0.5625
2 0.083984375 0.7822265640625 0.0859375 0.8232421859375 0.099609375 0.8251953140625 0.12109375 0.7978515640625 0.125 0.7783203140625 0.12011718593750001 0.7734375 0.083984375 0.7822265640625
2 0.060546875 0.6396484359375 0.060546875 0.6865234359375 0.044921875 0.7138671859375 0.047851564062500004 0.720703125 0.05859375 0.7216796859375 0.08984375 0.7099609359375 0.083984375 0.6689453140625 0.06738281406249999 0.63671875 0.060546875 0.6396484359375
2 0.16015625 0.9013671859375 0.1484375 0.8740234359375 0.15625 0.8427734359375 0.1455078140625 0.833984375 0.1328125 0.8427734359375 0.125 0.8759765640625 0.11328125 0.8916015640625 0.11328125 0.9013671859375 0.126953125 0.9111328140625 0.115234375 0.9267578140625 0.125 0.9404296859375 0.125 0.9697265640625 0.13671875 0.9736328140625 0.15234375 0.9580078140625 0.15234375 0.9345703140625 0.16015625 0.9189453140625 0.16015625 0.9013671859375
2 0.48828125 0.8291015640625 0.482421875 0.8681640640625 0.4921875 0.8701171859375 0.4990234359375 0.857421875 0.517578125 0.8466796859375 0.5146484359375 0.828125 0.48828125 0.8291015640625
2 0.5234375 0.9462890640625 0.53125 0.9599609359375 0.52734375 0.9833984359375 0.537109375 0.9853515640625 0.552734375 0.9775390640625 0.5625 0.9443359359375 0.5341796859375 0.921875 0.5234375 0.9462890640625
2 0.3310546859375 0.40234375 0.322265625 0.4072265640625 0.32421875 0.4287109359375 0.3046875 0.4560546859375 0.3162322078125 0.4752958703125 0.318359375 0.4716796859375 0.34765625 0.4560546859375 0.349609375 0.4423828140625 0.36328125 0.4306640640625 0.3583984359375 0.4140625 0.3310546859375 0.40234375
2 0.3125 0.2177734359375 0.2958984359375 0.21484375 0.2734375 0.2373046859375 0.28125 0.2548828140625 0.275390625 0.2783203140625 0.296875 0.3134765640625 0.3046875 0.3154296859375 0.3203125 0.3095703140625 0.322265625 0.2880859359375 0.30859375 0.2646484359375 0.3125 0.2177734359375
2 0.453125 0.6123046859375 0.4423828140625 0.607421875 0.431640625 0.6552734359375 0.4208984359375 0.66796875 0.412109375 0.6689453140625 0.408203125 0.6923828140625 0.4150390640625 0.708984375 0.4326171859375 0.71875 0.453125 0.7197265640625 0.474609375 0.7158203140625 0.470703125 0.6943359359375 0.45703125 0.6884765640625 0.453125 0.6123046859375
2 0.73046875 0.3564453140625 0.73828125 0.3779296859375 0.75 0.3798828140625 0.759765625 0.3681640640625 0.744140625 0.3447265640625 0.7373046859375 0.34375 0.73046875 0.3564453140625
2 0.595703125 0.0283203140625 0.595703125 0.0595703140625 0.607421875 0.06542968593750001 0.625 0.047851564062500004 0.625 0.038085935937499996 0.6005859359375 0.0234375 0.595703125 0.0283203140625
2 0.6689453140625 0.21875 0.689453125 0.2216796859375 0.708984375 0.2119140640625 0.6923828140625 0.181640625 0.666015625 0.2060546859375 0.6689453140625 0.21875
2 0.8037109359375 0.5234375 0.794921875 0.5322265640625 0.794921875 0.5458984359375 0.818359375 0.5615234359375 0.8408203140625 0.556640625 0.84765625 0.5419921859375 0.8408203140625 0.533203125 0.8037109359375 0.5234375
2 0.8818359359375 0.6796875 0.8583984359375 0.68359375 0.8408203140625 0.673828125 0.84375 0.7294921859375 0.857421875 0.7373046859375 0.8623046859375 0.751953125 0.873046875 0.7529296859375 0.896484375 0.7197265640625 0.888671875 0.7041015640625 0.890625 0.6865234359375 0.8818359359375 0.6796875