2 0 0.045898435937499996 0.021484375 0.06933593593750001 0.021484375 0.07910156406249999 0.037109375 0.08691406406249999 0.048828125 0.08300781406249999 0.04296875 0.0576171859375 0.015625 0.0146484359375 0.015625 0.0009765640625 0.0068359359375 0 0.005859375 0.010742185937499999 0 0.0126953140625 0 0.045898435937499996
2 0.10058593593750001 0.283203125 0.1171875 0.3056640640625 0.12890625 0.2744140640625 0.08691406406249999 0.2578125 0.087890625 0.2783203140625 0.10058593593750001 0.283203125
2 0.2431640640625 0.537109375 0.23046875 0.5498046859375 0.228515625 0.5654296859375 0.25 0.5927734359375 0.2578125 0.5869140640625 0.2578125 0.5751953140625 0.251953125 0.5439453140625 0.2431640640625 0.537109375
2 0.3623046859375 0.861328125 0.349609375 0.8720703140625 0.3515625 0.8837890640625 0.3623046859375 0.900390625 0.380859375 0.8994140640625 0.39453125 0.8916015640625 0.396484375 0.8720703140625 0.3779296859375 0.861328125 0.3623046859375 0.861328125
2 0.365234375 0.9833984359375 0.3681640640625 1 0.4140625 0.9990234359375 0.4140625 0.9833984359375 0.4013671859375 0.96875 0.3916015640625 0.982421875 0.365234375 0.9833984359375
2 0.470703125 0.10839843593750001 0.4765625 0.11035156406249999 0.48046875 0.07714843593750001 0.4697265640625 0.068359375 0.466796875 0.09082031406249999 0.470703125 0.10839843593750001
2 0.484375 0.2607421859375 0.49609375 0.2646484359375 0.5 0.2412109359375 0.4853515640625 0.220703125 0.48046875 0.2294921859375 0.484375 0.2607421859375
2 0.5419921859375 0.443359375 0.5625 0.4541015640625 0.5703125 0.4267578140625 0.5556640640625 0.40625 0.533203125 0.4287109359375 0.5419921859375 0.443359375
2 0.7158203140625 0.84765625 0.712890625 0.8701171859375 0.7255859359375 0.888671875 0.734375 0.8876953140625 0.7509765640625 0.87890625 0.755859375 0.8662109359375 0.7294921859375 0.84765625 0.7158203140625 0.84765625
2 0.638671875 0.6728515640625 0.630859375 0.7080078140625 0.6337890640625 0.720703125 0.64453125 0.7197265640625 0.66796875 0.6884765640625 0.662109375 0.6748046859375 0.6494140640625 0.666015625 0.638671875 0.6728515640625
2 0.59375 0.4638671859375 0.6015625 0.4970703140625 0.6103515640625 0.509765625 0.62109375 0.5126953140625 0.62109375 0.4677734359375 0.611328125 0.4482421859375 0.5966796859375 0.439453125 0.59375 0.4638671859375
2 0.61328125 0.6025390640625 0.6171875 0.6201171859375 0.62890625 0.6298828140625 0.65234375 0.5830078140625 0.6318359359375 0.56640625 0.623046875 0.5693359359375 0.61328125 0.6025390640625
2 0.41796875 0.0302734359375 0.4306640640625 0.041015625 0.453125 0.043945314062500004 0.462890625 0.0009765640625 0.4306640640625 0 0.416015625 0.020507814062499997 0.41796875 0.0302734359375
2 0.45703125 0.1611328140625 0.462890625 0.1767578140625 0.4931640640625 0.203125 0.501953125 0.2021484359375 0.498046875 0.1650390640625 0.4833984359375 0.146484375 0.4658203140625 0.1484375 0.45703125 0.1611328140625
2 0.513671875 0.2685546859375 0.51171875 0.2919921859375 0.5 0.3095703140625 0.5078125 0.3271484359375 0.5078125 0.3564453140625 0.51953125 0.3603515640625 0.52734375 0.3544921859375 0.5390625 0.3115234359375 0.5263671859375 0.259765625 0.513671875 0.2685546859375
2 0.7509765640625 0.92578125 0.7353515640625 0.92578125 0.724609375 0.9501953140625 0.724609375 0.9873046859375 0.7529296859375 0.98828125 0.7587890640625 1 0.779296875 0.9990234359375 0.78125 0.9853515640625 0.767578125 0.9677734359375 0.763671875 0.9365234359375 0.7509765640625 0.92578125
2 0.931640625 0.2431640640625 0.9453125 0.2470703140625 0.958984375 0.2236328140625 0.9541015640625 0.212890625 0.927734375 0.2255859359375 0.931640625 0.2431640640625
2 0.8623046859375 0 0.8515625 0.022460935937500003 0.8515625 0.038085935937499996 0.873046875 0.06542968593750001 0.884765625 0.047851564062500004 0.8857421859375 0 0.8623046859375 0
2 0.291015625 0.7451171859375 0.2890625 0.7646484359375 0.2958984359375 0.77734375 0.3046875 0.7783203140625 0.310546875 0.7587890640625 0.3046875 0.7412109359375 0.2978515640625 0.73828125 0.291015625 0.7451171859375