2 0.2236328140625 0.41796875 0.212890625 0.3994140640625 0.2001953140625 0.392578125 0.1923828140625 0.41015625 0.1748046859375 0.40625 0.169921875 0.4189453140625 0.1953125 0.4345703140625 0.19921875 0.4541015640625 0.20703125 0.4580078140625 0.2177734359375 0.44140625 0.234375 0.4326171859375 0.236328125 0.4189453140625 0.2236328140625 0.41796875
2 0.1591796859375 0.298828125 0.1376953140625 0.291015625 0.13671875 0.3056640640625 0.15625 0.3740234359375 0.173828125 0.3876953140625 0.1875 0.3349609359375 0.18359375 0.2919921859375 0.1708984359375 0.275390625 0.1591796859375 0.298828125
2 0.095703125 0.1416015640625 0.09375 0.10058593593750001 0.08105468593750001 0.103515625 0.06347656406249999 0.08984375 0.060546875 0.11425781406249999 0.068359375 0.1357421859375 0.060546875 0.1455078140625 0.05859375 0.1767578140625 0.09472656406249999 0.20703125 0.111328125 0.2119140640625 0.111328125 0.2314453140625 0.119140625 0.2373046859375 0.130859375 0.2685546859375 0.140625 0.2724609359375 0.1484375 0.2099609359375 0.13671875 0.1748046859375 0.11230468593750001 0.1484375 0.095703125 0.1416015640625
2 0.4091796859375 0.91015625 0.396484375 0.9384765640625 0.3984375 0.9521484359375 0.416015625 0.9599609359375 0.4140625 0.9990234359375 0.4453125 0.9990234359375 0.455078125 0.9697265640625 0.439453125 0.9580078140625 0.43359375 0.9404296859375 0.4091796859375 0.91015625
2 0.376953125 0.7451171859375 0.3603515640625 0.7265625 0.3330078140625 0.724609375 0.330078125 0.7431640640625 0.33984375 0.7626953140625 0.345703125 0.8271484359375 0.369140625 0.8486328140625 0.369140625 0.8603515640625 0.34765625 0.8779296859375 0.34765625 0.8857421859375 0.3671875 0.9228515640625 0.376953125 0.9248046859375 0.388671875 0.9072265640625 0.392578125 0.8427734359375 0.376953125 0.7900390640625 0.376953125 0.7451171859375
2 0.06933593593750001 0.97265625 0.048828125 0.9990234359375 0.09765625 0.9990234359375 0.06933593593750001 0.97265625
2 0.681640625 0.6494140640625 0.70703125 0.6767578140625 0.70703125 0.6572265640625 0.6953125 0.6357421859375 0.6767578140625 0.625 0.681640625 0.6494140640625
2 0.7060546859375 0.6953125 0.703125 0.7431640640625 0.71875 0.7705078140625 0.7353515640625 0.76953125 0.73828125 0.7529296859375 0.708984375 0.7119140640625 0.7060546859375 0.6953125
2 0.6474609359375 0.447265625 0.638671875 0.4521484359375 0.6328125 0.4775390640625 0.623046875 0.5419921859375 0.62890625 0.5615234359375 0.64453125 0.5478515640625 0.650390625 0.5302734359375 0.654296875 0.4716796859375 0.6474609359375 0.447265625
2 0.556640625 0.1748046859375 0.5361328140625 0.169921875 0.5263671859375 0.150390625 0.513671875 0.1826171859375 0.494140625 0.1943359359375 0.4990234359375 0.2109375 0.51953125 0.2138671859375 0.5283203140625 0.205078125 0.5439453140625 0.20703125 0.55859375 0.1923828140625 0.556640625 0.1748046859375
2 0.5478515640625 0.21484375 0.541015625 0.2451171859375 0.52734375 0.2568359359375 0.52734375 0.2646484359375 0.5390625 0.2900390640625 0.552734375 0.2998046859375 0.55078125 0.3271484359375 0.5625 0.3310546859375 0.57421875 0.3134765640625 0.5703125 0.2587890640625 0.552734375 0.2392578140625 0.5478515640625 0.21484375
2 0.486328125 0.0556640640625 0.486328125 0.032226564062500004 0.4697265640625 0.009765625 0.4599609359375 0.021484375 0.4384765640625 0.017578125 0.431640625 0.036132814062500004 0.462890625 0.07128906406249999 0.462890625 0.10449218593750001 0.4765625 0.10839843593750001 0.501953125 0.09082031406249999 0.50390625 0.07910156406249999 0.49609375 0.0595703140625 0.486328125 0.0556640640625
2 0.9189453140625 0.03125 0.896484375 0.0537109359375 0.892578125 0.07324218593750001 0.921875 0.09667968593750001 0.92578125 0.07128906406249999 0.919921875 0.0595703140625 0.923828125 0.032226564062500004 0.9189453140625 0.03125
2 0.9287109359375 0.154296875 0.9140625 0.1748046859375 0.9267578140625 0.203125 0.943359375 0.2021484359375 0.953125 0.1904296859375 0.953125 0.1767578140625 0.9404296859375 0.154296875 0.9287109359375 0.154296875
2 0.271484375 0.6064453140625 0.294921875 0.6123046859375 0.30078125 0.5771484359375 0.2919921859375 0.572265625 0.27734375 0.5869140640625 0.271484375 0.6064453140625