2 0.0537109359375 0.109375 0.041992185937499996 0.123046875 0.0283203140625 0.126953125 0.021484375 0.1396484359375 0.0283203140625 0.1484375 0.05078125 0.1513671859375 0.068359375 0.1474609359375 0.060546875 0.1318359359375 0.0625 0.11621093593750001 0.0537109359375 0.109375
2 0.205078125 0.4267578140625 0.185546875 0.4130859359375 0.185546875 0.3837890640625 0.1767578140625 0.376953125 0.1630859359375 0.3984375 0.1455078140625 0.396484375 0.140625 0.4013671859375 0.140625 0.4248046859375 0.150390625 0.4501953140625 0.1796875 0.4697265640625 0.173828125 0.4912109359375 0.181640625 0.4951171859375 0.185546875 0.5126953140625 0.193359375 0.5126953140625 0.208984375 0.4814453140625 0.2109375 0.4599609359375 0.201171875 0.4541015640625 0.205078125 0.4267578140625
2 0.294921875 0.7392578140625 0.298828125 0.7197265640625 0.2783203140625 0.703125 0.265625 0.7294921859375 0.294921875 0.7392578140625
2 0.2978515640625 0.79296875 0.306640625 0.7919921859375 0.310546875 0.7705078140625 0.2958984359375 0.7578125 0.2890625 0.7802734359375 0.2978515640625 0.79296875
2 0.3408203140625 0.8515625 0.3359375 0.8583984359375 0.337890625 0.8974609359375 0.328125 0.9033203140625 0.3330078140625 0.91015625 0.337890625 0.9033203140625 0.345703125 0.9306640640625 0.345703125 0.9833984359375 0.3515625 0.9970703140625 0.361328125 0.9990234359375 0.3671875 0.9521484359375 0.357421875 0.9208984359375 0.359375 0.8564453140625 0.3408203140625 0.8515625
2 0.4111328140625 0.00390625 0.40625 0.024414064062499997 0.416015625 0.040039064062500004 0.4140625 0.06347656406249999 0.423828125 0.06738281406249999 0.44140625 0.0556640640625 0.44140625 0.020507814062499997 0.4345703140625 0.0078125 0.4111328140625 0.00390625
2 0.5048828140625 0.275390625 0.4775390640625 0.271484375 0.474609375 0.2841796859375 0.4921875 0.3076171859375 0.513671875 0.3115234359375 0.53125 0.2939453140625 0.53515625 0.2705078140625 0.5185546859375 0.263671875 0.5048828140625 0.275390625
2 0.5927734359375 0.3671875 0.5810546859375 0.375 0.5615234359375 0.375 0.556640625 0.3896484359375 0.5625 0.4130859359375 0.58984375 0.4287109359375 0.61328125 0.4072265640625 0.611328125 0.3916015640625 0.599609375 0.3837890640625 0.5927734359375 0.3671875
2 0.587890625 0.4755859359375 0.59375 0.5009765640625 0.611328125 0.5166015640625 0.6171875 0.5712890640625 0.62890625 0.5732421859375 0.642578125 0.5576171859375 0.630859375 0.5126953140625 0.5927734359375 0.4609375 0.587890625 0.4755859359375
2 0.482421875 0.09667968593750001 0.484375 0.06347656406249999 0.4736328140625 0.060546875 0.4580078140625 0.0390625 0.451171875 0.11230468593750001 0.431640625 0.1416015640625 0.431640625 0.1552734359375 0.4560546859375 0.158203125 0.478515625 0.1787109359375 0.482421875 0.1416015640625 0.49609375 0.1318359359375 0.498046875 0.11816406406249999 0.482421875 0.09667968593750001
2 0.6767578140625 0.56640625 0.654296875 0.5947265640625 0.646484375 0.6279296859375 0.6484375 0.6416015640625 0.66015625 0.6455078140625 0.669921875 0.6337890640625 0.669921875 0.6083984359375 0.6796875 0.5791015640625 0.6767578140625 0.56640625
2 0.7197265640625 0.8359375 0.7060546859375 0.837890625 0.693359375 0.8583984359375 0.69921875 0.8896484359375 0.7099609359375 0.896484375 0.7255859359375 0.875 0.732421875 0.8818359359375 0.734375 0.9013671859375 0.744140625 0.9052734359375 0.767578125 0.8857421859375 0.763671875 0.8662109359375 0.7451171859375 0.861328125 0.7197265640625 0.8359375
2 0.685546875 0.7998046859375 0.69140625 0.8017578140625 0.701171875 0.7802734359375 0.6962890640625 0.759765625 0.68359375 0.7666015640625 0.685546875 0.7998046859375
2 0.76171875 0.9990234359375 0.7734375 0.9990234359375 0.775390625 0.9697265640625 0.7626953140625 0.95703125 0.7578125 0.9736328140625 0.76171875 0.9990234359375
1 0.798828125 0.4033203140625 0.806640625 0.3857421859375 0.779296875 0.3408203140625 0.783203125 0.3310546859375 0.7666015640625 0.3046875 0.7646484359375 0.3125 0.75 0.3173828140625 0.75390625 0.3212890640625 0.7470703140625 0.328125 0.72265625 0.3330078140625 0.732421875 0.3447265640625 0.724609375 0.3486328140625 0.716796875 0.4365234359375 0.7255859359375 0.466796875 0.779296875 0.4677734359375 0.7890625 0.4404296859375 0.798828125 0.4326171859375 0.8046875 0.4111328140625 0.798828125 0.4033203140625
1 0.8046875 0.5419921859375 0.80859375 0.5166015640625 0.802734375 0.5029296859375 0.7900390640625 0.49609375 0.783203125 0.5029296859375 0.779296875 0.5439453140625 0.76171875 0.5771484359375 0.7724609359375 0.578125 0.79296875 0.6162109359375 0.80859375 0.6240234359375 0.826171875 0.6064453140625 0.826171875 0.5986328140625 0.8125 0.5771484359375 0.8046875 0.5419921859375
1 0.837890625 0.12011718593750001 0.8203125 0.10839843593750001 0.818359375 0.09277343593750001 0.80859375 0.08886718593750001 0.81640625 0.08496093593750001 0.81640625 0.07714843593750001 0.802734375 0.06542968593750001 0.8017578140625 0.02734375 0.7685546859375 0.03515625 0.7578125 0.043945314062500004 0.74609375 0.06347656406249999 0.748046875 0.09472656406249999 0.759765625 0.1767578140625 0.7734375 0.1826171859375 0.7744140640625 0.1953125 0.78515625 0.1923828140625 0.7861328140625 0.181640625 0.7978515640625 0.18359375 0.81640625 0.2060546859375 0.8203125 0.1630859359375 0.8369140640625 0.150390625 0.857421875 0.1494140640625 0.837890625 0.12011718593750001
2 1 0.4306640640625 0.9912109359375 0.4609375 0.98828125 0.4443359359375 0.9736328140625 0.42578125 0.970703125 0.4384765640625 0.982421875 0.4716796859375 0.97265625 0.4990234359375 0.982421875 0.5263671859375 0.9892578140625 0.533203125 0.99609375 0.5283203140625 0.99609375 0.5400390640625 0.98046875 0.5693359359375 0.984375 0.6123046859375 1 0.6181640640625 1 0.4306640640625
2 0.94140625 0.4150390640625 0.94921875 0.4189453140625 0.951171875 0.3896484359375 0.9423828140625 0.380859375 0.935546875 0.3935546859375 0.94140625 0.4150390640625
2 0.8720703140625 0 0.85546875 0.016601564062499997 0.8515625 0.032226564062500004 0.869140625 0.0615234359375 0.876953125 0.06347656406249999 0.884765625 0.036132814062500004 0.90625 0.018554685937500003 0.9091796859375 0 0.8720703140625 0
2 0.888671875 0.2451171859375 0.8984375 0.2490234359375 0.912109375 0.2314453140625 0.9052734359375 0.208984375 0.888671875 0.2314453140625 0.888671875 0.2451171859375
2 0.935546875 0.2822265640625 0.943359375 0.2841796859375 0.951171875 0.2529296859375 0.9462890640625 0.240234375 0.921875 0.2568359359375 0.935546875 0.2822265640625