2 0.11328125 0.1259765640625 0.08984375 0.1376953140625 0.08984375 0.1552734359375 0.09667968593750001 0.162109375 0.11328125 0.1611328140625 0.1328125 0.1298828140625 0.1298828140625 0.111328125 0.11425781406249999 0.11328125 0.11328125 0.1259765640625
2 0.2822265640625 0.556640625 0.279296875 0.5712890640625 0.2890625 0.5947265640625 0.279296875 0.6044921859375 0.275390625 0.6240234359375 0.291015625 0.6435546859375 0.3203125 0.6083984359375 0.32421875 0.5869140640625 0.2919921859375 0.556640625 0.2822265640625 0.556640625
2 0.07714843593750001 0.00390625 0.06542968593750001 0.05078125 0.052734375 0.038085935937499996 0.043945314062500004 0.013671875 0.038085935937499996 0.03125 0.01171875 0.036132814062500004 0.015625 0.0517578140625 0.0390625 0.07128906406249999 0.040039064062500004 0.09375 0.06542968593750001 0.064453125 0.0703125 0.07519531406249999 0.0625 0.09863281406249999 0.07128906406249999 0.10546875 0.08984375 0.10449218593750001 0.103515625 0.10058593593750001 0.11328125 0.06738281406249999 0.099609375 0.0537109359375 0.07714843593750001 0.00390625
2 0.2109375 0.4248046859375 0.216796875 0.4091796859375 0.23046875 0.4052734359375 0.23046875 0.3740234359375 0.228515625 0.3642578140625 0.2216796859375 0.357421875 0.2119140640625 0.361328125 0.20703125 0.3505859359375 0.201171875 0.3134765640625 0.208984375 0.2939453140625 0.208984375 0.2705078140625 0.2021484359375 0.26171875 0.1748046859375 0.2578125 0.16796875 0.2451171859375 0.16796875 0.2255859359375 0.18359375 0.2080078140625 0.17578125 0.1630859359375 0.1689453140625 0.15625 0.1552734359375 0.1796875 0.1357421859375 0.1796875 0.125 0.1982421859375 0.140625 0.2177734359375 0.140625 0.2392578140625 0.154296875 0.2626953140625 0.142578125 0.2802734359375 0.140625 0.3037109359375 0.158203125 0.3271484359375 0.158203125 0.3544921859375 0.17578125 0.3759765640625 0.171875 0.4130859359375 0.18359375 0.4384765640625 0.181640625 0.4755859359375 0.193359375 0.4833984359375 0.201171875 0.4755859359375 0.205078125 0.4521484359375 0.216796875 0.4501953140625 0.2109375 0.4248046859375
2 0.462890625 0.9599609359375 0.46484375 0.9462890640625 0.435546875 0.9208984359375 0.4296875 0.8974609359375 0.43359375 0.8740234359375 0.404296875 0.8408203140625 0.416015625 0.8193359359375 0.412109375 0.8017578140625 0.3857421859375 0.7890625 0.373046875 0.7705078140625 0.373046875 0.7568359359375 0.37890625 0.7568359359375 0.388671875 0.7353515640625 0.38671875 0.7255859359375 0.3603515640625 0.701171875 0.3525390640625 0.701171875 0.349609375 0.7236328140625 0.33984375 0.7353515640625 0.337890625 0.8232421859375 0.3603515640625 0.857421875 0.373046875 0.8349609359375 0.376953125 0.8681640640625 0.37109375 0.8896484359375 0.3515625 0.9150390640625 0.3828125 0.9423828140625 0.373046875 0.9716796859375 0.3779296859375 1 0.3994140640625 0.990234375 0.4130859359375 1 0.44140625 0.9990234359375 0.44140625 0.9853515640625 0.44921875 0.9814453140625 0.4453125 0.9736328140625 0.462890625 0.9599609359375
2 0.07421875 0.8232421859375 0.091796875 0.8388671859375 0.11328125 0.8134765640625 0.10449218593750001 0.802734375 0.072265625 0.8134765640625 0.07421875 0.8232421859375
2 0.12011718593750001 0.841796875 0.115234375 0.8720703140625 0.12109375 0.8876953140625 0.111328125 0.9072265640625 0.13671875 0.9267578140625 0.15625 0.8994140640625 0.154296875 0.8583984359375 0.1376953140625 0.859375 0.12011718593750001 0.841796875
2 0.4130859359375 0 0.435546875 0.018554685937500003 0.4453125 0.047851564062500004 0.4609375 0.0595703140625 0.46484375 0.07128906406249999 0.490234375 0.07910156406249999 0.5 0.06542968593750001 0.490234375 0.043945314062500004 0.48828125 0.0009765640625 0.4130859359375 0
2 0.6416015640625 0.552734375 0.6220703140625 0.55078125 0.6171875 0.5693359359375 0.595703125 0.5771484359375 0.60546875 0.6240234359375 0.61328125 0.6259765640625 0.6259765640625 0.625 0.65234375 0.6044921859375 0.6484375 0.5595703140625 0.6416015640625 0.552734375
2 0.56640625 0.3408203140625 0.56640625 0.3212890640625 0.5498046859375 0.31640625 0.5380859359375 0.29296875 0.529296875 0.2998046859375 0.521484375 0.3310546859375 0.51171875 0.3349609359375 0.525390625 0.3642578140625 0.5078125 0.3701171859375 0.521484375 0.4072265640625 0.529296875 0.4091796859375 0.5380859359375 0.3984375 0.556640625 0.3974609359375 0.54296875 0.3740234359375 0.56640625 0.3408203140625
2 0.6796875 0.7158203140625 0.6474609359375 0.697265625 0.640625 0.7294921859375 0.650390625 0.7587890640625 0.638671875 0.7705078140625 0.662109375 0.8056640640625 0.658203125 0.8369140640625 0.677734375 0.8564453140625 0.673828125 0.8759765640625 0.6826171859375 0.88671875 0.69140625 0.8857421859375 0.705078125 0.8759765640625 0.708984375 0.8310546859375 0.67578125 0.7939453140625 0.6796875 0.7158203140625
2 0.91796875 0.6669921859375 0.923828125 0.6728515640625 0.92578125 0.7021484359375 0.93359375 0.7060546859375 0.955078125 0.6708984359375 0.9501953140625 0.662109375 0.9208984359375 0.654296875 0.91796875 0.6669921859375
2 1 0.7646484359375 0.9931640640625 0.76171875 0.9619140640625 0.7734375 0.955078125 0.7880859359375 0.9599609359375 0.810546875 0.990234375 0.8154296859375 1 0.7939453140625 1 0.7646484359375
2 0.7958984359375 0 0.783203125 0.0302734359375 0.78125 0.047851564062500004 0.787109375 0.0595703140625 0.810546875 0.07519531406249999 0.81640625 0.06347656406249999 0.814453125 0.032226564062500004 0.83984375 0.0263671859375 0.8369140640625 0 0.7958984359375 0
2 0.9169921859375 0.494140625 0.884765625 0.5166015640625 0.88671875 0.5458984359375 0.9111328140625 0.56640625 0.935546875 0.5693359359375 0.943359375 0.5615234359375 0.9375 0.5185546859375 0.923828125 0.5087890640625 0.9169921859375 0.494140625
2 0.908203125 0.3974609359375 0.912109375 0.3681640640625 0.89453125 0.3564453140625 0.892578125 0.3388671859375 0.87890625 0.3291015640625 0.8828125 0.3037109359375 0.873046875 0.2783203140625 0.8505859359375 0.263671875 0.841796875 0.2939453140625 0.84765625 0.3095703140625 0.84375 0.3505859359375 0.859375 0.3818359359375 0.873046875 0.3935546859375 0.873046875 0.4033203140625 0.859375 0.4150390640625 0.86328125 0.4423828140625 0.87109375 0.4462890640625 0.8759765640625 0.4375 0.8896484359375 0.4375 0.9140625 0.4169921859375 0.908203125 0.3974609359375
2 0.814453125 0.2021484359375 0.8173828140625 0.177734375 0.80859375 0.1845703140625 0.80859375 0.2001953140625 0.814453125 0.2021484359375
2 0.8564453140625 0.138671875 0.8388671859375 0.146484375 0.83203125 0.1591796859375 0.8466796859375 0.185546875 0.865234375 0.1845703140625 0.87109375 0.1689453140625 0.857421875 0.1591796859375 0.861328125 0.1396484359375 0.8564453140625 0.138671875
2 0.205078125 0.9990234359375 0.203125 0.9853515640625 0.1845703140625 0.978515625 0.1484375 0.9970703140625 0.205078125 0.9990234359375
2 0.716796875 0.9111328140625 0.7275390640625 0.921875 0.748046875 0.9248046859375 0.751953125 0.9111328140625 0.7451171859375 0.900390625 0.716796875 0.9013671859375 0.716796875 0.9111328140625