2 0.103515625 0.5615234359375 0.109375 0.5498046859375 0.09472656406249999 0.533203125 0.080078125 0.5615234359375 0.103515625 0.5615234359375
2 0.1474609359375 0.693359375 0.130859375 0.7099609359375 0.140625 0.7666015640625 0.150390625 0.7802734359375 0.1640625 0.7333984359375 0.1484375 0.7275390640625 0.15234375 0.6943359359375 0.1474609359375 0.693359375
2 0.416015625 0.5244140640625 0.416015625 0.5322265640625 0.423828125 0.5361328140625 0.439453125 0.5263671859375 0.4267578140625 0.49609375 0.419921875 0.4990234359375 0.416015625 0.5244140640625
2 0.2666015640625 0 0.265625 0.016601564062499997 0.2734375 0.0283203140625 0.255859375 0.038085935937499996 0.255859375 0.049804685937499996 0.28515625 0.07910156406249999 0.294921875 0.045898435937499996 0.28125 0.0302734359375 0.287109375 0.0009765640625 0.2666015640625 0
2 0.8173828140625 0.80859375 0.818359375 0.8330078140625 0.8408203140625 0.86328125 0.85546875 0.8642578140625 0.849609375 0.8330078140625 0.833984375 0.8232421859375 0.8310546859375 0.8125 0.8173828140625 0.80859375
2 0.78515625 0.6865234359375 0.791015625 0.6689453140625 0.7890625 0.6298828140625 0.7783203140625 0.626953125 0.7578125 0.6455078140625 0.7578125 0.6708984359375 0.76171875 0.6943359359375 0.78125 0.7236328140625 0.78515625 0.7587890640625 0.80078125 0.7724609359375 0.8046875 0.7646484359375 0.791015625 0.7216796859375 0.79296875 0.6962890640625 0.78515625 0.6865234359375
2 0.724609375 0.5302734359375 0.71875 0.5634765640625 0.7265625 0.5751953140625 0.740234375 0.5556640640625 0.740234375 0.5380859359375 0.7314453140625 0.525390625 0.724609375 0.5302734359375
2 0.6953125 0.4873046859375 0.6953125 0.4990234359375 0.705078125 0.5068359359375 0.71484375 0.4970703140625 0.7119140640625 0.44921875 0.701171875 0.4580078140625 0.6953125 0.4873046859375
2 0.6796875 0.3193359359375 0.685546875 0.3212890640625 0.6884765640625 0.26953125 0.681640625 0.2705078140625 0.669921875 0.2919921859375 0.6796875 0.3193359359375
2 0.9873046859375 0.345703125 0.9716796859375 0.349609375 0.9462890640625 0.34375 0.947265625 0.3525390640625 0.966796875 0.3681640640625 0.9609375 0.3818359359375 0.9765625 0.3876953140625 0.974609375 0.3720703140625 0.9990234359375 0.37109375 1 0.3525390640625 0.9873046859375 0.345703125
2 0.890625 0.10253906406249999 0.900390625 0.08105468593750001 0.8857421859375 0.0703125 0.880859375 0.09863281406249999 0.890625 0.10253906406249999
1 0.291015625 0.1728515640625 0.30078125 0.1962890640625 0.30859375 0.1962890640625 0.306640625 0.1787109359375 0.3154296859375 0.154296875 0.2958984359375 0.16015625 0.291015625 0.1728515640625
2 0.84765625 0.9462890640625 0.853515625 0.9345703140625 0.8544921859375 0.89453125 0.8359375 0.8994140640625 0.84765625 0.9462890640625
2 0.51171875 0.8603515640625 0.513671875 0.8779296859375 0.521484375 0.8818359359375 0.533203125 0.8583984359375 0.5322265640625 0.841796875 0.5185546859375 0.84375 0.51171875 0.8603515640625
2 0.537109375 0.9599609359375 0.54296875 0.9599609359375 0.55078125 0.9423828140625 0.5361328140625 0.92578125 0.53125 0.9462890640625 0.537109375 0.9599609359375