0 0.8291015640625 0.482421875 0.8076171859375 0.466796875 0.802734375 0.4443359359375 0.7900390640625 0.431640625 0.78125 0.4716796859375 0.767578125 0.4853515640625 0.7734375 0.4892578140625 0.7744140640625 0.505859375 0.7939453140625 0.49609375 0.80859375 0.5126953140625 0.8154296859375 0.48828125 0.8388671859375 0.494140625 0.841796875 0.4814453140625 0.8291015640625 0.482421875
2 0.8056640640625 0.353515625 0.796875 0.4052734359375 0.8125 0.4287109359375 0.82421875 0.4345703140625 0.833984375 0.3837890640625 0.818359375 0.3876953140625 0.818359375 0.3662109359375 0.8056640640625 0.353515625
2 0.064453125 0.0615234359375 0.045898435937499996 0.04296875 0.022460935937500003 0.048828125 0.013671875 0.0576171859375 0.013671875 0.07324218593750001 0.0302734359375 0.078125 0.045898435937499996 0.07421875 0.0546875 0.09667968593750001 0.068359375 0.10449218593750001 0.08203125 0.09863281406249999 0.08203125 0.08496093593750001 0.0703125 0.07714843593750001 0.064453125 0.0615234359375
2 0.115234375 0.2509765640625 0.12109375 0.2548828140625 0.142578125 0.2333984359375 0.12402343593750001 0.1953125 0.1171875 0.1962890640625 0.115234375 0.2509765640625
2 0.08496093593750001 0.2265625 0.09082031406249999 0.234375 0.099609375 0.2333984359375 0.09765625 0.1806640640625 0.08691406406249999 0.173828125 0.068359375 0.2294921859375 0.08496093593750001 0.2265625
2 0.1865234359375 0.49609375 0.1953125 0.4970703140625 0.197265625 0.4658203140625 0.1884765640625 0.4609375 0.18359375 0.4873046859375 0.1865234359375 0.49609375
2 0.2255859359375 0.62109375 0.2109375 0.6298828140625 0.21484375 0.6337890640625 0.2255859359375 0.62109375
2 0.232421875 0.6298828140625 0.232421875 0.6474609359375 0.24609375 0.6572265640625 0.255859375 0.6474609359375 0.2509765640625 0.62109375 0.2353515640625 0.623046875 0.232421875 0.6298828140625
2 0.31640625 0.7294921859375 0.3056640640625 0.724609375 0.27734375 0.7431640640625 0.27734375 0.7548828140625 0.296875 0.7744140640625 0.302734375 0.8095703140625 0.322265625 0.8232421859375 0.326171875 0.8076171859375 0.31640625 0.7978515640625 0.30859375 0.7685546859375 0.31640625 0.7294921859375
2 0.654296875 0.8681640640625 0.65625 0.8291015640625 0.666015625 0.8115234359375 0.6455078140625 0.796875 0.626953125 0.8212890640625 0.6328125 0.8291015640625 0.62890625 0.8720703140625 0.65234375 0.8720703140625 0.65234375 0.8935546859375 0.666015625 0.9111328140625 0.671875 0.9052734359375 0.669921875 0.8896484359375 0.6640625 0.8740234359375 0.654296875 0.8681640640625
2 0.921875 0.8740234359375 0.93359375 0.8798828140625 0.9609375 0.8583984359375 0.9599609359375 0.84375 0.921875 0.8427734359375 0.921875 0.8740234359375
2 0.4580078140625 0.23046875 0.462890625 0.2607421859375 0.455078125 0.2783203140625 0.470703125 0.2978515640625 0.48046875 0.2861328140625 0.47265625 0.2626953140625 0.474609375 0.2314453140625 0.4580078140625 0.23046875
2 0.3828125 0.09472656406249999 0.421875 0.08496093593750001 0.3935546859375 0.046875 0.376953125 0.08691406406249999 0.3828125 0.09472656406249999
2 0.4130859359375 0.12109375 0.408203125 0.1337890640625 0.41796875 0.1865234359375 0.427734375 0.1962890640625 0.435546875 0.1865234359375 0.439453125 0.1533203140625 0.427734375 0.1279296859375 0.4130859359375 0.12109375
2 0.75 0.1591796859375 0.740234375 0.1416015640625 0.744140625 0.12402343593750001 0.7373046859375 0.12109375 0.7265625 0.1279296859375 0.71875 0.1513671859375 0.744140625 0.1865234359375 0.74609375 0.2080078140625 0.76953125 0.2294921859375 0.775390625 0.1943359359375 0.7646484359375 0.185546875 0.75 0.1845703140625 0.75 0.1591796859375
2 0.1875 0.4267578140625 0.1845703140625 0.416015625 0.169921875 0.4208984359375 0.1728515640625 0.427734375 0.1875 0.4267578140625
2 0.13671875 0.4189453140625 0.14453125 0.4248046859375 0.158203125 0.4130859359375 0.158203125 0.3955078140625 0.1396484359375 0.3828125 0.13671875 0.4189453140625