2 0.21484375 0.2294921859375 0.2021484359375 0.224609375 0.1904296859375 0.244140625 0.1748046859375 0.240234375 0.171875 0.2509765640625 0.1865234359375 0.26953125 0.19921875 0.2744140640625 0.201171875 0.2939453140625 0.208984375 0.2978515640625 0.234375 0.2763671859375 0.240234375 0.2568359359375 0.2275390640625 0.25390625 0.21484375 0.2294921859375
2 0.1611328140625 0.130859375 0.1435546859375 0.119140625 0.13671875 0.1298828140625 0.1484375 0.1572265640625 0.146484375 0.1767578140625 0.154296875 0.1845703140625 0.15625 0.2021484359375 0.166015625 0.2197265640625 0.177734375 0.2236328140625 0.19140625 0.1787109359375 0.1875 0.12011718593750001 0.1728515640625 0.10546875 0.1611328140625 0.130859375
2 0.06542968593750001 0.013671875 0.111328125 0.040039064062500004 0.11328125 0.0615234359375 0.125 0.07128906406249999 0.130859375 0.09863281406249999 0.1376953140625 0.107421875 0.14453125 0.10644531406249999 0.150390625 0.045898435937499996 0.138671875 0.0009765640625 0.0595703140625 0 0.06542968593750001 0.013671875
2 0.279296875 0.4345703140625 0.27734375 0.4560546859375 0.296875 0.4599609359375 0.302734375 0.4248046859375 0.2939453140625 0.419921875 0.291015625 0.4306640640625 0.279296875 0.4345703140625
2 0.4130859359375 0.771484375 0.400390625 0.7900390640625 0.4091796859375 0.8046875 0.427734375 0.8115234359375 0.421875 0.8701171859375 0.423828125 0.8857421859375 0.43359375 0.8857421859375 0.4609375 0.8232421859375 0.43359375 0.8095703140625 0.435546875 0.7919921859375 0.4130859359375 0.771484375
2 0.380859375 0.5927734359375 0.3681640640625 0.580078125 0.3388671859375 0.572265625 0.333984375 0.5908203140625 0.3515625 0.6181640640625 0.349609375 0.6240234359375 0.36328125 0.6298828140625 0.36328125 0.6376953140625 0.3515625 0.6416015640625 0.349609375 0.6728515640625 0.3740234359375 0.6875 0.380859375 0.7041015640625 0.376953125 0.7216796859375 0.3564453140625 0.728515625 0.3515625 0.7392578140625 0.36328125 0.7509765640625 0.373046875 0.7783203140625 0.380859375 0.7802734359375 0.392578125 0.7568359359375 0.396484375 0.6962890640625 0.37890625 0.6259765640625 0.380859375 0.5927734359375
2 0.099609375 0.9443359359375 0.11328125 0.9560546859375 0.111328125 0.9287109359375 0.1171875 0.9169921859375 0.09472656406249999 0.916015625 0.099609375 0.9443359359375
2 0.48828125 0.9931640640625 0.4912109359375 1 0.5234375 0.9990234359375 0.521484375 0.9892578140625 0.5029296859375 0.9765625 0.494140625 0.9794921859375 0.48828125 0.9931640640625
2 0.658203125 0.2900390640625 0.6513671859375 0.283203125 0.6328125 0.3701171859375 0.6328125 0.3955078140625 0.638671875 0.3994140640625 0.654296875 0.3837890640625 0.65625 0.3388671859375 0.662109375 0.3291015640625 0.658203125 0.2900390640625
2 0.5244140640625 0 0.501953125 0.022460935937500003 0.5 0.036132814062500004 0.5087890640625 0.044921875 0.525390625 0.045898435937499996 0.560546875 0.0283203140625 0.56640625 0.0146484359375 0.5634765640625 0 0.5244140640625 0
2 0.5556640640625 0.06640625 0.53515625 0.08886718593750001 0.53515625 0.10058593593750001 0.5546875 0.1416015640625 0.5546875 0.1650390640625 0.5615234359375 0.173828125 0.568359375 0.1728515640625 0.580078125 0.1533203140625 0.58203125 0.1318359359375 0.576171875 0.08691406406249999 0.5556640640625 0.06640625
2 0.6875 0.4951171859375 0.712890625 0.5185546859375 0.71484375 0.5068359359375 0.70703125 0.4892578140625 0.6884765640625 0.474609375 0.6875 0.4951171859375
2 0.712890625 0.6005859359375 0.7275390640625 0.615234375 0.744140625 0.6201171859375 0.748046875 0.6025390640625 0.7158203140625 0.56640625 0.7109375 0.5712890640625 0.712890625 0.6005859359375
2 0.7607421859375 0.740234375 0.755859375 0.7509765640625 0.765625 0.7626953140625 0.76953125 0.7841796859375 0.775390625 0.7861328140625 0.78125 0.7822265640625 0.783203125 0.7646484359375 0.7734375 0.7451171859375 0.7607421859375 0.740234375