0 0.7724609359375 0.673828125 0.7607421859375 0.677734375 0.7548828140625 0.669921875 0.7392578140625 0.669921875 0.728515625 0.6943359359375 0.716796875 0.7001953140625 0.71484375 0.7314453140625 0.720703125 0.7529296859375 0.708984375 0.7587890640625 0.705078125 0.7724609359375 0.7119140640625 0.787109375 0.744140625 0.7880859359375 0.744140625 0.7705078140625 0.77734375 0.7412109359375 0.779296875 0.6845703140625 0.7724609359375 0.673828125
0 0.466796875 0.9482421859375 0.474609375 0.9130859359375 0.4609375 0.9052734359375 0.45703125 0.8857421859375 0.4208984359375 0.84765625 0.3955078140625 0.873046875 0.3759765640625 0.861328125 0.376953125 0.8994140640625 0.357421875 0.9150390640625 0.365234375 0.9306640640625 0.357421875 0.9638671859375 0.376953125 0.9814453140625 0.376953125 0.9990234359375 0.46875 0.9990234359375 0.46875 0.9794921859375 0.455078125 0.9677734359375 0.455078125 0.9599609359375 0.466796875 0.9482421859375
2 0.0703125 0.1884765640625 0.04296875 0.1689453140625 0.0546875 0.1572265640625 0.041015625 0.1494140640625 0.0390625 0.1376953140625 0.024414064062499997 0.125 0.01953125 0.1455078140625 0.03515625 0.1591796859375 0.03515625 0.1669921859375 0.009765625 0.1748046859375 0.017578125 0.1865234359375 0.015625 0.2021484359375 0.056640625 0.2412109359375 0.05859375 0.2216796859375 0.07519531406249999 0.22265625 0.08203125 0.2138671859375 0.0703125 0.1884765640625
2 0.107421875 0.4287109359375 0.099609375 0.4013671859375 0.08496093593750001 0.384765625 0.08984375 0.4111328140625 0.107421875 0.4287109359375
2 0.10253906406249999 0.294921875 0.08691406406249999 0.294921875 0.080078125 0.2998046859375 0.080078125 0.3291015640625 0.07421875 0.3349609359375 0.087890625 0.3466796859375 0.087890625 0.3603515640625 0.095703125 0.3662109359375 0.111328125 0.3564453140625 0.12109375 0.3212890640625 0.107421875 0.3095703140625 0.10253906406249999 0.294921875
2 0.1533203140625 0.41796875 0.12207031406249999 0.408203125 0.11328125 0.4267578140625 0.119140625 0.4443359359375 0.1279296859375 0.453125 0.1513671859375 0.451171875 0.1689453140625 0.466796875 0.1796875 0.4677734359375 0.18359375 0.4404296859375 0.173828125 0.4072265640625 0.1611328140625 0.396484375 0.1533203140625 0.41796875
2 0.216796875 0.6826171859375 0.23046875 0.6865234359375 0.255859375 0.6787109359375 0.2509765640625 0.658203125 0.216796875 0.6689453140625 0.216796875 0.6826171859375
2 0.2099609359375 0.57421875 0.1884765640625 0.580078125 0.181640625 0.5966796859375 0.189453125 0.6259765640625 0.2119140640625 0.626953125 0.232421875 0.6474609359375 0.2421875 0.5888671859375 0.2294921859375 0.587890625 0.2197265640625 0.6015625 0.2099609359375 0.57421875
2 0.109375 0.9990234359375 0.111328125 0.9619140640625 0.07519531406249999 0.962890625 0.072265625 0.9990234359375 0.109375 0.9990234359375
2 0.040039064062500004 0.92578125 0.0537109359375 0.9140625 0.06347656406249999 0.92578125 0.0703125 0.9248046859375 0.076171875 0.9033203140625 0.07324218593750001 0.8828125 0.03125 0.8876953140625 0.040039064062500004 0.92578125
2 0.045898435937499996 0.80859375 0.0390625 0.8173828140625 0.0390625 0.8369140640625 0.05078125 0.8466796859375 0.06542968593750001 0.841796875 0.06640625 0.8349609359375 0.056640625 0.8134765640625 0.045898435937499996 0.80859375
2 0.7109375 0.9990234359375 0.6962890640625 0.974609375 0.6796875 0.9873046859375 0.6826171859375 1 0.7109375 0.9990234359375
2 0.6025390640625 0.763671875 0.591796875 0.7783203140625 0.599609375 0.8115234359375 0.611328125 0.8193359359375 0.611328125 0.7880859359375 0.623046875 0.7783203140625 0.6162109359375 0.7578125 0.6025390640625 0.763671875
2 0.619140625 0.8173828140625 0.619140625 0.8251953140625 0.6435546859375 0.849609375 0.65234375 0.8486328140625 0.654296875 0.8193359359375 0.650390625 0.8056640640625 0.6416015640625 0.80078125 0.619140625 0.8173828140625
2 0.6220703140625 0.8828125 0.615234375 0.8916015640625 0.62109375 0.9248046859375 0.662109375 0.9365234359375 0.669921875 0.9130859359375 0.658203125 0.8876953140625 0.6435546859375 0.876953125 0.6220703140625 0.8828125
2 0.486328125 0.3212890640625 0.4619140640625 0.30078125 0.44921875 0.3154296859375 0.44921875 0.3349609359375 0.4609375 0.3427734359375 0.4609375 0.3564453140625 0.4453125 0.3701171859375 0.458984375 0.3759765640625 0.470703125 0.4033203140625 0.478515625 0.4052734359375 0.48046875 0.3916015640625 0.46875 0.3486328140625 0.484375 0.3369140640625 0.486328125 0.3212890640625
2 0.4345703140625 0.236328125 0.4208984359375 0.24609375 0.4091796859375 0.234375 0.400390625 0.2587890640625 0.384765625 0.2607421859375 0.384765625 0.2958984359375 0.39453125 0.3017578140625 0.4130859359375 0.27734375 0.4267578140625 0.29296875 0.447265625 0.2822265640625 0.4345703140625 0.236328125
2 0.478515625 0.4736328140625 0.48046875 0.4990234359375 0.4833984359375 0.505859375 0.4970703140625 0.501953125 0.51171875 0.5107421859375 0.525390625 0.4970703140625 0.521484375 0.4560546859375 0.4970703140625 0.43359375 0.478515625 0.4736328140625
2 0.58984375 0.6064453140625 0.5751953140625 0.603515625 0.556640625 0.5888671859375 0.55078125 0.5634765640625 0.5439453140625 0.55859375 0.5244140640625 0.578125 0.5107421859375 0.580078125 0.50390625 0.5986328140625 0.51171875 0.6298828140625 0.53125 0.6298828140625 0.537109375 0.6513671859375 0.53515625 0.6884765640625 0.546875 0.6923828140625 0.5537109359375 0.654296875 0.5712890640625 0.6640625 0.583984375 0.6611328140625 0.58984375 0.6064453140625
2 0.3544921859375 0 0.3447265640625 0.0078125 0.3349609359375 0 0.3203125 0.0009765640625 0.3203125 0.06347656406249999 0.3291015640625 0.06640625 0.3466796859375 0.052734375 0.35546875 0.06933593593750001 0.3544921859375 0.0859375 0.3408203140625 0.076171875 0.3271484359375 0.078125 0.326171875 0.09667968593750001 0.3388671859375 0.1171875 0.359375 0.11816406406249999 0.36328125 0.1630859359375 0.369140625 0.1669921859375 0.3720703140625 0.107421875 0.3798828140625 0.11328125 0.3955078140625 0.109375 0.4072265640625 0.12109375 0.4189453140625 0.12109375 0.423828125 0.11425781406249999 0.4208984359375 0.1015625 0.392578125 0.08886718593750001 0.4013671859375 0.046875 0.4189453140625 0.056640625 0.43359375 0.0517578140625 0.43359375 0.036132814062500004 0.41796875 0.016601564062499997 0.4169921859375 0 0.3544921859375 0
2 0.92578125 0.8427734359375 0.92578125 0.8134765640625 0.9091796859375 0.8125 0.908203125 0.8251953140625 0.92578125 0.8427734359375
2 0.7275390640625 0 0.716796875 0.016601564062499997 0.720703125 0.041992185937499996 0.728515625 0.045898435937499996 0.734375 0.020507814062499997 0.7490234359375 0.015625 0.7568359359375 0 0.7275390640625 0
2 0.7265625 0.07128906406249999 0.7412109359375 0.091796875 0.75390625 0.09277343593750001 0.7578125 0.0615234359375 0.7333984359375 0.048828125 0.724609375 0.0615234359375 0.7265625 0.07128906406249999
2 0.8447265640625 0.53515625 0.8603515640625 0.544921875 0.87890625 0.5458984359375 0.890625 0.5302734359375 0.8798828140625 0.484375 0.837890625 0.5166015640625 0.8447265640625 0.53515625
2 0.90625 0.6240234359375 0.8759765640625 0.607421875 0.87109375 0.6103515640625 0.875 0.6865234359375 0.9130859359375 0.73828125 0.9296875 0.7392578140625 0.923828125 0.7177734359375 0.931640625 0.7041015640625 0.904296875 0.6591796859375 0.90625 0.6240234359375
2 0.8125 0.2646484359375 0.80859375 0.2197265640625 0.814453125 0.2041015640625 0.83203125 0.1904296859375 0.833984375 0.1552734359375 0.8251953140625 0.150390625 0.8037109359375 0.158203125 0.80078125 0.1455078140625 0.783203125 0.1337890640625 0.787109375 0.10449218593750001 0.7802734359375 0.1015625 0.763671875 0.1318359359375 0.751953125 0.1357421859375 0.7578125 0.1533203140625 0.748046875 0.1591796859375 0.73046875 0.2021484359375 0.751953125 0.2138671859375 0.7587890640625 0.234375 0.7890625 0.2431640640625 0.796875 0.2548828140625 0.7890625 0.2763671859375 0.791015625 0.2939453140625 0.8017578140625 0.314453125 0.8203125 0.3193359359375 0.826171875 0.3154296859375 0.82421875 0.3017578140625 0.83203125 0.2822265640625 0.8125 0.2646484359375
2 1 0.9833984359375 0.998046875 0.9306640640625 0.9775390640625 0.927734375 0.97265625 0.9365234359375 1 0.9833984359375
2 0.953125 0.9658203140625 0.966796875 0.9814453140625 0.96875 0.9990234359375 0.994140625 0.9990234359375 0.974609375 0.9580078140625 0.9697265640625 0.953125 0.9580078140625 0.95703125 0.953125 0.9658203140625
2 0.8330078140625 0.416015625 0.82421875 0.4287109359375 0.826171875 0.4541015640625 0.8359375 0.4599609359375 0.837890625 0.4384765640625 0.84765625 0.4248046859375 0.8447265640625 0.416015625 0.8330078140625 0.416015625
1 0.70703125 0.5400390640625 0.7109375 0.5126953140625 0.7060546859375 0.505859375 0.654296875 0.5263671859375 0.6552734359375 0.533203125 0.673828125 0.5361328140625 0.669921875 0.5732421859375 0.67578125 0.5869140640625 0.68359375 0.5888671859375 0.7001953140625 0.57421875 0.7138671859375 0.572265625 0.720703125 0.5615234359375 0.70703125 0.5400390640625