2 0.08886718593750001 0.28125 0.06640625 0.3017578140625 0.076171875 0.3349609359375 0.05859375 0.3564453140625 0.07324218593750001 0.37890625 0.08203125 0.3779296859375 0.103515625 0.3720703140625 0.091796875 0.3212890640625 0.109375 0.2939453140625 0.08886718593750001 0.28125
2 0.005859375 0.08300781406249999 0.009765625 0.047851564062500004 0.0009765640625 0.04296875 0 0.08300781406249999 0.005859375 0.08300781406249999
2 0.1396484359375 0.529296875 0.146484375 0.5283203140625 0.15234375 0.4951171859375 0.1435546859375 0.490234375 0.134765625 0.5205078140625 0.1396484359375 0.529296875
2 0.2080078140625 0.677734375 0.1943359359375 0.666015625 0.1728515640625 0.669921875 0.1875 0.6845703140625 0.18359375 0.7080078140625 0.21875 0.7412109359375 0.244140625 0.7197265640625 0.228515625 0.7001953140625 0.224609375 0.6748046859375 0.2080078140625 0.677734375
2 0.1865234359375 0.544921875 0.1708984359375 0.55078125 0.1650390640625 0.5390625 0.1552734359375 0.548828125 0.1416015640625 0.5390625 0.12109375 0.5537109359375 0.109375 0.5810546859375 0.1318359359375 0.599609375 0.1494140640625 0.599609375 0.1650390640625 0.61328125 0.17578125 0.6123046859375 0.177734375 0.5908203140625 0.197265625 0.5634765640625 0.197265625 0.5498046859375 0.1865234359375 0.544921875
2 0.2763671859375 0.9296875 0.2705078140625 0.8828125 0.2529296859375 0.900390625 0.2412109359375 0.900390625 0.240234375 0.9091796859375 0.2724609359375 0.94921875 0.2919921859375 0.953125 0.3037109359375 0.9453125 0.31640625 0.9541015640625 0.318359375 0.9970703140625 0.337890625 0.9990234359375 0.337890625 0.9208984359375 0.2998046859375 0.908203125 0.2880859359375 0.927734375 0.2763671859375 0.9296875
2 0.693359375 0.9208984359375 0.69140625 0.8759765640625 0.646484375 0.8330078140625 0.63671875 0.7998046859375 0.6279296859375 0.791015625 0.60546875 0.8369140640625 0.6123046859375 0.84375 0.6435546859375 0.837890625 0.671875 0.8662109359375 0.66015625 0.9130859359375 0.671875 0.9482421859375 0.669921875 0.9775390640625 0.68359375 0.9814453140625 0.689453125 0.9658203140625 0.70703125 0.9541015640625 0.70703125 0.9365234359375 0.693359375 0.9208984359375
2 0.5986328140625 0.60546875 0.591796875 0.5927734359375 0.59375 0.5732421859375 0.5771484359375 0.560546875 0.578125 0.6025390640625 0.587890625 0.6162109359375 0.580078125 0.6357421859375 0.5625 0.6435546859375 0.5625 0.6591796859375 0.5712890640625 0.669921875 0.5830078140625 0.66796875 0.615234375 0.6806640640625 0.625 0.6533203140625 0.6171875 0.6005859359375 0.6103515640625 0.595703125 0.5986328140625 0.60546875
2 0.529296875 0.5029296859375 0.525390625 0.5361328140625 0.53125 0.5380859359375 0.55859375 0.5244140640625 0.544921875 0.5068359359375 0.5458984359375 0.486328125 0.529296875 0.5029296859375
2 0.4814453140625 0.201171875 0.474609375 0.1962890640625 0.48046875 0.1455078140625 0.4736328140625 0.13671875 0.455078125 0.1494140640625 0.4482421859375 0.171875 0.4404296859375 0.16796875 0.427734375 0.1748046859375 0.42578125 0.1865234359375 0.439453125 0.2119140640625 0.4453125 0.2431640640625 0.478515625 0.2529296859375 0.49609375 0.2255859359375 0.501953125 0.2021484359375 0.4951171859375 0.1953125 0.4814453140625 0.201171875
2 0.4287109359375 0.1484375 0.435546875 0.1474609359375 0.439453125 0.1376953140625 0.4287109359375 0.12109375 0.416015625 0.1357421859375 0.4287109359375 0.1484375
2 0.39453125 0.0263671859375 0.4150390640625 0 0.388671875 0.0009765640625 0.3828125 0.024414064062499997 0.39453125 0.0263671859375
2 1 0.7568359359375 0.9716796859375 0.744140625 0.966796875 0.7900390640625 0.990234375 0.8212890640625 0.98828125 0.8427734359375 1 0.8583984359375 1 0.7568359359375
2 0.8798828140625 0.4375 0.873046875 0.4267578140625 0.892578125 0.3642578140625 0.8857421859375 0.357421875 0.8720703140625 0.361328125 0.857421875 0.3486328140625 0.8505859359375 0.33203125 0.845703125 0.3623046859375 0.85546875 0.3896484359375 0.849609375 0.4248046859375 0.869140625 0.4521484359375 0.87109375 0.4716796859375 0.892578125 0.4736328140625 0.90625 0.4599609359375 0.904296875 0.4462890640625 0.8994140640625 0.439453125 0.8798828140625 0.4375