2 0.462890625 0.2939453140625 0.46484375 0.2783203140625 0.4462890640625 0.2734375 0.447265625 0.2822265640625 0.462890625 0.2939453140625
2 0.15234375 0.4111328140625 0.15625 0.3994140640625 0.1416015640625 0.388671875 0.138671875 0.4091796859375 0.15234375 0.4111328140625
2 0.4609375 0.2607421859375 0.462890625 0.2392578140625 0.4482421859375 0.234375 0.447265625 0.2470703140625 0.4609375 0.2607421859375
2 0.2373046859375 0.646484375 0.248046875 0.6474609359375 0.251953125 0.6220703140625 0.2392578140625 0.615234375 0.232421875 0.6357421859375 0.2373046859375 0.646484375
2 0.1171875 0.2041015640625 0.115234375 0.2470703140625 0.12109375 0.2607421859375 0.140625 0.2431640640625 0.140625 0.2294921859375 0.12207031406249999 0.201171875 0.1171875 0.2041015640625
2 0.400390625 0.1435546859375 0.41015625 0.1708984359375 0.41015625 0.1923828140625 0.4150390640625 0.201171875 0.421875 0.2001953140625 0.42578125 0.1533203140625 0.421875 0.1416015640625 0.4052734359375 0.1328125 0.400390625 0.1435546859375
2 0.1796875 0.4697265640625 0.17578125 0.5009765640625 0.177734375 0.5146484359375 0.185546875 0.5166015640625 0.201171875 0.5087890640625 0.197265625 0.4697265640625 0.1904296859375 0.458984375 0.1796875 0.4697265640625
2 0.08691406406249999 0.181640625 0.080078125 0.1884765640625 0.068359375 0.2373046859375 0.095703125 0.2392578140625 0.1015625 0.2353515640625 0.1015625 0.2158203140625 0.095703125 0.1884765640625 0.08691406406249999 0.181640625
2 0.078125 0.09082031406249999 0.049804685937499996 0.056640625 0.017578125 0.06738281406249999 0.018554685937500003 0.087890625 0.049804685937499996 0.087890625 0.0595703140625 0.111328125 0.076171875 0.11230468593750001 0.07128906406249999 0.1015625 0.06933593593750001 0.107421875 0.064453125 0.10253906406249999 0.078125 0.09082031406249999
2 0.314453125 0.7275390640625 0.3095703140625 0.71875 0.2978515640625 0.71875 0.275390625 0.7333984359375 0.2734375 0.7490234359375 0.291015625 0.7666015640625 0.298828125 0.7998046859375 0.3125 0.8115234359375 0.31640625 0.7939453140625 0.30859375 0.7880859359375 0.302734375 0.7529296859375 0.314453125 0.7275390640625
2 0.6220703140625 0.787109375 0.5966796859375 0.759765625 0.59375 0.7783203140625 0.61328125 0.8115234359375 0.61328125 0.8564453140625 0.6298828140625 0.86328125 0.642578125 0.8935546859375 0.654296875 0.8974609359375 0.642578125 0.8271484359375 0.6484375 0.7978515640625 0.6357421859375 0.78515625 0.6220703140625 0.787109375
2 0.7919921859375 0.3515625 0.7841796859375 0.3515625 0.78125 0.4052734359375 0.794921875 0.4267578140625 0.8046875 0.4306640640625 0.81640625 0.3818359359375 0.8037109359375 0.380859375 0.80078125 0.3623046859375 0.7919921859375 0.3515625
2 0.724609375 0.1494140640625 0.7265625 0.1318359359375 0.7177734359375 0.126953125 0.701171875 0.1533203140625 0.724609375 0.1904296859375 0.73046875 0.2158203140625 0.751953125 0.2314453140625 0.7578125 0.1962890640625 0.734375 0.1806640640625 0.732421875 0.1591796859375 0.724609375 0.1494140640625
0 0.908203125 0.8447265640625 0.90234375 0.8583984359375 0.9140625 0.8623046859375 0.939453125 0.8427734359375 0.9365234359375 0.826171875 0.904296875 0.8291015640625 0.908203125 0.8447265640625
0 0.78515625 0.4423828140625 0.7744140640625 0.42578125 0.76171875 0.4697265640625 0.75 0.4794921859375 0.7578125 0.4873046859375 0.7568359359375 0.501953125 0.7744140640625 0.48828125 0.7890625 0.5048828140625 0.791015625 0.4833984359375 0.8125 0.4814453140625 0.78515625 0.4580078140625 0.78515625 0.4423828140625