2 0.291015625 0.9384765640625 0.30078125 0.9482421859375 0.318359375 0.9150390640625 0.3134765640625 0.876953125 0.28515625 0.8876953140625 0.291015625 0.9384765640625
2 0.0078125 0.2294921859375 0.041015625 0.2705078140625 0.060546875 0.2353515640625 0.041992185937499996 0.2109375 0.018554685937500003 0.203125 0.0078125 0.2294921859375
2 0.0615234359375 0.9375 0.044921875 0.9541015640625 0.044921875 0.9814453140625 0.06347656406249999 1 0.09765625 0.9990234359375 0.095703125 0.9873046859375 0.078125 0.9736328140625 0.078125 0.9443359359375 0.0615234359375 0.9375
2 0.3203125 0.9814453140625 0.314453125 0.9990234359375 0.341796875 0.9990234359375 0.3515625 0.9404296859375 0.3330078140625 0.927734375 0.310546875 0.9404296859375 0.3203125 0.9814453140625
2 0.25 0.7099609359375 0.2373046859375 0.701171875 0.2265625 0.7060546859375 0.2265625 0.7373046859375 0.21875 0.7490234359375 0.22265625 0.7802734359375 0.234375 0.7880859359375 0.248046875 0.7666015640625 0.25 0.7353515640625 0.259765625 0.7314453140625 0.25 0.7099609359375
2 0.076171875 0.2822265640625 0.0595703140625 0.267578125 0.0546875 0.2919921859375 0.06640625 0.3349609359375 0.0546875 0.3466796859375 0.0859375 0.3720703140625 0.1015625 0.3427734359375 0.099609375 0.3134765640625 0.078125 0.3076171859375 0.076171875 0.2822265640625
2 0.1279296859375 0.43359375 0.11230468593750001 0.419921875 0.09375 0.4462890640625 0.10253906406249999 0.4609375 0.123046875 0.4716796859375 0.111328125 0.5029296859375 0.15625 0.5361328140625 0.1640625 0.5185546859375 0.16015625 0.4599609359375 0.1396484359375 0.43359375 0.1279296859375 0.43359375
2 0.4921875 0.5283203140625 0.4921875 0.5478515640625 0.5146484359375 0.55859375 0.52734375 0.5576171859375 0.529296875 0.5400390640625 0.521484375 0.5166015640625 0.5009765640625 0.51171875 0.4921875 0.5283203140625
2 0.65625 0.9619140640625 0.6455078140625 0.958984375 0.640625 0.9482421859375 0.650390625 0.9306640640625 0.6484375 0.9189453140625 0.630859375 0.8994140640625 0.625 0.8818359359375 0.6083984359375 0.875 0.58984375 0.8564453140625 0.583984375 0.8271484359375 0.591796875 0.8134765640625 0.587890625 0.7568359359375 0.59375 0.7353515640625 0.580078125 0.7216796859375 0.5771484359375 0.697265625 0.56640625 0.7216796859375 0.55859375 0.7236328140625 0.5625 0.6767578140625 0.556640625 0.6572265640625 0.52734375 0.6044921859375 0.5166015640625 0.6015625 0.5048828140625 0.6171875 0.4892578140625 0.619140625 0.486328125 0.6318359359375 0.50390625 0.6416015640625 0.509765625 0.6572265640625 0.50390625 0.6767578140625 0.51953125 0.6982421859375 0.517578125 0.7216796859375 0.5078125 0.7412109359375 0.5078125 0.7705078140625 0.5234375 0.7744140640625 0.544921875 0.8134765640625 0.533203125 0.8212890640625 0.533203125 0.8408203140625 0.517578125 0.8681640640625 0.5283203140625 0.873046875 0.5400390640625 0.8671875 0.5517578140625 0.87890625 0.55859375 0.8779296859375 0.5576171859375 0.859375 0.576171875 0.8681640640625 0.587890625 0.8916015640625 0.587890625 0.9111328140625 0.564453125 0.9599609359375 0.5810546859375 0.966796875 0.6025390640625 0.96484375 0.615234375 0.9970703140625 0.625 0.9990234359375 0.6318359359375 0.982421875 0.6474609359375 0.990234375 0.65625 0.9853515640625 0.65625 0.9619140640625
2 0.462890625 0.4072265640625 0.462890625 0.3740234359375 0.4541015640625 0.353515625 0.4404296859375 0.357421875 0.421875 0.3427734359375 0.423828125 0.2548828140625 0.3857421859375 0.251953125 0.37890625 0.2607421859375 0.376953125 0.2880859359375 0.3701171859375 0.2890625 0.3515625 0.2509765640625 0.349609375 0.2353515640625 0.3623046859375 0.2265625 0.3740234359375 0.236328125 0.380859375 0.2236328140625 0.37890625 0.2060546859375 0.4013671859375 0.19921875 0.40625 0.1904296859375 0.3798828140625 0.14453125 0.3662109359375 0.15234375 0.34765625 0.1455078140625 0.349609375 0.09667968593750001 0.3701171859375 0.0859375 0.373046875 0.07714843593750001 0.36328125 0.06542968593750001 0.359375 0.040039064062500004 0.3349609359375 0.03125 0.330078125 0.0537109359375 0.33984375 0.08105468593750001 0.3125 0.11035156406249999 0.322265625 0.1962890640625 0.306640625 0.2099609359375 0.3212890640625 0.232421875 0.3359375 0.2373046859375 0.341796875 0.2607421859375 0.3515625 0.2666015640625 0.3515625 0.2900390640625 0.3359375 0.3037109359375 0.333984375 0.3212890640625 0.357421875 0.3466796859375 0.359375 0.3603515640625 0.3515625 0.3740234359375 0.36328125 0.3857421859375 0.361328125 0.4091796859375 0.37109375 0.4111328140625 0.388671875 0.3662109359375 0.4052734359375 0.361328125 0.416015625 0.3837890640625 0.4140625 0.4072265640625 0.40234375 0.4248046859375 0.4150390640625 0.4296875 0.419921875 0.4443359359375 0.427734375 0.4462890640625 0.43359375 0.4072265640625 0.4384765640625 0.40234375 0.4501953140625 0.412109375 0.462890625 0.4072265640625
2 0.8544921859375 0.73046875 0.8671875 0.7333984359375 0.875 0.7158203140625 0.8544921859375 0.703125 0.845703125 0.7158203140625 0.8544921859375 0.73046875
2 0.767578125 0.3330078140625 0.79296875 0.3427734359375 0.798828125 0.3369140640625 0.796875 0.3173828140625 0.7705078140625 0.3125 0.767578125 0.3330078140625
2 0.8017578140625 0.478515625 0.78125 0.4853515640625 0.783203125 0.5283203140625 0.794921875 0.5400390640625 0.7978515640625 0.53125 0.80859375 0.5302734359375 0.80859375 0.4853515640625 0.8017578140625 0.478515625
2 0.873046875 0.7841796859375 0.8505859359375 0.759765625 0.849609375 0.8642578140625 0.857421875 0.8662109359375 0.869140625 0.8564453140625 0.8671875 0.8388671859375 0.884765625 0.8212890640625 0.873046875 0.7841796859375
2 0.8916015640625 0.890625 0.8828125 0.9013671859375 0.884765625 0.9248046859375 0.876953125 0.9423828140625 0.904296875 0.9736328140625 0.908203125 0.9931640640625 0.9150390640625 1 0.927734375 0.9990234359375 0.9296875 0.9794921859375 0.912109375 0.9501953140625 0.908203125 0.9013671859375 0.8916015640625 0.890625
2 0.701171875 0.11816406406249999 0.70703125 0.08300781406249999 0.71875 0.07128906406249999 0.7099609359375 0.037109375 0.6875 0.047851564062500004 0.685546875 0.07128906406249999 0.669921875 0.08105468593750001 0.67578125 0.1318359359375 0.66796875 0.1552734359375 0.6953125 0.1728515640625 0.701171875 0.1533203140625 0.716796875 0.1396484359375 0.71484375 0.1279296859375 0.701171875 0.11816406406249999
2 0.736328125 0.1845703140625 0.732421875 0.1669921859375 0.7216796859375 0.1640625 0.69140625 0.2353515640625 0.708984375 0.2509765640625 0.716796875 0.2900390640625 0.7236328140625 0.29296875 0.7314453140625 0.287109375 0.7421875 0.2939453140625 0.748046875 0.2802734359375 0.744140625 0.2470703140625 0.751953125 0.1962890640625 0.736328125 0.1845703140625