2 0.154296875 0.2119140640625 0.14453125 0.1923828140625 0.1337890640625 0.1875 0.12402343593750001 0.201171875 0.111328125 0.2041015640625 0.109375 0.2216796859375 0.126953125 0.2412109359375 0.115234375 0.2490234359375 0.115234375 0.2568359359375 0.126953125 0.2744140640625 0.12890625 0.2939453140625 0.140625 0.2998046859375 0.171875 0.2685546859375 0.173828125 0.2587890640625 0.15234375 0.2373046859375 0.154296875 0.2119140640625
2 0.234375 0.3974609359375 0.2197265640625 0.390625 0.2060546859375 0.37109375 0.1865234359375 0.37890625 0.1787109359375 0.375 0.173828125 0.3974609359375 0.15625 0.4013671859375 0.16015625 0.4248046859375 0.1796875 0.4345703140625 0.181640625 0.4501953140625 0.189453125 0.4580078140625 0.2099609359375 0.427734375 0.2255859359375 0.4453125 0.234375 0.4384765640625 0.234375 0.3974609359375
2 0.14453125 0.9482421859375 0.13671875 0.9384765640625 0.138671875 0.9208984359375 0.12402343593750001 0.92578125 0.11621093593750001 0.900390625 0.10058593593750001 0.91015625 0.08496093593750001 0.8984375 0.078125 0.9052734359375 0.078125 0.9345703140625 0.064453125 0.9541015640625 0.068359375 0.9736328140625 0.060546875 0.9892578140625 0.06542968593750001 0.99609375 0.080078125 0.9951171859375 0.11230468593750001 0.978515625 0.1337890640625 0.986328125 0.14453125 0.9658203140625 0.14453125 0.9482421859375
2 0.037109375 0.7744140640625 0.0234375 0.7958984359375 0.029296875 0.8017578140625 0.06640625 0.7529296859375 0.049804685937499996 0.736328125 0.04296875 0.7412109359375 0.037109375 0.7744140640625
2 0.0390625 0.8037109359375 0.0390625 0.8349609359375 0.046875 0.8408203140625 0.078125 0.8095703140625 0.07421875 0.7919921859375 0.0576171859375 0.779296875 0.0390625 0.8037109359375
2 0.4296875 0.9189453140625 0.44140625 0.8974609359375 0.4228515640625 0.892578125 0.4111328140625 0.8984375 0.408203125 0.8837890640625 0.4013671859375 0.8828125 0.3896484359375 0.90234375 0.361328125 0.9169921859375 0.359375 0.9326171859375 0.3681640640625 0.94140625 0.3828125 0.9423828140625 0.3955078140625 0.9765625 0.41015625 0.9775390640625 0.4267578140625 0.9609375 0.44140625 0.9560546859375 0.443359375 0.9326171859375 0.4296875 0.9189453140625
2 0.40625 0.8720703140625 0.40625 0.8408203140625 0.396484375 0.8291015640625 0.39453125 0.7978515640625 0.380859375 0.7958984359375 0.37890625 0.7802734359375 0.3671875 0.7724609359375 0.3623046859375 0.759765625 0.3486328140625 0.771484375 0.34375 0.7685546859375 0.35546875 0.7451171859375 0.3505859359375 0.697265625 0.3369140640625 0.7109375 0.3203125 0.7119140640625 0.3203125 0.7451171859375 0.328125 0.7666015640625 0.31640625 0.7646484359375 0.310546875 0.7978515640625 0.326171875 0.8251953140625 0.326171875 0.9072265640625 0.337890625 0.9130859359375 0.3544921859375 0.875 0.3876953140625 0.873046875 0.4013671859375 0.880859375 0.40625 0.8720703140625
2 0.7470703140625 0.84375 0.751953125 0.8310546859375 0.7333984359375 0.8125 0.7216796859375 0.8203125 0.7041015640625 0.810546875 0.6953125 0.7861328140625 0.673828125 0.7724609359375 0.669921875 0.7529296859375 0.6484375 0.7392578140625 0.650390625 0.7177734359375 0.640625 0.7060546859375 0.638671875 0.6748046859375 0.6044921859375 0.6796875 0.599609375 0.6904296859375 0.611328125 0.7060546859375 0.6171875 0.7470703140625 0.6376953140625 0.75390625 0.6484375 0.7666015640625 0.6484375 0.7783203140625 0.640625 0.7841796859375 0.646484375 0.7998046859375 0.640625 0.8291015640625 0.65625 0.8408203140625 0.6650390640625 0.857421875 0.693359375 0.8603515640625 0.68359375 0.8681640640625 0.6796875 0.8857421859375 0.708984375 0.9287109359375 0.71484375 0.9150390640625 0.736328125 0.9013671859375 0.728515625 0.8544921859375 0.7470703140625 0.84375
2 0.580078125 0.4794921859375 0.572265625 0.4580078140625 0.576171875 0.4345703140625 0.5576171859375 0.427734375 0.544921875 0.4658203140625 0.5546875 0.4716796859375 0.5595703140625 0.48828125 0.576171875 0.4912109359375 0.560546875 0.5263671859375 0.580078125 0.5341796859375 0.611328125 0.4990234359375 0.611328125 0.4892578140625 0.6044921859375 0.48046875 0.580078125 0.4794921859375
2 0.908203125 0.4912109359375 0.91015625 0.5068359359375 0.921875 0.5068359359375 0.9453125 0.5009765640625 0.9443359359375 0.470703125 0.9228515640625 0.470703125 0.908203125 0.4912109359375
2 0.828125 0.2431640640625 0.826171875 0.2568359359375 0.8359375 0.2783203140625 0.845703125 0.2841796859375 0.859375 0.2763671859375 0.86328125 0.2626953140625 0.8427734359375 0.228515625 0.828125 0.2431640640625
2 0.9111328140625 0.41015625 0.888671875 0.4228515640625 0.884765625 0.4599609359375 0.912109375 0.4697265640625 0.923828125 0.4638671859375 0.923828125 0.4482421859375 0.919921875 0.4169921859375 0.9111328140625 0.41015625
2 0.8486328140625 0.31640625 0.8349609359375 0.328125 0.8212890640625 0.328125 0.818359375 0.3388671859375 0.83203125 0.3505859359375 0.830078125 0.3701171859375 0.859375 0.3798828140625 0.87109375 0.3408203140625 0.859375 0.3330078140625 0.859375 0.3193359359375 0.8486328140625 0.31640625
2 0.8056640640625 0 0.806640625 0.034179685937499996 0.78515625 0.041992185937499996 0.78515625 0.06738281406249999 0.798828125 0.08691406406249999 0.8095703140625 0.076171875 0.828125 0.07714843593750001 0.83203125 0.0537109359375 0.826171875 0.032226564062500004 0.8330078140625 0 0.8056640640625 0
2 0.87109375 0.1748046859375 0.859375 0.1611328140625 0.869140625 0.1279296859375 0.85546875 0.11621093593750001 0.8505859359375 0.1015625 0.8359375 0.1357421859375 0.81640625 0.1494140640625 0.822265625 0.1748046859375 0.8125 0.1923828140625 0.8125 0.2041015640625 0.8212890640625 0.21484375 0.84375 0.2216796859375 0.85546875 0.2177734359375 0.85546875 0.2099609359375 0.873046875 0.1904296859375 0.87109375 0.1748046859375