2 0.091796875 0.4931640640625 0.07714843593750001 0.4765625 0.0615234359375 0.48046875 0.045898435937499996 0.45703125 0.044921875 0.4833984359375 0.034179685937499996 0.4921875 0.024414064062499997 0.490234375 0.021484375 0.4990234359375 0.036132814062500004 0.513671875 0.05078125 0.5146484359375 0.0615234359375 0.501953125 0.07128906406249999 0.513671875 0.08691406406249999 0.509765625 0.091796875 0.4931640640625
2 0.294921875 0.08886718593750001 0.3095703140625 0.10546875 0.326171875 0.10644531406249999 0.326171875 0.07519531406249999 0.3095703140625 0.0625 0.2998046859375 0.064453125 0.294921875 0.08886718593750001
2 0.3203125 0.1357421859375 0.3203125 0.1572265640625 0.306640625 0.1787109359375 0.30859375 0.1943359359375 0.3203125 0.1982421859375 0.337890625 0.1787109359375 0.33984375 0.1357421859375 0.3310546859375 0.125 0.3203125 0.1357421859375
2 0.435546875 0.5244140640625 0.44921875 0.5361328140625 0.453125 0.5087890640625 0.4482421859375 0.50390625 0.4375 0.5087890640625 0.435546875 0.5244140640625
2 0.427734375 0.6181640640625 0.4326171859375 0.625 0.443359375 0.6240234359375 0.451171875 0.6025390640625 0.4462890640625 0.583984375 0.43359375 0.5908203140625 0.427734375 0.6181640640625
2 0.4228515640625 0.455078125 0.4150390640625 0.466796875 0.39453125 0.4716796859375 0.396484375 0.4853515640625 0.388671875 0.4990234359375 0.3935546859375 0.505859375 0.40625 0.5068359359375 0.43359375 0.4853515640625 0.4375 0.4599609359375 0.4326171859375 0.453125 0.4228515640625 0.455078125
2 0.1015625 0.6806640640625 0.099609375 0.7021484359375 0.107421875 0.7021484359375 0.12109375 0.6787109359375 0.11230468593750001 0.6640625 0.095703125 0.6708984359375 0.1015625 0.6806640640625
2 0.88671875 0.6826171859375 0.8779296859375 0.662109375 0.8544921859375 0.66015625 0.8515625 0.6650390640625 0.8662109359375 0.671875 0.873046875 0.6865234359375 0.880859375 0.7412109359375 0.892578125 0.7451171859375 0.91015625 0.7333984359375 0.912109375 0.7177734359375 0.90234375 0.6884765640625 0.88671875 0.6826171859375
2 0.6943359359375 0 0.68359375 0.022460935937500003 0.68359375 0.0615234359375 0.701171875 0.06933593593750001 0.7314453140625 0 0.6943359359375 0
2 0.755859375 0.2490234359375 0.763671875 0.2529296859375 0.7685546859375 0.197265625 0.759765625 0.2041015640625 0.755859375 0.2197265640625 0.755859375 0.2490234359375
2 0.9296875 0.8232421859375 0.9423828140625 0.83984375 0.955078125 0.8408203140625 0.958984375 0.8251953140625 0.9404296859375 0.791015625 0.92578125 0.8056640640625 0.9296875 0.8232421859375
2 0.6083984359375 1 0.65234375 0.9990234359375 0.654296875 0.9853515640625 0.6357421859375 0.978515625 0.607421875 0.9951171859375 0.6083984359375 1
2 0.583984375 0.8916015640625 0.59375 0.8955078140625 0.59765625 0.8505859359375 0.5849609359375 0.83984375 0.580078125 0.8466796859375 0.583984375 0.8916015640625