2 0.001953125 0.2080078140625 0.01171875 0.1943359359375 0.0048828140625 0.1796875 0 0.1806640640625 0.001953125 0.2080078140625
2 0.0009765640625 0.275390625 0 0.3095703140625 0.005859375 0.3095703140625 0.01953125 0.2998046859375 0.01953125 0.2919921859375 0.010742185937499999 0.27734375 0.0009765640625 0.275390625
2 0.048828125 0.5166015640625 0.07421875 0.5380859359375 0.08203125 0.5166015640625 0.07128906406249999 0.486328125 0.048828125 0.5048828140625 0.048828125 0.5166015640625
2 0.189453125 0.8603515640625 0.201171875 0.8642578140625 0.2109375 0.8486328140625 0.2041015640625 0.837890625 0.19140625 0.8447265640625 0.189453125 0.8603515640625
2 0.2080078140625 0.859375 0.203125 0.8681640640625 0.203125 0.8916015640625 0.212890625 0.8974609359375 0.2265625 0.8759765640625 0.2265625 0.8662109359375 0.2177734359375 0.859375 0.2080078140625 0.859375
2 0.142578125 0.7841796859375 0.1640625 0.7978515640625 0.16796875 0.8115234359375 0.17578125 0.7783203140625 0.171875 0.7685546859375 0.1435546859375 0.765625 0.142578125 0.7841796859375
2 0.1318359359375 0.6796875 0.111328125 0.7060546859375 0.111328125 0.7236328140625 0.1171875 0.7275390640625 0.1455078140625 0.71875 0.150390625 0.7099609359375 0.14453125 0.6904296859375 0.1318359359375 0.6796875
2 0.4375 0.6259765640625 0.4375 0.6123046859375 0.4189453140625 0.6015625 0.408203125 0.6201171859375 0.4375 0.6259765640625
2 0.5234375 0.9853515640625 0.548828125 0.9931640640625 0.548828125 0.9638671859375 0.5322265640625 0.94921875 0.5234375 0.9638671859375 0.5234375 0.9853515640625
2 0.48828125 0.7255859359375 0.474609375 0.6767578140625 0.466796875 0.6552734359375 0.4423828140625 0.64453125 0.431640625 0.6572265640625 0.431640625 0.6669921859375 0.453125 0.6787109359375 0.455078125 0.6962890640625 0.466796875 0.7080078140625 0.474609375 0.7392578140625 0.474609375 0.7880859359375 0.490234375 0.8232421859375 0.501953125 0.8310546859375 0.5078125 0.8251953140625 0.5078125 0.8076171859375 0.48828125 0.7646484359375 0.48828125 0.7255859359375
2 0.2978515640625 0.22265625 0.296875 0.2353515640625 0.31640625 0.2529296859375 0.32421875 0.2470703140625 0.322265625 0.2353515640625 0.3115234359375 0.224609375 0.2978515640625 0.22265625
2 0.32421875 0.2900390640625 0.328125 0.3056640640625 0.333984375 0.3076171859375 0.34375 0.2802734359375 0.333984375 0.2548828140625 0.3251953140625 0.25 0.32421875 0.2900390640625
2 0.3876953140625 0.4375 0.3828125 0.5029296859375 0.390625 0.5224609359375 0.388671875 0.5048828140625 0.400390625 0.4892578140625 0.40234375 0.4599609359375 0.3876953140625 0.4375
2 0.34375 0.3310546859375 0.34375 0.3447265640625 0.3505859359375 0.3515625 0.380859375 0.3603515640625 0.38671875 0.3408203140625 0.3779296859375 0.330078125 0.3583984359375 0.322265625 0.34375 0.3310546859375
2 0.369140625 0.4052734359375 0.369140625 0.4326171859375 0.38671875 0.4365234359375 0.40625 0.3779296859375 0.3994140640625 0.359375 0.388671875 0.3662109359375 0.369140625 0.4052734359375
2 0.2216796859375 0.017578125 0.251953125 0.022460935937500003 0.255859375 0.0126953140625 0.2490234359375 0 0.21484375 0.0009765640625 0.2216796859375 0.017578125
2 0.248046875 0.07324218593750001 0.2724609359375 0.091796875 0.283203125 0.09277343593750001 0.28125 0.06347656406249999 0.2646484359375 0.048828125 0.2490234359375 0.0546875 0.248046875 0.07324218593750001
2 0.568359375 0.034179685937499996 0.572265625 0.0009765640625 0.5556640640625 0 0.556640625 0.0283203140625 0.568359375 0.034179685937499996
2 0.6103515640625 0.072265625 0.60546875 0.1298828140625 0.6279296859375 0.15234375 0.642578125 0.1572265640625 0.646484375 0.1337890640625 0.638671875 0.10644531406249999 0.623046875 0.07714843593750001 0.6103515640625 0.072265625
2 0.669921875 0.3740234359375 0.673828125 0.3857421859375 0.68359375 0.3896484359375 0.697265625 0.3779296859375 0.697265625 0.3642578140625 0.6787109359375 0.35546875 0.669921875 0.3740234359375
2 0.7392578140625 0.59375 0.73828125 0.6044921859375 0.763671875 0.6337890640625 0.76953125 0.6240234359375 0.765625 0.6044921859375 0.7490234359375 0.591796875 0.7392578140625 0.59375
2 0.650390625 0.2880859359375 0.654296875 0.2998046859375 0.662109375 0.3017578140625 0.67578125 0.2529296859375 0.6708984359375 0.240234375 0.650390625 0.2548828140625 0.650390625 0.2880859359375
2 0.705078125 0.5126953140625 0.705078125 0.5283203140625 0.720703125 0.5341796859375 0.748046875 0.5205078140625 0.7431640640625 0.498046875 0.7333984359375 0.49609375 0.705078125 0.5126953140625
2 0.689453125 0.4208984359375 0.7197265640625 0.458984375 0.73046875 0.4599609359375 0.724609375 0.4267578140625 0.70703125 0.3994140640625 0.6904296859375 0.400390625 0.689453125 0.4208984359375
2 0.8046875 0.7978515640625 0.828125 0.7861328140625 0.8115234359375 0.78515625 0.80078125 0.7939453140625 0.8046875 0.7978515640625
2 0.814453125 0.7587890640625 0.8349609359375 0.7265625 0.8017578140625 0.763671875 0.798828125 0.7333984359375 0.79296875 0.7353515640625 0.78515625 0.7470703140625 0.783203125 0.7783203140625 0.78515625 0.7900390640625 0.791015625 0.7900390640625 0.80078125 0.7666015640625 0.8056640640625 0.7734375 0.81640625 0.7646484359375 0.814453125 0.7587890640625
2 0.8232421859375 0.806640625 0.81640625 0.8134765640625 0.82421875 0.8583984359375 0.822265625 0.8876953140625 0.83984375 0.9326171859375 0.861328125 0.8740234359375 0.84765625 0.8662109359375 0.841796875 0.8251953140625 0.8232421859375 0.806640625
2 0.765625 0.6826171859375 0.767578125 0.7041015640625 0.775390625 0.7099609359375 0.78125 0.7041015640625 0.783203125 0.6787109359375 0.7783203140625 0.669921875 0.765625 0.6826171859375
2 0.97265625 0.4130859359375 0.978515625 0.4150390640625 0.99609375 0.3935546859375 0.9892578140625 0.38671875 0.970703125 0.3955078140625 0.97265625 0.4130859359375
2 0.9375 0.10449218593750001 0.94140625 0.09277343593750001 0.9267578140625 0.072265625 0.919921875 0.10253906406249999 0.9375 0.10449218593750001
2 0.939453125 0.1728515640625 0.93359375 0.1923828140625 0.94140625 0.1962890640625 0.955078125 0.1943359359375 0.96484375 0.1767578140625 0.9619140640625 0.1640625 0.939453125 0.1728515640625
2 0.951171875 0.2353515640625 0.966796875 0.2373046859375 0.986328125 0.2177734359375 0.9794921859375 0.205078125 0.955078125 0.2119140640625 0.951171875 0.2353515640625