2 0.244140625 0.8837890640625 0.2509765640625 0.90234375 0.2734375 0.9013671859375 0.26171875 0.8544921859375 0.2412109359375 0.841796875 0.224609375 0.8681640640625 0.244140625 0.8837890640625
2 0.07714843593750001 0.3515625 0.043945314062500004 0.353515625 0.029296875 0.3642578140625 0.0390625 0.3837890640625 0.0546875 0.3916015640625 0.0546875 0.4423828140625 0.060546875 0.4501953140625 0.06640625 0.4013671859375 0.083984375 0.3837890640625 0.083984375 0.3623046859375 0.07714843593750001 0.3515625
2 0.294921875 0.9462890640625 0.29296875 0.9248046859375 0.2841796859375 0.916015625 0.255859375 0.9521484359375 0.255859375 0.9931640640625 0.2587890640625 1 0.306640625 0.9990234359375 0.3037109359375 0.9765625 0.283203125 0.9853515640625 0.283203125 0.9658203140625 0.294921875 0.9462890640625
2 0 0.3056640640625 0.0048828140625 0.3125 0.03125 0.3115234359375 0.056640625 0.2900390640625 0.060546875 0.2666015640625 0.0302734359375 0.236328125 0.010742185937499999 0.248046875 0 0.2470703140625 0 0.3056640640625
2 0.251953125 0.7587890640625 0.2392578140625 0.7578125 0.234375 0.7451171859375 0.24609375 0.7041015640625 0.2333984359375 0.69921875 0.2158203140625 0.71484375 0.2021484359375 0.71484375 0.19140625 0.6904296859375 0.201171875 0.6845703140625 0.20703125 0.6689453140625 0.203125 0.6513671859375 0.1845703140625 0.642578125 0.1640625 0.6435546859375 0.1875 0.6025390640625 0.1728515640625 0.58984375 0.1337890640625 0.59375 0.126953125 0.6279296859375 0.14453125 0.6572265640625 0.13671875 0.6826171859375 0.1416015640625 0.689453125 0.1630859359375 0.69140625 0.181640625 0.7099609359375 0.19140625 0.7392578140625 0.18359375 0.7998046859375 0.1904296859375 0.8125 0.208984375 0.8154296859375 0.220703125 0.8076171859375 0.2255859359375 0.794921875 0.25390625 0.7763671859375 0.251953125 0.7587890640625
2 0.5732421859375 0.701171875 0.56640625 0.7275390640625 0.58203125 0.7646484359375 0.595703125 0.7724609359375 0.603515625 0.7666015640625 0.60546875 0.7392578140625 0.5859375 0.7080078140625 0.5732421859375 0.701171875
2 0.63671875 0.9267578140625 0.654296875 0.9755859359375 0.65625 0.9990234359375 0.6796875 0.9990234359375 0.671875 0.9423828140625 0.6611328140625 0.92578125 0.6416015640625 0.91796875 0.63671875 0.9267578140625
2 0.6181640640625 0.80078125 0.587890625 0.8095703140625 0.58203125 0.8564453140625 0.58984375 0.8583984359375 0.626953125 0.8408203140625 0.63671875 0.8193359359375 0.6298828140625 0.8046875 0.6181640640625 0.80078125
2 0.53125 0.6259765640625 0.533203125 0.6513671859375 0.548828125 0.6904296859375 0.56640625 0.6962890640625 0.572265625 0.6787109359375 0.5703125 0.6416015640625 0.5380859359375 0.61328125 0.53125 0.6259765640625
2 0.400390625 0.1533203140625 0.40234375 0.12011718593750001 0.3974609359375 0.11328125 0.384765625 0.11621093593750001 0.376953125 0.1494140640625 0.3623046859375 0.1484375 0.34765625 0.1767578140625 0.3701171859375 0.19921875 0.392578125 0.1982421859375 0.396484375 0.1826171859375 0.41015625 0.1708984359375 0.41015625 0.1611328140625 0.400390625 0.1533203140625
2 0.52734375 0.4384765640625 0.529296875 0.4169921859375 0.5224609359375 0.41015625 0.4990234359375 0.419921875 0.4853515640625 0.41015625 0.47265625 0.4111328140625 0.474609375 0.4462890640625 0.455078125 0.4658203140625 0.455078125 0.4736328140625 0.474609375 0.4892578140625 0.49609375 0.4716796859375 0.5009765640625 0.455078125 0.5146484359375 0.453125 0.52734375 0.4384765640625
2 0.3818359359375 0.04296875 0.3642578140625 0.05859375 0.349609375 0.0537109359375 0.3515625 0.08105468593750001 0.333984375 0.10449218593750001 0.3359375 0.1259765640625 0.349609375 0.1298828140625 0.37890625 0.11425781406249999 0.3984375 0.06347656406249999 0.3955078140625 0.04296875 0.3818359359375 0.04296875
2 0.4384765640625 0.251953125 0.4169921859375 0.24609375 0.3974609359375 0.23046875 0.390625 0.2412109359375 0.392578125 0.2548828140625 0.408203125 0.2705078140625 0.4130859359375 0.28515625 0.4208984359375 0.283203125 0.4375 0.2978515640625 0.447265625 0.3193359359375 0.447265625 0.3603515640625 0.4296875 0.3759765640625 0.427734375 0.3896484359375 0.4423828140625 0.400390625 0.4609375 0.3994140640625 0.4765625 0.3916015640625 0.470703125 0.3759765640625 0.47265625 0.2900390640625 0.4384765640625 0.251953125
2 0.7626953140625 0 0.7578125 0.0146484359375 0.771484375 0.043945314062500004 0.7783203140625 0.05078125 0.798828125 0.0517578140625 0.814453125 0.041992185937499996 0.81640625 0.020507814062499997 0.7958984359375 0.009765625 0.7919921859375 0 0.7626953140625 0
2 0.76953125 0.1513671859375 0.7734375 0.1826171859375 0.78515625 0.1865234359375 0.79296875 0.1591796859375 0.7880859359375 0.12109375 0.78125 0.12402343593750001 0.76953125 0.1513671859375
2 0.822265625 0.2158203140625 0.8115234359375 0.212890625 0.791015625 0.2353515640625 0.791015625 0.2548828140625 0.798828125 0.2822265640625 0.82421875 0.3095703140625 0.830078125 0.3017578140625 0.826171875 0.2431640640625 0.8203125 0.2353515640625 0.822265625 0.2158203140625
1 0.8505859359375 0.142578125 0.8203125 0.1767578140625 0.826171875 0.2216796859375 0.83203125 0.2255859359375 0.861328125 0.2099609359375 0.859375 0.1748046859375 0.849609375 0.1650390640625 0.8505859359375 0.142578125
2 0.8876953140625 0.404296875 0.880859375 0.4248046859375 0.896484375 0.4326171859375 0.900390625 0.4560546859375 0.908203125 0.4580078140625 0.91796875 0.4462890640625 0.919921875 0.4248046859375 0.9072265640625 0.404296875 0.8876953140625 0.404296875
2 0.8515625 0.3544921859375 0.857421875 0.3779296859375 0.8681640640625 0.390625 0.876953125 0.3916015640625 0.90234375 0.3623046859375 0.90234375 0.3525390640625 0.8935546859375 0.345703125 0.8515625 0.3544921859375
2 0.87109375 0.5029296859375 0.857421875 0.5419921859375 0.8681640640625 0.55078125 0.876953125 0.5498046859375 0.916015625 0.5107421859375 0.9208984359375 0.484375 0.8857421859375 0.490234375 0.87109375 0.5029296859375
2 0.962890625 0.9169921859375 1 0.9345703140625 0.9970703140625 0.828125 0.970703125 0.8349609359375 0.97265625 0.8955078140625 0.962890625 0.9169921859375
2 0.943359375 0.6318359359375 0.962890625 0.5986328140625 0.9609375 0.5869140640625 0.9033203140625 0.583984375 0.900390625 0.5947265640625 0.91796875 0.6201171859375 0.919921875 0.6357421859375 0.935546875 0.6435546859375 0.935546875 0.6689453140625 0.947265625 0.7001953140625 0.966796875 0.6708984359375 0.966796875 0.6513671859375 0.9501953140625 0.646484375 0.943359375 0.6318359359375