2 0.134765625 0.7529296859375 0.146484375 0.7431640640625 0.1318359359375 0.7265625 0.125 0.7490234359375 0.134765625 0.7529296859375
2 0.16796875 0.8505859359375 0.171875 0.8291015640625 0.1611328140625 0.8125 0.158203125 0.8505859359375 0.16796875 0.8505859359375
2 0.1875 0.8662109359375 0.185546875 0.8916015640625 0.189453125 0.9033203140625 0.19921875 0.9072265640625 0.2109375 0.8876953140625 0.2109375 0.8740234359375 0.1962890640625 0.853515625 0.1875 0.8662109359375
2 0.11621093593750001 0.6328125 0.09667968593750001 0.638671875 0.068359375 0.6669921859375 0.076171875 0.6845703140625 0.087890625 0.6904296859375 0.09667968593750001 0.67578125 0.107421875 0.6748046859375 0.119140625 0.6533203140625 0.11621093593750001 0.6328125
2 0 0.4521484359375 0.0263671859375 0.47265625 0.041015625 0.4716796859375 0.044921875 0.4580078140625 0.033203125 0.4326171859375 0.033203125 0.3935546859375 0.020507814062499997 0.37890625 0.008789064062500001 0.388671875 0 0.3876953140625 0 0.4521484359375
2 0.033203125 0.5009765640625 0.016601564062499997 0.4921875 0.013671875 0.5146484359375 0.025390625 0.5419921859375 0.01953125 0.5595703140625 0.0234375 0.6044921859375 0.046875 0.6201171859375 0.07128906406249999 0.61328125 0.080078125 0.6025390640625 0.07421875 0.5556640640625 0.033203125 0.5009765640625
2 0.43359375 0.5576171859375 0.439453125 0.5751953140625 0.453125 0.5791015640625 0.46484375 0.5537109359375 0.458984375 0.5263671859375 0.4482421859375 0.515625 0.43359375 0.5576171859375
2 0.5654296859375 0.912109375 0.560546875 0.9619140640625 0.58203125 0.9716796859375 0.5849609359375 1 0.603515625 0.9990234359375 0.61328125 0.9912109359375 0.603515625 0.9658203140625 0.57421875 0.9150390640625 0.5654296859375 0.912109375
2 0.5283203140625 0.8359375 0.52734375 0.8486328140625 0.5703125 0.9033203140625 0.587890625 0.8818359359375 0.58203125 0.8583984359375 0.5634765640625 0.837890625 0.5283203140625 0.8359375
2 0.2646484359375 0 0.263671875 0.016601564062499997 0.275390625 0.032226564062500004 0.27734375 0.10058593593750001 0.2841796859375 0.111328125 0.29296875 0.11230468593750001 0.298828125 0.10839843593750001 0.298828125 0.0146484359375 0.2919921859375 0 0.2646484359375 0
2 0.529296875 0.6513671859375 0.51953125 0.6455078140625 0.517578125 0.6162109359375 0.5087890640625 0.609375 0.4892578140625 0.623046875 0.4677734359375 0.609375 0.462890625 0.6162109359375 0.466796875 0.6611328140625 0.44921875 0.6748046859375 0.4658203140625 0.697265625 0.50390625 0.7041015640625 0.50390625 0.6904296859375 0.5234375 0.6787109359375 0.53125 0.6611328140625 0.529296875 0.6513671859375
2 0.390625 0.3544921859375 0.392578125 0.3076171859375 0.35546875 0.2646484359375 0.34375 0.1826171859375 0.3349609359375 0.17578125 0.328125 0.1845703140625 0.326171875 0.2216796859375 0.314453125 0.2333984359375 0.330078125 0.3095703140625 0.345703125 0.3369140640625 0.361328125 0.3466796859375 0.361328125 0.3623046859375 0.3515625 0.3720703140625 0.36328125 0.4052734359375 0.3857421859375 0.421875 0.4140625 0.4248046859375 0.421875 0.4189453140625 0.4296875 0.3935546859375 0.4013671859375 0.376953125 0.390625 0.3544921859375
2 0.9208984359375 0.77734375 0.9072265640625 0.78515625 0.8955078140625 0.77734375 0.88671875 0.7939453140625 0.880859375 0.8271484359375 0.88671875 0.8427734359375 0.90234375 0.8505859359375 0.91015625 0.8466796859375 0.91015625 0.8193359359375 0.921875 0.8017578140625 0.9208984359375 0.77734375
2 0.82421875 0.5439453140625 0.8056640640625 0.537109375 0.80078125 0.5478515640625 0.810546875 0.5732421859375 0.810546875 0.5986328140625 0.83203125 0.6064453140625 0.849609375 0.5947265640625 0.857421875 0.5712890640625 0.8330078140625 0.564453125 0.82421875 0.5439453140625
2 0.7265625 0.06542968593750001 0.7216796859375 0.05859375 0.7021484359375 0.0625 0.693359375 0.045898435937499996 0.6826171859375 0.04296875 0.673828125 0.07519531406249999 0.681640625 0.1259765640625 0.673828125 0.1435546859375 0.697265625 0.1767578140625 0.708984375 0.1806640640625 0.72265625 0.1435546859375 0.712890625 0.11425781406249999 0.7265625 0.08496093593750001 0.7265625 0.06542968593750001
2 0.87890625 0.6845703140625 0.876953125 0.6591796859375 0.8623046859375 0.6328125 0.8427734359375 0.642578125 0.8134765640625 0.642578125 0.810546875 0.6513671859375 0.8232421859375 0.669921875 0.849609375 0.6767578140625 0.857421875 0.6943359359375 0.85546875 0.7177734359375 0.869140625 0.7255859359375 0.875 0.7451171859375 0.89453125 0.7470703140625 0.912109375 0.7216796859375 0.90625 0.6806640640625 0.8935546859375 0.67578125 0.87890625 0.6845703140625
2 0.765625 0.2509765640625 0.755859375 0.2177734359375 0.7578125 0.1689453140625 0.7509765640625 0.1640625 0.734375 0.1962890640625 0.712890625 0.2158203140625 0.71484375 0.2451171859375 0.708984375 0.2607421859375 0.7197265640625 0.267578125 0.7333984359375 0.265625 0.755859375 0.2978515640625 0.751953125 0.3349609359375 0.740234375 0.3427734359375 0.740234375 0.3505859359375 0.7490234359375 0.34765625 0.775390625 0.3583984359375 0.7890625 0.3330078140625 0.771484375 0.3193359359375 0.763671875 0.2998046859375 0.765625 0.2509765640625