2 0.306640625 0.1962890640625 0.28515625 0.1533203140625 0.283203125 0.10644531406249999 0.291015625 0.08886718593750001 0.2841796859375 0.08203125 0.265625 0.08691406406249999 0.263671875 0.07714843593750001 0.275390625 0.0537109359375 0.2666015640625 0.046875 0.2509765640625 0.05078125 0.24609375 0.045898435937499996 0.23828125 0.0302734359375 0.2421875 0.010742185937499999 0.2373046859375 0.005859375 0.2275390640625 0.005859375 0.2138671859375 0.017578125 0.1982421859375 0.013671875 0.19921875 0.0595703140625 0.2197265640625 0.056640625 0.2451171859375 0.08203125 0.251953125 0.08105468593750001 0.251953125 0.09082031406249999 0.2314453140625 0.103515625 0.224609375 0.11621093593750001 0.23828125 0.1318359359375 0.23828125 0.1552734359375 0.2568359359375 0.166015625 0.2724609359375 0.1640625 0.287109375 0.1826171859375 0.265625 0.2080078140625 0.265625 0.2353515640625 0.2734375 0.2666015640625 0.2802734359375 0.26953125 0.2880859359375 0.259765625 0.296875 0.2685546859375 0.30859375 0.2490234359375 0.310546875 0.2294921859375 0.3046875 0.2177734359375 0.306640625 0.1962890640625
2 0.4375 0.4443359359375 0.43359375 0.4287109359375 0.41796875 0.4228515640625 0.416015625 0.4072265640625 0.4091796859375 0.40234375 0.4013671859375 0.416015625 0.3896484359375 0.416015625 0.380859375 0.4248046859375 0.3837890640625 0.4453125 0.3720703140625 0.44140625 0.3642578140625 0.427734375 0.35546875 0.4306640640625 0.349609375 0.4697265640625 0.357421875 0.4814453140625 0.357421875 0.5048828140625 0.3701171859375 0.494140625 0.3896484359375 0.4921875 0.392578125 0.5185546859375 0.400390625 0.5205078140625 0.40625 0.4951171859375 0.416015625 0.4892578140625 0.41015625 0.4736328140625 0.4375 0.4443359359375
2 0.5859375 0.9990234359375 0.58203125 0.9677734359375 0.5732421859375 0.962890625 0.568359375 0.9990234359375 0.5859375 0.9990234359375
2 0.541015625 0.8232421859375 0.5263671859375 0.8125 0.505859375 0.8291015640625 0.515625 0.8466796859375 0.51171875 0.8798828140625 0.51953125 0.8857421859375 0.53515625 0.8818359359375 0.52734375 0.8564453140625 0.54296875 0.8330078140625 0.541015625 0.8232421859375
2 0.5390625 0.8935546859375 0.52734375 0.9443359359375 0.533203125 0.9736328140625 0.548828125 0.9775390640625 0.576171875 0.9384765640625 0.552734375 0.9111328140625 0.5517578140625 0.8828125 0.5390625 0.8935546859375
2 0.4423828140625 0.58203125 0.4326171859375 0.599609375 0.412109375 0.6103515640625 0.41015625 0.6259765640625 0.431640625 0.6494140640625 0.431640625 0.6826171859375 0.4384765640625 0.685546875 0.4521484359375 0.67578125 0.466796875 0.6845703140625 0.4765625 0.6650390640625 0.45703125 0.6357421859375 0.45703125 0.5966796859375 0.4423828140625 0.58203125
2 0.5244140640625 0.7578125 0.5146484359375 0.7578125 0.501953125 0.7470703140625 0.486328125 0.7138671859375 0.4755859359375 0.70703125 0.443359375 0.7294921859375 0.44140625 0.7490234359375 0.4599609359375 0.7578125 0.4638671859375 0.771484375 0.4853515640625 0.767578125 0.49609375 0.8017578140625 0.505859375 0.8056640640625 0.51171875 0.7919921859375 0.5234375 0.7861328140625 0.529296875 0.7666015640625 0.5244140640625 0.7578125
2 0 0.3935546859375 0.001953125 0.4248046859375 0.013671875 0.4013671859375 0.013671875 0.3935546859375 0.0048828140625 0.390625 0 0.3935546859375
2 0.016601564062499997 0.43359375 0.01953125 0.4814453140625 0.03125 0.4873046859375 0.037109375 0.4814453140625 0.03515625 0.4423828140625 0.0263671859375 0.43359375 0.016601564062499997 0.43359375
2 0.04296875 0.4951171859375 0.072265625 0.5146484359375 0.087890625 0.4970703140625 0.083984375 0.4697265640625 0.047851564062500004 0.46875 0.04296875 0.4951171859375
2 0.07324218593750001 0.529296875 0.060546875 0.5771484359375 0.1015625 0.5927734359375 0.103515625 0.5732421859375 0.09375 0.5576171859375 0.09765625 0.5322265640625 0.07324218593750001 0.529296875
2 0.2060546859375 0.857421875 0.19921875 0.8720703140625 0.20703125 0.8935546859375 0.216796875 0.8955078140625 0.234375 0.8857421859375 0.234375 0.8720703140625 0.2275390640625 0.861328125 0.2060546859375 0.857421875
2 0.2578125 0.9599609359375 0.255859375 0.9990234359375 0.28125 0.9990234359375 0.275390625 0.9462890640625 0.2548828140625 0.921875 0.24609375 0.9423828140625 0.2578125 0.9599609359375
2 0.14453125 0.7529296859375 0.150390625 0.7705078140625 0.142578125 0.7861328140625 0.154296875 0.7998046859375 0.130859375 0.8095703140625 0.1416015640625 0.830078125 0.1591796859375 0.828125 0.169921875 0.8388671859375 0.189453125 0.7724609359375 0.189453125 0.7490234359375 0.1748046859375 0.736328125 0.14453125 0.7529296859375
2 0.716796875 0.4150390640625 0.7041015640625 0.404296875 0.69921875 0.4287109359375 0.73828125 0.4853515640625 0.748046875 0.4501953140625 0.7333984359375 0.431640625 0.71875 0.4287109359375 0.716796875 0.4150390640625
2 0.771484375 0.7041015640625 0.77734375 0.7119140640625 0.8046875 0.6865234359375 0.8037109359375 0.669921875 0.779296875 0.6728515640625 0.771484375 0.7041015640625