2 0.25 0.6455078140625 0.251953125 0.6162109359375 0.2431640640625 0.61328125 0.23828125 0.6376953140625 0.25 0.6455078140625
2 0.111328125 0.3603515640625 0.1171875 0.3623046859375 0.138671875 0.3447265640625 0.1259765640625 0.333984375 0.111328125 0.3486328140625 0.111328125 0.3603515640625
2 0.14453125 0.4130859359375 0.150390625 0.4169921859375 0.16015625 0.4091796859375 0.16015625 0.3896484359375 0.1455078140625 0.37890625 0.14453125 0.4130859359375
2 0.130859375 0.2548828140625 0.150390625 0.2314453140625 0.1279296859375 0.197265625 0.12109375 0.2490234359375 0.130859375 0.2548828140625
2 0.185546875 0.4697265640625 0.1796875 0.4970703140625 0.18359375 0.5126953140625 0.2109375 0.5029296859375 0.203125 0.4951171859375 0.1982421859375 0.453125 0.185546875 0.4697265640625
2 0.07910156406249999 0.234375 0.107421875 0.2353515640625 0.109375 0.1884765640625 0.09667968593750001 0.171875 0.076171875 0.2294921859375 0.07910156406249999 0.234375
2 0.3056640640625 0.7109375 0.2822265640625 0.72265625 0.27734375 0.7392578140625 0.296875 0.7626953140625 0.302734375 0.7939453140625 0.3203125 0.8056640640625 0.32421875 0.7919921859375 0.30859375 0.7587890640625 0.31640625 0.7197265640625 0.3056640640625 0.7109375
2 0.0556640640625 0.03125 0.0390625 0.049804685937499996 0.037109375 0.06738281406249999 0.0517578140625 0.0703125 0.0703125 0.10839843593750001 0.08984375 0.11816406406249999 0.095703125 0.09277343593750001 0.06640625 0.0576171859375 0.06640625 0.041992185937499996 0.0556640640625 0.03125
2 0.451171875 0.2392578140625 0.45703125 0.2548828140625 0.451171875 0.2802734359375 0.466796875 0.2958984359375 0.474609375 0.2861328140625 0.470703125 0.2373046859375 0.4580078140625 0.232421875 0.451171875 0.2392578140625
2 0.3828125 0.10253906406249999 0.419921875 0.09277343593750001 0.3916015640625 0.0546875 0.375 0.09667968593750001 0.3828125 0.10253906406249999
2 0.4091796859375 0.1328125 0.40625 0.1513671859375 0.416015625 0.1982421859375 0.42578125 0.2021484359375 0.43359375 0.1865234359375 0.435546875 0.1572265640625 0.4169921859375 0.1328125 0.4091796859375 0.1328125
2 0.6337890640625 0.78515625 0.6171875 0.8017578140625 0.6171875 0.8525390640625 0.6376953140625 0.857421875 0.64453125 0.8857421859375 0.6513671859375 0.89453125 0.658203125 0.8935546859375 0.658203125 0.8681640640625 0.642578125 0.8486328140625 0.65234375 0.7919921859375 0.6337890640625 0.78515625
2 0.7265625 0.10644531406249999 0.716796875 0.07324218593750001 0.7080078140625 0.0703125 0.69921875 0.10058593593750001 0.7265625 0.10644531406249999
2 0.837890625 0.5751953140625 0.849609375 0.5791015640625 0.845703125 0.5439453140625 0.8330078140625 0.533203125 0.828125 0.5576171859375 0.837890625 0.5751953140625
2 0.904296875 0.8603515640625 0.916015625 0.8642578140625 0.94140625 0.8427734359375 0.9384765640625 0.828125 0.90625 0.8330078140625 0.904296875 0.8603515640625
2 0.7822265640625 0.3515625 0.78125 0.4033203140625 0.794921875 0.4267578140625 0.80859375 0.4326171859375 0.818359375 0.3837890640625 0.806640625 0.3779296859375 0.7939453140625 0.3515625 0.7822265640625 0.3515625
2 0.7216796859375 0.12890625 0.705078125 0.1552734359375 0.728515625 0.1904296859375 0.744140625 0.2294921859375 0.755859375 0.2333984359375 0.76171875 0.2021484359375 0.73828125 0.1884765640625 0.73046875 0.1337890640625 0.7216796859375 0.12890625
0 0.8017578140625 0.46875 0.791015625 0.4580078140625 0.787109375 0.4384765640625 0.7744140640625 0.4296875 0.767578125 0.4365234359375 0.763671875 0.4697265640625 0.75390625 0.4794921859375 0.755859375 0.4970703140625 0.791015625 0.5048828140625 0.7998046859375 0.490234375 0.8212890640625 0.4921875 0.826171875 0.4794921859375 0.8017578140625 0.46875