2 0.06640625 0.09667968593750001 0.078125 0.09863281406249999 0.09765625 0.09277343593750001 0.08300781406249999 0.078125 0.06738281406249999 0.076171875 0.06640625 0.09667968593750001
2 0.02734375 0.0283203140625 0.034179685937499996 0.037109375 0.044921875 0.036132814062500004 0.05078125 0.0263671859375 0.036132814062500004 0.00390625 0.025390625 0.010742185937499999 0.02734375 0.0283203140625
2 0.1796875 0.3759765640625 0.1875 0.3779296859375 0.19140625 0.3427734359375 0.1728515640625 0.330078125 0.171875 0.3544921859375 0.1796875 0.3759765640625
2 0.08984375 0.1708984359375 0.1015625 0.1845703140625 0.103515625 0.2177734359375 0.1279296859375 0.228515625 0.150390625 0.2275390640625 0.150390625 0.1865234359375 0.13671875 0.1630859359375 0.11621093593750001 0.146484375 0.08984375 0.1708984359375
2 0.259765625 0.5615234359375 0.2626953140625 0.5703125 0.26953125 0.5693359359375 0.28125 0.5537109359375 0.2744140640625 0.541015625 0.2646484359375 0.5390625 0.259765625 0.5615234359375
2 0.2265625 0.4716796859375 0.244140625 0.4794921859375 0.244140625 0.4990234359375 0.2294921859375 0.505859375 0.224609375 0.5166015640625 0.234375 0.5478515640625 0.24609375 0.5576171859375 0.26171875 0.4619140640625 0.2509765640625 0.4375 0.22265625 0.4521484359375 0.2265625 0.4716796859375
2 0.275390625 0.6552734359375 0.296875 0.6787109359375 0.31640625 0.7197265640625 0.326171875 0.7236328140625 0.326171875 0.6767578140625 0.302734375 0.6181640640625 0.2958984359375 0.6171875 0.275390625 0.6552734359375
2 0.3916015640625 0.876953125 0.3671875 0.8896484359375 0.375 0.9072265640625 0.353515625 0.9345703140625 0.39453125 0.9384765640625 0.396484375 0.9189453140625 0.4091796859375 0.91796875 0.4140625 0.9052734359375 0.3916015640625 0.876953125
2 0.029296875 0.7978515640625 0.0546875 0.8076171859375 0.076171875 0.7666015640625 0.036132814062500004 0.75 0.029296875 0.7587890640625 0.029296875 0.7978515640625
2 0.119140625 0.9091796859375 0.1171875 0.8779296859375 0.095703125 0.8740234359375 0.09375 0.8330078140625 0.08105468593750001 0.84375 0.049804685937499996 0.84375 0.04296875 0.8564453140625 0.052734375 0.8759765640625 0.046875 0.8837890640625 0.06542968593750001 0.90234375 0.07714843593750001 0.8984375 0.091796875 0.9091796859375 0.091796875 0.9287109359375 0.078125 0.9462890640625 0.078125 0.9658203140625 0.1015625 0.9716796859375 0.10449218593750001 1 0.150390625 0.9990234359375 0.150390625 0.9560546859375 0.134765625 0.9443359359375 0.130859375 0.9169921859375 0.119140625 0.9091796859375
2 0.5390625 0.4970703140625 0.5400390640625 0.50390625 0.5478515640625 0.494140625 0.560546875 0.5048828140625 0.568359375 0.4755859359375 0.5615234359375 0.466796875 0.548828125 0.4716796859375 0.5390625 0.4970703140625
2 0.447265625 0.1845703140625 0.45703125 0.2099609359375 0.46484375 0.2119140640625 0.478515625 0.2021484359375 0.478515625 0.1884765640625 0.4560546859375 0.162109375 0.447265625 0.1845703140625
2 0.53515625 0.3583984359375 0.5390625 0.3740234359375 0.546875 0.3759765640625 0.560546875 0.3369140640625 0.5400390640625 0.318359375 0.533203125 0.3251953140625 0.53515625 0.3583984359375
2 0.595703125 0.6044921859375 0.595703125 0.6337890640625 0.6064453140625 0.6484375 0.61328125 0.6474609359375 0.62109375 0.6376953140625 0.623046875 0.6181640640625 0.6044921859375 0.587890625 0.595703125 0.6044921859375
2 0.5107421859375 0.25 0.4912109359375 0.234375 0.494140625 0.2978515640625 0.5087890640625 0.298828125 0.5166015640625 0.291015625 0.52734375 0.3037109359375 0.53515625 0.2685546859375 0.52734375 0.2451171859375 0.5205078140625 0.2421875 0.5107421859375 0.25
2 0.634765625 0.6884765640625 0.6201171859375 0.681640625 0.609375 0.6923828140625 0.609375 0.7314453140625 0.615234375 0.7392578140625 0.615234375 0.7626953140625 0.6201171859375 0.765625 0.6240234359375 0.759765625 0.62890625 0.7666015640625 0.62109375 0.7880859359375 0.630859375 0.7900390640625 0.646484375 0.7783203140625 0.625 0.7255859359375 0.638671875 0.7001953140625 0.634765625 0.6884765640625
2 0.4462890640625 0 0.4140625 0.0009765640625 0.423828125 0.020507814062499997 0.423828125 0.0517578140625 0.4443359359375 0.048828125 0.44921875 0.0302734359375 0.4609375 0.020507814062499997 0.4462890640625 0
2 0.6875 0.9580078140625 0.6875 0.9794921859375 0.712890625 0.9873046859375 0.71875 0.9716796859375 0.7109375 0.9404296859375 0.7001953140625 0.9296875 0.6875 0.9580078140625
2 0.8603515640625 0.02734375 0.84765625 0.034179685937499996 0.8291015640625 0.060546875 0.82421875 0.036132814062500004 0.830078125 0.08691406406249999 0.8388671859375 0.09765625 0.8515625 0.09863281406249999 0.853515625 0.07910156406249999 0.84765625 0.06542968593750001 0.857421875 0.049804685937499996 0.8603515640625 0.02734375
2 0.791015625 0.10253906406249999 0.802734375 0.1474609359375 0.810546875 0.1474609359375 0.822265625 0.09472656406249999 0.8134765640625 0.068359375 0.8046875 0.07324218593750001 0.791015625 0.10253906406249999
2 0.900390625 0.6123046859375 0.904296875 0.5966796859375 0.8916015640625 0.583984375 0.88671875 0.5986328140625 0.900390625 0.6123046859375
2 0.91796875 0.4482421859375 0.927734375 0.4052734359375 0.8974609359375 0.38671875 0.8837890640625 0.390625 0.884765625 0.3623046859375 0.8662109359375 0.34765625 0.84765625 0.3623046859375 0.84765625 0.3740234359375 0.88671875 0.4755859359375 0.87109375 0.4990234359375 0.87890625 0.5068359359375 0.884765625 0.5419921859375 0.89453125 0.5419921859375 0.904296875 0.5224609359375 0.89453125 0.4677734359375 0.9013671859375 0.453125 0.91796875 0.4482421859375
2 0.919921875 0.6904296859375 0.919921875 0.7158203140625 0.92578125 0.7216796859375 0.951171875 0.6923828140625 0.939453125 0.6806640640625 0.9365234359375 0.65625 0.919921875 0.6904296859375
2 0.9482421859375 0.736328125 0.939453125 0.7568359359375 0.947265625 0.7822265640625 0.9765625 0.7841796859375 0.978515625 0.7587890640625 0.986328125 0.7451171859375 0.9775390640625 0.73828125 0.9482421859375 0.736328125
2 1 0.9814453140625 0.9892578140625 0.98046875 0.986328125 0.9990234359375 1 0.9990234359375 1 0.9814453140625