2 0.21875 0.4736328140625 0.208984375 0.4892578140625 0.208984375 0.4990234359375 0.22265625 0.5048828140625 0.25 0.4931640640625 0.2373046859375 0.451171875 0.21875 0.4599609359375 0.21875 0.4736328140625
2 0.029296875 0.0048828140625 0.020507814062499997 0.021484375 0.005859375 0.022460935937500003 0.005859375 0.032226564062500004 0.018554685937500003 0.046875 0.034179685937499996 0.05078125 0.049804685937499996 0.064453125 0.060546875 0.06347656406249999 0.0625 0.043945314062500004 0.044921875 0.024414064062499997 0.038085935937499996 0.001953125 0.029296875 0.0048828140625
2 0.318359375 0.7724609359375 0.3076171859375 0.751953125 0.2958984359375 0.77734375 0.2646484359375 0.7734375 0.259765625 0.7841796859375 0.2763671859375 0.796875 0.2861328140625 0.796875 0.2890625 0.8115234359375 0.2998046859375 0.822265625 0.310546875 0.8232421859375 0.3125 0.8115234359375 0.3291015640625 0.806640625 0.341796875 0.7880859359375 0.318359375 0.7724609359375
2 0.298828125 0.6005859359375 0.2880859359375 0.595703125 0.279296875 0.6123046859375 0.279296875 0.6396484359375 0.259765625 0.6552734359375 0.259765625 0.6650390640625 0.2744140640625 0.681640625 0.29296875 0.6865234359375 0.3017578140625 0.685546875 0.3125 0.6669921859375 0.30078125 0.6357421859375 0.298828125 0.6005859359375
2 0.2177734359375 0.30078125 0.203125 0.3056640640625 0.171875 0.3837890640625 0.1787109359375 0.3984375 0.201171875 0.4072265640625 0.20703125 0.3623046859375 0.224609375 0.3408203140625 0.224609375 0.3134765640625 0.2177734359375 0.30078125
2 0.11425781406249999 0.248046875 0.10449218593750001 0.234375 0.08886718593750001 0.234375 0.08203125 0.2451171859375 0.083984375 0.2568359359375 0.115234375 0.2841796859375 0.119140625 0.2958984359375 0.119140625 0.3037109359375 0.10546875 0.3134765640625 0.107421875 0.3193359359375 0.146484375 0.3349609359375 0.15625 0.3232421859375 0.158203125 0.3056640640625 0.13671875 0.2607421859375 0.11425781406249999 0.248046875
2 0.40625 0.9345703140625 0.40625 0.9208984359375 0.3916015640625 0.91796875 0.3720703140625 0.8984375 0.3642578140625 0.8984375 0.3447265640625 0.908203125 0.33984375 0.9208984359375 0.349609375 0.9658203140625 0.376953125 0.9853515640625 0.4033203140625 0.982421875 0.416015625 0.9697265640625 0.392578125 0.9560546859375 0.40625 0.9345703140625
2 0.6552734359375 0.654296875 0.65234375 0.6689453140625 0.6640625 0.6962890640625 0.666015625 0.7236328140625 0.673828125 0.7275390640625 0.681640625 0.7216796859375 0.68359375 0.6982421859375 0.669921875 0.6630859359375 0.6552734359375 0.654296875
2 0.6279296859375 0.548828125 0.623046875 0.5986328140625 0.6357421859375 0.615234375 0.642578125 0.6142578140625 0.666015625 0.5869140640625 0.671875 0.5654296859375 0.6630859359375 0.55078125 0.6279296859375 0.548828125
2 0.5478515640625 0.23828125 0.5302734359375 0.251953125 0.5107421859375 0.248046875 0.5 0.2841796859375 0.515625 0.3076171859375 0.517578125 0.3408203140625 0.53125 0.3427734359375 0.55078125 0.3154296859375 0.54296875 0.2939453140625 0.55078125 0.2587890640625 0.5478515640625 0.23828125
2 0.4423828140625 0 0.4375 0.0263671859375 0.421875 0.036132814062500004 0.423828125 0.045898435937499996 0.439453125 0.0576171859375 0.439453125 0.07324218593750001 0.4658203140625 0.09765625 0.47265625 0.09667968593750001 0.478515625 0.09082031406249999 0.474609375 0.06933593593750001 0.494140625 0.0537109359375 0.5185546859375 0 0.4423828140625 0
2 0.8359375 0.0263671859375 0.84765625 0.032226564062500004 0.861328125 0.008789064062500001 0.859375 0.0009765640625 0.8310546859375 0 0.8359375 0.0263671859375
2 0.853515625 0.10449218593750001 0.853515625 0.11621093593750001 0.876953125 0.1318359359375 0.888671875 0.11816406406249999 0.8916015640625 0.08984375 0.8642578140625 0.095703125 0.853515625 0.10449218593750001
2 0.857421875 0.1884765640625 0.8662109359375 0.19921875 0.873046875 0.1982421859375 0.876953125 0.1650390640625 0.8701171859375 0.16015625 0.857421875 0.1748046859375 0.857421875 0.1884765640625
2 0.9599609359375 0.41796875 0.966796875 0.4169921859375 0.982421875 0.4052734359375 0.9736328140625 0.388671875 0.94921875 0.4013671859375 0.9599609359375 0.41796875
2 1 0.5732421859375 0.9892578140625 0.576171875 0.98828125 0.5615234359375 0.9814453140625 0.556640625 0.955078125 0.5791015640625 0.990234375 0.6142578140625 1 0.5927734359375 1 0.5732421859375
2 0.330078125 0.8720703140625 0.330078125 0.8798828140625 0.345703125 0.8876953140625 0.3671875 0.8720703140625 0.3642578140625 0.85546875 0.3505859359375 0.857421875 0.330078125 0.8720703140625