2 0.041992185937499996 0.044921875 0.033203125 0.022460935937500003 0.0263671859375 0.01953125 0.029296875 0.047851564062500004 0.0146484359375 0.0625 0.0048828140625 0.05859375 0.001953125 0.06933593593750001 0.0283203140625 0.087890625 0.043945314062500004 0.078125 0.046875 0.08886718593750001 0.056640625 0.09277343593750001 0.07421875 0.06738281406249999 0.07421875 0.0556640640625 0.06347656406249999 0.044921875 0.041992185937499996 0.044921875
2 0.08105468593750001 0.26171875 0.072265625 0.2763671859375 0.08203125 0.2958984359375 0.09375 0.2998046859375 0.1328125 0.2822265640625 0.10449218593750001 0.283203125 0.09082031406249999 0.263671875 0.08105468593750001 0.26171875
2 0.6044921859375 0.599609375 0.59765625 0.6181640640625 0.6064453140625 0.626953125 0.62890625 0.6298828140625 0.646484375 0.6181640640625 0.646484375 0.6064453140625 0.6318359359375 0.595703125 0.6044921859375 0.599609375
2 0.423828125 0.12402343593750001 0.431640625 0.1279296859375 0.44140625 0.11816406406249999 0.4365234359375 0.095703125 0.421875 0.10839843593750001 0.423828125 0.12402343593750001
2 0.41796875 0.2119140640625 0.41796875 0.2216796859375 0.427734375 0.2236328140625 0.44140625 0.1884765640625 0.4306640640625 0.169921875 0.421875 0.1728515640625 0.41796875 0.2119140640625
2 0.4013671859375 0.03515625 0.3828125 0.038085935937499996 0.390625 0.0595703140625 0.376953125 0.07324218593750001 0.3837890640625 0.0859375 0.3984375 0.08496093593750001 0.419921875 0.06542968593750001 0.4228515640625 0.013671875 0.4150390640625 0.013671875 0.4013671859375 0.03515625
2 0.580078125 0.4990234359375 0.587890625 0.4990234359375 0.58984375 0.4521484359375 0.5791015640625 0.447265625 0.572265625 0.4794921859375 0.580078125 0.4990234359375
2 0.35546875 0.9052734359375 0.3583984359375 0.9140625 0.37109375 0.9189453140625 0.37890625 0.9111328140625 0.37890625 0.8916015640625 0.3642578140625 0.888671875 0.35546875 0.9052734359375
2 0.71875 0.8759765640625 0.7099609359375 0.857421875 0.6962890640625 0.85546875 0.681640625 0.8857421859375 0.69921875 0.8916015640625 0.70703125 0.9345703140625 0.71484375 0.9365234359375 0.724609375 0.9326171859375 0.7265625 0.9130859359375 0.716796875 0.8916015640625 0.71875 0.8759765640625
2 0.63671875 0.7236328140625 0.64453125 0.7255859359375 0.662109375 0.7158203140625 0.6494140640625 0.69921875 0.63671875 0.7158203140625 0.63671875 0.7236328140625
2 0.87890625 0.2900390640625 0.87890625 0.2626953140625 0.8505859359375 0.25390625 0.849609375 0.2666015640625 0.87890625 0.2900390640625
2 0.87890625 0.3037109359375 0.869140625 0.3369140640625 0.876953125 0.3544921859375 0.892578125 0.3603515640625 0.904296875 0.3388671859375 0.904296875 0.3134765640625 0.8955078140625 0.29296875 0.87890625 0.3037109359375
2 0.927734375 0.4287109359375 0.9296875 0.4443359359375 0.9384765640625 0.453125 0.94921875 0.4521484359375 0.955078125 0.4404296859375 0.9384765640625 0.396484375 0.919921875 0.4208984359375 0.927734375 0.4287109359375