2 0.04296875 0.4677734359375 0.0703125 0.4794921859375 0.078125 0.4560546859375 0.07324218593750001 0.4453125 0.0576171859375 0.447265625 0.04296875 0.4677734359375
2 0.0009765640625 0.2421875 0 0.2939453140625 0.010742185937499999 0.3046875 0.017578125 0.3037109359375 0.025390625 0.2744140640625 0.00390625 0.2607421859375 0.0078125 0.2451171859375 0.0009765640625 0.2421875
2 0 0.3740234359375 0.0029296859375 0.388671875 0.033203125 0.3955078140625 0.048828125 0.3818359359375 0.048828125 0.3740234359375 0.036132814062500004 0.36328125 0 0.3740234359375
2 0.17578125 0.7724609359375 0.185546875 0.7568359359375 0.1875 0.7080078140625 0.181640625 0.6806640640625 0.1650390640625 0.681640625 0.162109375 0.6494140640625 0.1298828140625 0.63671875 0.125 0.6416015640625 0.126953125 0.6591796859375 0.140625 0.6748046859375 0.1484375 0.7177734359375 0.16015625 0.7333984359375 0.16015625 0.7587890640625 0.171875 0.7744140640625 0.162109375 0.7958984359375 0.197265625 0.8037109359375 0.2109375 0.7958984359375 0.208984375 0.7705078140625 0.1982421859375 0.765625 0.17578125 0.7724609359375
2 0.224609375 0.8857421859375 0.24609375 0.9091796859375 0.255859375 0.8994140640625 0.2490234359375 0.859375 0.22265625 0.8720703140625 0.224609375 0.8857421859375
2 0.2373046859375 0.943359375 0.220703125 0.9697265640625 0.220703125 0.9833984359375 0.236328125 0.9853515640625 0.267578125 0.9501953140625 0.2666015640625 0.927734375 0.2548828140625 0.927734375 0.2373046859375 0.943359375
2 0.5966796859375 0.77734375 0.580078125 0.7998046859375 0.587890625 0.8427734359375 0.603515625 0.8740234359375 0.6142578140625 0.884765625 0.630859375 0.8876953140625 0.634765625 0.8779296859375 0.60546875 0.8095703140625 0.611328125 0.7919921859375 0.5966796859375 0.77734375
2 0.634765625 0.9873046859375 0.6328125 0.9990234359375 0.650390625 0.9990234359375 0.646484375 0.9541015640625 0.6298828140625 0.94140625 0.626953125 0.9755859359375 0.634765625 0.9873046859375
2 0.4921875 0.4560546859375 0.4814453140625 0.412109375 0.46875 0.4228515640625 0.46484375 0.4599609359375 0.451171875 0.4833984359375 0.44921875 0.5244140640625 0.458984375 0.5615234359375 0.46875 0.5654296859375 0.478515625 0.5322265640625 0.466796875 0.4951171859375 0.486328125 0.4736328140625 0.4921875 0.4560546859375
2 0.525390625 0.6708984359375 0.546875 0.6748046859375 0.5546875 0.6494140640625 0.5439453140625 0.63671875 0.529296875 0.6455078140625 0.525390625 0.6708984359375
2 0.4033203140625 0.2421875 0.392578125 0.2509765640625 0.4033203140625 0.287109375 0.443359375 0.2919921859375 0.443359375 0.2744140640625 0.4287109359375 0.251953125 0.4150390640625 0.2421875 0.4033203140625 0.2421875
2 0.3798828140625 0.130859375 0.328125 0.1865234359375 0.330078125 0.1982421859375 0.3447265640625 0.208984375 0.376953125 0.2099609359375 0.3828125 0.2060546859375 0.376953125 0.1884765640625 0.384765625 0.1494140640625 0.3798828140625 0.130859375
2 0.30859375 0.038085935937499996 0.30078125 0.0615234359375 0.3134765640625 0.06640625 0.3310546859375 0.060546875 0.33984375 0.06738281406249999 0.345703125 0.0302734359375 0.3310546859375 0.017578125 0.3212890640625 0.033203125 0.30859375 0.038085935937499996
2 0.771484375 0.2021484359375 0.7724609359375 0.212890625 0.80078125 0.2197265640625 0.8125 0.2099609359375 0.8115234359375 0.197265625 0.7841796859375 0.193359375 0.771484375 0.2021484359375
2 0.890625 0.5615234359375 0.896484375 0.5927734359375 0.904296875 0.5947265640625 0.919921875 0.5634765640625 0.9150390640625 0.544921875 0.8974609359375 0.55078125 0.890625 0.5615234359375
2 0.85546875 0.4501953140625 0.857421875 0.4873046859375 0.8671875 0.4892578140625 0.880859375 0.4638671859375 0.87890625 0.4404296859375 0.8720703140625 0.43359375 0.85546875 0.4501953140625
2 0.7470703140625 0.041015625 0.7421875 0.06933593593750001 0.755859375 0.07910156406249999 0.763671875 0.07324218593750001 0.765625 0.0595703140625 0.76171875 0.047851564062500004 0.7470703140625 0.041015625