2 0.076171875 0.038085935937499996 0.08496093593750001 0.046875 0.095703125 0.045898435937499996 0.10546875 0.0009765640625 0.06933593593750001 0 0.068359375 0.020507814062499997 0.076171875 0.038085935937499996
2 0.1259765640625 0.037109375 0.126953125 0.06738281406249999 0.115234375 0.07910156406249999 0.1474609359375 0.1171875 0.16015625 0.12207031406249999 0.171875 0.08886718593750001 0.169921875 0.07128906406249999 0.1513671859375 0.06640625 0.1259765640625 0.037109375
2 0.326171875 0.4833984359375 0.310546875 0.4736328140625 0.298828125 0.4501953140625 0.298828125 0.4091796859375 0.287109375 0.3935546859375 0.298828125 0.3369140640625 0.2822265640625 0.326171875 0.2646484359375 0.33203125 0.255859375 0.3232421859375 0.2421875 0.2900390640625 0.236328125 0.2392578140625 0.212890625 0.2255859359375 0.208984375 0.2041015640625 0.1865234359375 0.16796875 0.1591796859375 0.171875 0.154296875 0.1767578140625 0.162109375 0.1904296859375 0.162109375 0.2236328140625 0.1796875 0.2548828140625 0.1904296859375 0.255859375 0.208984375 0.2744140640625 0.201171875 0.2900390640625 0.205078125 0.3115234359375 0.220703125 0.3369140640625 0.232421875 0.3896484359375 0.255859375 0.4326171859375 0.2421875 0.4560546859375 0.2421875 0.4697265640625 0.271484375 0.4697265640625 0.275390625 0.4814453140625 0.265625 0.4853515640625 0.265625 0.5068359359375 0.291015625 0.5595703140625 0.2890625 0.5849609359375 0.296875 0.6142578140625 0.3095703140625 0.626953125 0.328125 0.6259765640625 0.353515625 0.6005859359375 0.3251953140625 0.580078125 0.318359375 0.5673828140625 0.326171875 0.4833984359375
2 0.44921875 0.7998046859375 0.44921875 0.7880859359375 0.431640625 0.7763671859375 0.439453125 0.7548828140625 0.4326171859375 0.73046875 0.4208984359375 0.7578125 0.4150390640625 0.74609375 0.408203125 0.7470703140625 0.3974609359375 0.78125 0.3779296859375 0.765625 0.3671875 0.7685546859375 0.37109375 0.8134765640625 0.357421875 0.8232421859375 0.369140625 0.8447265640625 0.3798828140625 0.84765625 0.3896484359375 0.865234375 0.40234375 0.8681640640625 0.41796875 0.8251953140625 0.41796875 0.7978515640625 0.4326171859375 0.80859375 0.44921875 0.7998046859375
2 0.4638671859375 0.951171875 0.4423828140625 0.95703125 0.43359375 0.9365234359375 0.421875 0.9345703140625 0.427734375 0.9658203140625 0.419921875 0.9833984359375 0.4267578140625 1 0.494140625 0.9990234359375 0.498046875 0.9814453140625 0.478515625 0.9736328140625 0.4755859359375 0.95703125 0.4638671859375 0.951171875
2 0.130859375 0.9150390640625 0.1328125 0.8798828140625 0.1259765640625 0.87890625 0.111328125 0.9150390640625 0.091796875 0.9169921859375 0.09375 0.9541015640625 0.1171875 0.9619140640625 0.11425781406249999 0.970703125 0.09765625 0.9755859359375 0.09375 0.9990234359375 0.1640625 0.9990234359375 0.17578125 0.9716796859375 0.1572265640625 0.955078125 0.14453125 0.9560546859375 0.130859375 0.9150390640625
2 0.021484375 0.8544921859375 0.0234375 0.8369140640625 0.0009765640625 0.828125 0 0.8447265640625 0.021484375 0.8544921859375
2 0.025390625 0.6689453140625 0.0009765640625 0.646484375 0 0.7919921859375 0.01171875 0.7939453140625 0.03515625 0.7626953140625 0.033203125 0.7412109359375 0.04296875 0.7119140640625 0.025390625 0.6689453140625
2 0.740234375 0.8974609359375 0.732421875 0.9013671859375 0.728515625 0.9267578140625 0.712890625 0.9443359359375 0.7158203140625 0.951171875 0.7265625 0.9521484359375 0.7578125 0.9404296859375 0.7646484359375 0.908203125 0.7431640640625 0.9140625 0.740234375 0.8974609359375
2 0.6123046859375 0.58984375 0.626953125 0.5888671859375 0.626953125 0.5654296859375 0.6005859359375 0.5546875 0.595703125 0.5732421859375 0.6123046859375 0.58984375
2 0.6708984359375 0.6171875 0.6572265640625 0.6015625 0.6455078140625 0.599609375 0.640625 0.6162109359375 0.65625 0.6494140640625 0.654296875 0.6845703140625 0.66796875 0.6982421859375 0.67578125 0.6923828140625 0.689453125 0.6513671859375 0.69140625 0.6025390640625 0.6708984359375 0.6171875
2 0.712890625 0.7802734359375 0.716796875 0.7119140640625 0.7119140640625 0.70703125 0.6982421859375 0.70703125 0.6826171859375 0.73046875 0.646484375 0.7353515640625 0.646484375 0.7509765640625 0.65625 0.7685546859375 0.65234375 0.7822265640625 0.662109375 0.8056640640625 0.6767578140625 0.822265625 0.689453125 0.8232421859375 0.7177734359375 0.814453125 0.73046875 0.7958984359375 0.7294921859375 0.78515625 0.712890625 0.7802734359375
2 0.5654296859375 0.205078125 0.546875 0.2021484359375 0.544921875 0.1650390640625 0.529296875 0.1533203140625 0.5205078140625 0.134765625 0.505859375 0.1552734359375 0.5 0.1845703140625 0.5087890640625 0.1953125 0.51953125 0.1962890640625 0.51171875 0.2216796859375 0.529296875 0.2353515640625 0.53125 0.2490234359375 0.5390625 0.2509765640625 0.5478515640625 0.236328125 0.5693359359375 0.240234375 0.576171875 0.2197265640625 0.5654296859375 0.205078125
2 0.5693359359375 0.3828125 0.55859375 0.3701171859375 0.580078125 0.3193359359375 0.5732421859375 0.30078125 0.556640625 0.3115234359375 0.52734375 0.3525390640625 0.529296875 0.3623046859375 0.546875 0.3740234359375 0.546875 0.4443359359375 0.5537109359375 0.453125 0.564453125 0.4521484359375 0.58984375 0.4052734359375 0.58984375 0.3857421859375 0.5830078140625 0.37890625 0.5693359359375 0.3828125
2 0.8125 0.018554685937500003 0.833984375 0.0302734359375 0.849609375 0.016601564062499997 0.849609375 0.0029296859375 0.8154296859375 0 0.8125 0.018554685937500003
2 1 0.4892578140625 0.9833984359375 0.494140625 0.9755859359375 0.486328125 0.9638671859375 0.48828125 0.9609375 0.5068359359375 0.978515625 0.5205078140625 0.986328125 0.5419921859375 1 0.5458984359375 1 0.4892578140625
2 0.9765625 0.3818359359375 0.9384765640625 0.37109375 0.9296875 0.3779296859375 0.939453125 0.4306640640625 0.935546875 0.4658203140625 0.947265625 0.4677734359375 0.955078125 0.4619140640625 0.95703125 0.4228515640625 0.9765625 0.4072265640625 0.9765625 0.3818359359375
2 0.9345703140625 0.099609375 0.9052734359375 0.125 0.8896484359375 0.109375 0.87890625 0.11425781406249999 0.87890625 0.1689453140625 0.919921875 0.1962890640625 0.92578125 0.1884765640625 0.927734375 0.1572265640625 0.943359375 0.1455078140625 0.9345703140625 0.099609375
2 0.9423828140625 0.2578125 0.9267578140625 0.255859375 0.91796875 0.2373046859375 0.9052734359375 0.23046875 0.89453125 0.2470703140625 0.89453125 0.2880859359375 0.9228515640625 0.337890625 0.953125 0.3427734359375 0.96875 0.3271484359375 0.974609375 0.2783203140625 0.9580078140625 0.275390625 0.9423828140625 0.2578125