2 0.0625 0.06933593593750001 0.047851564062500004 0.056640625 0.024414064062499997 0.0625 0.013671875 0.08496093593750001 0.036132814062500004 0.091796875 0.045898435937499996 0.0859375 0.056640625 0.11035156406249999 0.0703125 0.11621093593750001 0.08203125 0.11230468593750001 0.08203125 0.09667968593750001 0.0703125 0.08886718593750001 0.0625 0.06933593593750001
2 0.12109375 0.2607421859375 0.142578125 0.2353515640625 0.11816406406249999 0.203125 0.115234375 0.2587890640625 0.12109375 0.2607421859375
2 0.08691406406249999 0.181640625 0.068359375 0.2373046859375 0.09765625 0.2412109359375 0.103515625 0.2314453140625 0.099609375 0.2041015640625 0.095703125 0.1884765640625 0.08691406406249999 0.181640625
2 0.181640625 0.4677734359375 0.177734375 0.4990234359375 0.177734375 0.5185546859375 0.18359375 0.5185546859375 0.205078125 0.5087890640625 0.1953125 0.4990234359375 0.1904296859375 0.4609375 0.181640625 0.4677734359375
2 0.232421875 0.6396484359375 0.2392578140625 0.650390625 0.248046875 0.6513671859375 0.25390625 0.6279296859375 0.2412109359375 0.615234375 0.232421875 0.6220703140625 0.232421875 0.6396484359375
2 0.2978515640625 0.71875 0.27734375 0.7314453140625 0.2734375 0.7490234359375 0.29296875 0.7724609359375 0.298828125 0.8017578140625 0.31640625 0.8154296859375 0.3203125 0.7978515640625 0.302734375 0.7626953140625 0.314453125 0.7236328140625 0.2978515640625 0.71875
2 0.6484375 0.7998046859375 0.6357421859375 0.787109375 0.6201171859375 0.794921875 0.6064453140625 0.77734375 0.607421875 0.7978515640625 0.619140625 0.8173828140625 0.61328125 0.8544921859375 0.634765625 0.8642578140625 0.640625 0.8916015640625 0.654296875 0.8994140640625 0.654296875 0.8720703140625 0.642578125 0.8525390640625 0.640625 0.8173828140625 0.6484375 0.7998046859375
0 0.78515625 0.4599609359375 0.783203125 0.4384765640625 0.7724609359375 0.427734375 0.76171875 0.4697265640625 0.75 0.4755859359375 0.755859375 0.4853515640625 0.75390625 0.5009765640625 0.7587890640625 0.50390625 0.7744140640625 0.490234375 0.7890625 0.5048828140625 0.7919921859375 0.482421875 0.8173828140625 0.490234375 0.8203125 0.4814453140625 0.78515625 0.4599609359375
2 0.798828125 0.3623046859375 0.7861328140625 0.3515625 0.779296875 0.4013671859375 0.794921875 0.4248046859375 0.806640625 0.4287109359375 0.81640625 0.3876953140625 0.8115234359375 0.37890625 0.798828125 0.3857421859375 0.798828125 0.3623046859375
2 0.720703125 0.1474609359375 0.7216796859375 0.126953125 0.708984375 0.1357421859375 0.701171875 0.1552734359375 0.724609375 0.1884765640625 0.728515625 0.2119140640625 0.751953125 0.2314453140625 0.7578125 0.1982421859375 0.732421875 0.1845703140625 0.732421875 0.1630859359375 0.720703125 0.1474609359375
2 0.40234375 0.1513671859375 0.412109375 0.1943359359375 0.419921875 0.2001953140625 0.4296875 0.1630859359375 0.421875 0.1416015640625 0.4052734359375 0.130859375 0.40234375 0.1513671859375
2 0.3984375 0.08105468593750001 0.3857421859375 0.056640625 0.37890625 0.0615234359375 0.369140625 0.09277343593750001 0.373046875 0.10449218593750001 0.3798828140625 0.09765625 0.4111328140625 0.095703125 0.4140625 0.09082031406249999 0.3984375 0.08105468593750001
2 0.4462890640625 0.234375 0.45703125 0.2666015640625 0.4453125 0.2744140640625 0.4453125 0.2822265640625 0.455078125 0.2998046859375 0.4609375 0.2998046859375 0.46875 0.2900390640625 0.462890625 0.2705078140625 0.466796875 0.2373046859375 0.4462890640625 0.234375
2 0.908203125 0.8447265640625 0.90234375 0.8583984359375 0.916015625 0.8623046859375 0.94140625 0.8408203140625 0.9384765640625 0.828125 0.904296875 0.8291015640625 0.908203125 0.8447265640625