2 0.265625 0.4541015640625 0.26953125 0.4365234359375 0.2490234359375 0.43359375 0.248046875 0.4501953140625 0.265625 0.4541015640625
2 0.3017578140625 0.58203125 0.3203125 0.5849609359375 0.328125 0.5771484359375 0.3232421859375 0.5625 0.298828125 0.5712890640625 0.3017578140625 0.58203125
2 0.20703125 0.3310546859375 0.208984375 0.3427734359375 0.21875 0.3427734359375 0.23828125 0.3310546859375 0.2275390640625 0.296875 0.216796875 0.3017578140625 0.20703125 0.3310546859375
2 0.2802734359375 0.525390625 0.267578125 0.5419921859375 0.2724609359375 0.55859375 0.291015625 0.5576171859375 0.30078125 0.5517578140625 0.306640625 0.5263671859375 0.2998046859375 0.515625 0.2802734359375 0.525390625
2 0.1962890640625 0.1796875 0.21484375 0.2724609359375 0.234375 0.2451171859375 0.22265625 0.2333984359375 0.20703125 0.1904296859375 0.1962890640625 0.1796875
2 0.4267578140625 0.892578125 0.4111328140625 0.876953125 0.400390625 0.9091796859375 0.4228515640625 0.904296875 0.431640625 0.9287109359375 0.443359375 0.9287109359375 0.451171875 0.9150390640625 0.447265625 0.8935546859375 0.4384765640625 0.8828125 0.4267578140625 0.892578125
2 0.54296875 0.2470703140625 0.552734375 0.2509765640625 0.5546875 0.2314453140625 0.5400390640625 0.216796875 0.53515625 0.2275390640625 0.54296875 0.2470703140625
2 0.591796875 0.3935546859375 0.595703125 0.3525390640625 0.5849609359375 0.34375 0.576171875 0.3876953140625 0.591796875 0.3935546859375
2 0.552734375 0.3193359359375 0.56640625 0.3310546859375 0.57421875 0.2841796859375 0.5703125 0.2724609359375 0.5595703140625 0.267578125 0.552734375 0.3193359359375
2 0.673828125 0.6923828140625 0.673828125 0.7001953140625 0.685546875 0.7314453140625 0.69921875 0.7353515640625 0.703125 0.7197265640625 0.697265625 0.6884765640625 0.6884765640625 0.68359375 0.673828125 0.6923828140625
2 0.630859375 0.4794921859375 0.6201171859375 0.46875 0.61328125 0.4892578140625 0.6171875 0.5263671859375 0.6328125 0.5341796859375 0.642578125 0.5634765640625 0.65625 0.5732421859375 0.654296875 0.5341796859375 0.6435546859375 0.517578125 0.6328125 0.5146484359375 0.630859375 0.4794921859375
2 0.505859375 0.1630859359375 0.513671875 0.1650390640625 0.5166015640625 0.1171875 0.5078125 0.12207031406249999 0.50390625 0.1474609359375 0.505859375 0.1630859359375
2 0.8046875 0.07714843593750001 0.8046875 0.09082031406249999 0.8125 0.09472656406249999 0.82421875 0.07714843593750001 0.8232421859375 0.052734375 0.814453125 0.0556640640625 0.8046875 0.07714843593750001
2 0.859375 0.2294921859375 0.86328125 0.1845703140625 0.8564453140625 0.1796875 0.84375 0.2158203140625 0.859375 0.2294921859375
2 0.9345703140625 0.451171875 0.94140625 0.4501953140625 0.951171875 0.4267578140625 0.9208984359375 0.408203125 0.9140625 0.4267578140625 0.9345703140625 0.451171875
2 0.775390625 0.9873046859375 0.779296875 0.9443359359375 0.7587890640625 0.919921875 0.765625 0.9755859359375 0.775390625 0.9873046859375
2 0.009765625 0.8095703140625 0.0078125 0.8232421859375 0.0234375 0.8388671859375 0.025390625 0.8603515640625 0.03515625 0.8681640640625 0.0546875 0.8173828140625 0.038085935937499996 0.814453125 0.024414064062499997 0.80078125 0.009765625 0.8095703140625