2 0.038085935937499996 0.017578125 0.022460935937500003 0.03515625 0.005859375 0.034179685937499996 0.020507814062499997 0.0625 0.05078125 0.07519531406249999 0.060546875 0.07128906406249999 0.0625 0.0537109359375 0.046875 0.038085935937499996 0.038085935937499996 0.017578125
2 0.20703125 0.3251953140625 0.189453125 0.3681640640625 0.1875 0.3916015640625 0.17578125 0.4013671859375 0.1845703140625 0.41796875 0.19921875 0.4228515640625 0.205078125 0.3720703140625 0.22265625 0.3544921859375 0.2177734359375 0.322265625 0.20703125 0.3251953140625
2 0.09082031406249999 0.24609375 0.087890625 0.2626953140625 0.09375 0.2763671859375 0.1171875 0.2958984359375 0.109375 0.3212890640625 0.1357421859375 0.33203125 0.140625 0.3447265640625 0.150390625 0.3486328140625 0.15625 0.3232421859375 0.138671875 0.2763671859375 0.11230468593750001 0.24609375 0.09082031406249999 0.24609375
2 0.208984375 0.5224609359375 0.2197265640625 0.53125 0.23828125 0.5302734359375 0.25 0.5107421859375 0.2353515640625 0.470703125 0.21875 0.4794921859375 0.208984375 0.5224609359375
2 0.302734375 0.6279296859375 0.2919921859375 0.61328125 0.27734375 0.6298828140625 0.2734375 0.6630859359375 0.259765625 0.6767578140625 0.259765625 0.6904296859375 0.2900390640625 0.71484375 0.298828125 0.7138671859375 0.310546875 0.7001953140625 0.310546875 0.6845703140625 0.298828125 0.6494140640625 0.302734375 0.6279296859375
2 0.3115234359375 0.7578125 0.2861328140625 0.794921875 0.2607421859375 0.79296875 0.255859375 0.7978515640625 0.2607421859375 0.810546875 0.28125 0.8193359359375 0.2919921859375 0.83984375 0.310546875 0.8466796859375 0.31640625 0.8330078140625 0.341796875 0.8115234359375 0.3203125 0.7939453140625 0.3115234359375 0.7578125
2 0.3935546859375 0.935546875 0.376953125 0.9189453140625 0.3623046859375 0.876953125 0.3427734359375 0.87890625 0.326171875 0.8974609359375 0.349609375 0.9189453140625 0.3359375 0.9384765640625 0.34375 0.9541015640625 0.345703125 0.9892578140625 0.3544921859375 1 0.40625 0.9990234359375 0.4140625 0.9853515640625 0.400390625 0.9697265640625 0.408203125 0.9384765640625 0.3935546859375 0.935546875
2 0.4921875 0.07519531406249999 0.47265625 0.0556640640625 0.47265625 0.047851564062500004 0.4794921859375 0.04296875 0.4912109359375 0.0625 0.5087890640625 0.056640625 0.52734375 0.0283203140625 0.5263671859375 0 0.4453125 0.0029296859375 0.447265625 0.047851564062500004 0.42578125 0.06347656406249999 0.42578125 0.07324218593750001 0.4453125 0.08300781406249999 0.4453125 0.10449218593750001 0.4541015640625 0.10546875 0.4677734359375 0.126953125 0.474609375 0.1259765640625 0.48046875 0.11230468593750001 0.47265625 0.09667968593750001 0.4921875 0.08691406406249999 0.4921875 0.07519531406249999
2 0.5498046859375 0.267578125 0.5283203140625 0.291015625 0.5146484359375 0.275390625 0.513671875 0.2998046859375 0.50390625 0.3115234359375 0.51953125 0.3330078140625 0.51953125 0.3662109359375 0.533203125 0.3681640640625 0.55078125 0.3447265640625 0.5390625 0.3173828140625 0.552734375 0.2841796859375 0.5498046859375 0.267578125
2 0.6572265640625 0.6796875 0.654296875 0.7001953140625 0.6640625 0.7490234359375 0.67578125 0.7548828140625 0.68359375 0.7412109359375 0.681640625 0.7216796859375 0.669921875 0.6884765640625 0.6572265640625 0.6796875
2 0.623046875 0.6259765640625 0.6318359359375 0.640625 0.64453125 0.6396484359375 0.671875 0.6025390640625 0.6630859359375 0.578125 0.626953125 0.5810546859375 0.623046875 0.6259765640625
2 0.8232421859375 0 0.8359375 0.0595703140625 0.849609375 0.06738281406249999 0.861328125 0.045898435937499996 0.853515625 0.0283203140625 0.85546875 0.0126953140625 0.8486328140625 0 0.8232421859375 0