2 0.22265625 0.8037109359375 0.2109375 0.7919921859375 0.205078125 0.7646484359375 0.1982421859375 0.759765625 0.1826171859375 0.78515625 0.1748046859375 0.779296875 0.162109375 0.7822265640625 0.16015625 0.8056640640625 0.169921875 0.8291015640625 0.1865234359375 0.8359375 0.197265625 0.8505859359375 0.19140625 0.8681640640625 0.201171875 0.8857421859375 0.2109375 0.8896484359375 0.21875 0.8779296859375 0.220703125 0.8505859359375 0.23046875 0.8388671859375 0.22265625 0.8037109359375
2 0.048828125 0.5380859359375 0.0625 0.5439453140625 0.09375 0.5244140640625 0.08300781406249999 0.5078125 0.05078125 0.5166015640625 0.048828125 0.5380859359375
2 0.5126953140625 0.65234375 0.5009765640625 0.650390625 0.48046875 0.6708984359375 0.5078125 0.6884765640625 0.537109375 0.6708984359375 0.5390625 0.6572265640625 0.5263671859375 0.640625 0.5126953140625 0.65234375
2 0.595703125 0.8740234359375 0.611328125 0.8740234359375 0.615234375 0.9169921859375 0.62890625 0.9365234359375 0.640625 0.9228515640625 0.62890625 0.8779296859375 0.5927734359375 0.818359375 0.595703125 0.8740234359375
2 0.5830078140625 0.75390625 0.578125 0.7412109359375 0.5654296859375 0.732421875 0.55859375 0.7509765640625 0.5625 0.7880859359375 0.5771484359375 0.794921875 0.5849609359375 0.783203125 0.599609375 0.7939453140625 0.61328125 0.7802734359375 0.611328125 0.7685546859375 0.5927734359375 0.748046875 0.5830078140625 0.75390625
2 0.490234375 0.4931640640625 0.490234375 0.4677734359375 0.4775390640625 0.46484375 0.4619140640625 0.4453125 0.45703125 0.4814453140625 0.4609375 0.5107421859375 0.44140625 0.5302734359375 0.439453125 0.5458984359375 0.4482421859375 0.55078125 0.4619140640625 0.544921875 0.470703125 0.5634765640625 0.48046875 0.5673828140625 0.48828125 0.5400390640625 0.501953125 0.5263671859375 0.501953125 0.5126953140625 0.490234375 0.4931640640625
2 0.4189453140625 0.41796875 0.4140625 0.4267578140625 0.423828125 0.4443359359375 0.423828125 0.4619140640625 0.4296875 0.4638671859375 0.44921875 0.4404296859375 0.4423828140625 0.412109375 0.4306640640625 0.419921875 0.4189453140625 0.41796875
2 0.283203125 0.0048828140625 0.27734375 0.0517578140625 0.2890625 0.06738281406249999 0.30859375 0.045898435937499996 0.310546875 0.010742185937499999 0.3056640640625 0 0.283203125 0.0048828140625
2 0.3857421859375 0.216796875 0.376953125 0.2216796859375 0.37109375 0.2587890640625 0.35546875 0.2783203140625 0.3623046859375 0.294921875 0.380859375 0.2939453140625 0.40625 0.2763671859375 0.39453125 0.2607421859375 0.392578125 0.2294921859375 0.3857421859375 0.216796875
2 0.3125 0.11425781406249999 0.330078125 0.1396484359375 0.33203125 0.1728515640625 0.353515625 0.1923828140625 0.359375 0.1767578140625 0.35546875 0.09667968593750001 0.3173828140625 0.09375 0.3125 0.11425781406249999
2 0.87890625 0.4130859359375 0.880859375 0.3759765640625 0.8759765640625 0.37109375 0.859375 0.3896484359375 0.857421875 0.4072265640625 0.84765625 0.4130859359375 0.837890625 0.4365234359375 0.857421875 0.4501953140625 0.857421875 0.4658203140625 0.86328125 0.4677734359375 0.875 0.4404296859375 0.896484375 0.4150390640625 0.8935546859375 0.41015625 0.87890625 0.4130859359375
2 0.83984375 0.3193359359375 0.837890625 0.2978515640625 0.8193359359375 0.27734375 0.8046875 0.2861328140625 0.7890625 0.3154296859375 0.798828125 0.3544921859375 0.806640625 0.3583984359375 0.814453125 0.3388671859375 0.8125 0.3212890640625 0.8349609359375 0.326171875 0.83984375 0.3193359359375
1 0.7919921859375 0.47117965625 0.7783203140625 0.47117965625 0.7802734359375 0.45946090625 0.7666015640625 0.45750778125 0.7607421859375 0.47117965625 0.74609375 0.47215621875 0.755859375 0.54832809375 0.7666015640625 0.57274215625 0.80859375 0.58739059375 0.83203125 0.52879684375 0.818359375 0.51317184375 0.80859375 0.48582809375 0.7919921859375 0.47117965625
1 0.7607421859375 0.724609375 0.7158203140625 0.734375 0.716796875 0.7490234359375 0.7216796859375 0.7421875 0.7265625 0.7548828140625 0.71484375 0.7626953140625 0.71484375 0.7724609359375 0.724609375 0.7744140640625 0.71484375 0.7939453140625 0.72265625 0.7978515640625 0.728515625 0.8173828140625 0.765625 0.8193359359375 0.7890625 0.7763671859375 0.791015625 0.7314453140625 0.7822265640625 0.724609375 0.7607421859375 0.724609375
1 0.7734375 0.8701171859375 0.775390625 0.8603515640625 0.7646484359375 0.8515625 0.7412109359375 0.857421875 0.7294921859375 0.849609375 0.72265625 0.8583984359375 0.728515625 0.8603515640625 0.72265625 0.8701171859375 0.728515625 0.8740234359375 0.720703125 0.8740234359375 0.720703125 0.8583984359375 0.7158203140625 0.857421875 0.7109375 0.8623046859375 0.716796875 0.8681640640625 0.71484375 0.8779296859375 0.72265625 0.8818359359375 0.708984375 0.8857421859375 0.7490234359375 0.921875 0.765625 0.9287109359375 0.779296875 0.9248046859375 0.783203125 0.9013671859375 0.7890625 0.8974609359375 0.7734375 0.8701171859375
2 0.97265625 0.9267578140625 0.96875 0.9580078140625 0.978515625 0.9619140640625 0.986328125 0.9560546859375 0.9853515640625 0.8984375 0.96484375 0.9111328140625 0.97265625 0.9267578140625