2 0.0009765640625 0.49609375 0 0.5263671859375 0.029296875 0.5341796859375 0.02734375 0.5087890640625 0.033203125 0.4931640640625 0.024414064062499997 0.48828125 0.0009765640625 0.49609375
2 0.11816406406249999 0.705078125 0.09667968593750001 0.705078125 0.08203125 0.7138671859375 0.08203125 0.7529296859375 0.09765625 0.7568359359375 0.11328125 0.7470703140625 0.12109375 0.7294921859375 0.123046875 0.7099609359375 0.11816406406249999 0.705078125
2 0.060546875 0.5712890640625 0.05859375 0.6142578140625 0.044921875 0.6376953140625 0.044921875 0.6494140640625 0.0546875 0.6533203140625 0.0859375 0.6396484359375 0.083984375 0.6005859359375 0.06738281406249999 0.56640625 0.060546875 0.5712890640625
2 0.1806640640625 0.90625 0.1611328140625 0.90625 0.142578125 0.9501953140625 0.1513671859375 0.95703125 0.1689453140625 0.955078125 0.173828125 0.9677734359375 0.181640625 0.9697265640625 0.203125 0.9638671859375 0.201171875 0.9462890640625 0.208984375 0.9228515640625 0.1806640640625 0.90625
2 0.15625 0.7783203140625 0.1396484359375 0.76171875 0.12890625 0.7705078140625 0.123046875 0.7939453140625 0.107421875 0.8154296859375 0.119140625 0.8388671859375 0.11328125 0.8525390640625 0.123046875 0.8701171859375 0.119140625 0.8955078140625 0.13671875 0.8994140640625 0.1484375 0.8876953140625 0.158203125 0.8447265640625 0.146484375 0.8056640640625 0.15625 0.7783203140625
2 0.451171875 0.5361328140625 0.4462890640625 0.533203125 0.435546875 0.5517578140625 0.4375 0.5947265640625 0.4150390640625 0.591796875 0.412109375 0.6064453140625 0.4248046859375 0.638671875 0.453125 0.6416015640625 0.4609375 0.6259765640625 0.451171875 0.6201171859375 0.455078125 0.5751953140625 0.451171875 0.5361328140625
2 0.36328125 0.3544921859375 0.3564453140625 0.341796875 0.3388671859375 0.337890625 0.3310546859375 0.328125 0.322265625 0.3291015640625 0.3203125 0.3525390640625 0.30078125 0.3720703140625 0.3056640640625 0.388671875 0.3203125 0.3876953140625 0.3271484359375 0.37890625 0.3427734359375 0.384765625 0.345703125 0.3681640640625 0.36328125 0.3544921859375
2 0.2734375 0.1630859359375 0.2841796859375 0.1796875 0.30078125 0.1806640640625 0.3125 0.1533203140625 0.3076171859375 0.138671875 0.2861328140625 0.14453125 0.2734375 0.1630859359375
2 0.2919921859375 0.208984375 0.2783203140625 0.20703125 0.2734375 0.2197265640625 0.2958984359375 0.2421875 0.310546875 0.2431640640625 0.318359375 0.2373046859375 0.3203125 0.2158203140625 0.3017578140625 0.193359375 0.2919921859375 0.208984375
2 0.4765625 0.7958984359375 0.48828125 0.8017578140625 0.51953125 0.7705078140625 0.5146484359375 0.755859375 0.486328125 0.7587890640625 0.4765625 0.7958984359375
2 0.521484375 0.9013671859375 0.548828125 0.9072265640625 0.560546875 0.8701171859375 0.5322265640625 0.853515625 0.5234375 0.8642578140625 0.521484375 0.9013671859375
2 0.6728515640625 0.146484375 0.69140625 0.1494140640625 0.708984375 0.1357421859375 0.6943359359375 0.1171875 0.666015625 0.1298828140625 0.6728515640625 0.146484375
2 0.728515625 0.2783203140625 0.728515625 0.2919921859375 0.7392578140625 0.3125 0.751953125 0.3115234359375 0.76171875 0.2939453140625 0.751953125 0.2626953140625 0.7431640640625 0.2578125 0.728515625 0.2783203140625
2 0.794921875 0.4736328140625 0.8056640640625 0.484375 0.81640625 0.4853515640625 0.84375 0.4716796859375 0.8447265640625 0.453125 0.796875 0.4482421859375 0.794921875 0.4736328140625
2 0.8525390640625 0.609375 0.8408203140625 0.603515625 0.8359375 0.6201171859375 0.83984375 0.6494140640625 0.8623046859375 0.67578125 0.876953125 0.6767578140625 0.892578125 0.6513671859375 0.888671875 0.6162109359375 0.8701171859375 0.60546875 0.8525390640625 0.609375
2 0.921875 0.9326171859375 0.916015625 0.9521484359375 0.935546875 0.9560546859375 0.955078125 0.9443359359375 0.95703125 0.9306640640625 0.9189453140625 0.9140625 0.921875 0.9326171859375