2 0.158203125 0.9990234359375 0.19921875 0.9990234359375 0.1796875 0.9619140640625 0.1533203140625 0.943359375 0.142578125 0.9697265640625 0.158203125 0.9990234359375
2 0.125 0.8916015640625 0.1328125 0.8662109359375 0.126953125 0.8349609359375 0.130859375 0.8232421859375 0.11425781406249999 0.822265625 0.10449218593750001 0.798828125 0.08886718593750001 0.80078125 0.07128906406249999 0.791015625 0.064453125 0.8017578140625 0.064453125 0.8291015640625 0.048828125 0.8427734359375 0.052734375 0.8662109359375 0.044921875 0.8857421859375 0.07519531406249999 0.892578125 0.08203125 0.9013671859375 0.08203125 0.9091796859375 0.0625 0.9208984359375 0.08203125 0.9287109359375 0.080078125 0.9677734359375 0.08984375 0.9814453140625 0.1015625 0.9658203140625 0.10546875 0.9228515640625 0.130859375 0.9033203140625 0.125 0.8916015640625
2 0.0517578140625 0.69140625 0.04296875 0.7001953140625 0.0390625 0.7314453140625 0.0390625 0.7490234359375 0.044921875 0.7509765640625 0.0546875 0.7275390640625 0.068359375 0.7158203140625 0.068359375 0.7021484359375 0.0517578140625 0.69140625
2 0.140625 0.07519531406249999 0.126953125 0.045898435937499996 0.11621093593750001 0.04296875 0.10449218593750001 0.060546875 0.091796875 0.06542968593750001 0.091796875 0.07324218593750001 0.111328125 0.09863281406249999 0.099609375 0.11816406406249999 0.11328125 0.1318359359375 0.1171875 0.1572265640625 0.130859375 0.1630859359375 0.158203125 0.1357421859375 0.16015625 0.12402343593750001 0.1328125 0.10644531406249999 0.140625 0.07519531406249999
2 0.224609375 0.2666015640625 0.2099609359375 0.26171875 0.1943359359375 0.23828125 0.1767578140625 0.25 0.1650390640625 0.24609375 0.162109375 0.2666015640625 0.142578125 0.2724609359375 0.14453125 0.2919921859375 0.1513671859375 0.30078125 0.166015625 0.3037109359375 0.177734375 0.3291015640625 0.1962890640625 0.3046875 0.2138671859375 0.318359375 0.22265625 0.3154296859375 0.224609375 0.2666015640625
2 0.423828125 0.8193359359375 0.4375 0.8017578140625 0.4208984359375 0.79296875 0.4072265640625 0.798828125 0.3974609359375 0.791015625 0.3623046859375 0.8125 0.353515625 0.8212890640625 0.353515625 0.8310546859375 0.3583984359375 0.83984375 0.380859375 0.8486328140625 0.369140625 0.8564453140625 0.384765625 0.8642578140625 0.3896484359375 0.8828125 0.40234375 0.8857421859375 0.416015625 0.8642578140625 0.4326171859375 0.857421875 0.44140625 0.8427734359375 0.423828125 0.8193359359375
2 0.3876953140625 0.771484375 0.3974609359375 0.76953125 0.404296875 0.7431640640625 0.404296875 0.7314453140625 0.390625 0.7177734359375 0.388671875 0.6904296859375 0.37109375 0.7021484359375 0.373046875 0.6728515640625 0.361328125 0.6650390640625 0.359375 0.6533203140625 0.3505859359375 0.6484375 0.34765625 0.6611328140625 0.3408203140625 0.66796875 0.333984375 0.6650390640625 0.3515625 0.6337890640625 0.3447265640625 0.58984375 0.3310546859375 0.6015625 0.310546875 0.6064453140625 0.31640625 0.6220703140625 0.3125 0.6416015640625 0.32421875 0.6669921859375 0.306640625 0.6669921859375 0.30859375 0.6904296859375 0.302734375 0.7001953140625 0.314453125 0.7158203140625 0.31640625 0.7392578140625 0.326171875 0.7548828140625 0.3203125 0.7666015640625 0.3203125 0.7998046859375 0.330078125 0.8037109359375 0.34375 0.7744140640625 0.3662109359375 0.76953125 0.3701171859375 0.7578125 0.3876953140625 0.771484375
2 0.7275390640625 0.91015625 0.72265625 0.9130859359375 0.728515625 0.9345703140625 0.72265625 0.9501953140625 0.7275390640625 0.9609375 0.734375 0.9599609359375 0.73046875 0.9365234359375 0.73828125 0.9306640640625 0.740234375 0.9111328140625 0.7275390640625 0.91015625
2 0.748046875 0.9462890640625 0.767578125 0.9619140640625 0.783203125 0.9189453140625 0.7626953140625 0.912109375 0.75 0.9169921859375 0.748046875 0.9462890640625
2 0.583984375 0.3603515640625 0.572265625 0.3310546859375 0.576171875 0.3076171859375 0.5556640640625 0.294921875 0.544921875 0.3349609359375 0.556640625 0.3466796859375 0.5546875 0.3681640640625 0.5673828140625 0.369140625 0.572265625 0.3759765640625 0.55859375 0.4091796859375 0.5693359359375 0.419921875 0.580078125 0.4189453140625 0.609375 0.3818359359375 0.611328125 0.3701171859375 0.6025390640625 0.359375 0.583984375 0.3603515640625
2 0.73046875 0.7548828140625 0.7333984359375 0.748046875 0.75390625 0.7412109359375 0.755859375 0.7275390640625 0.7373046859375 0.708984375 0.7275390640625 0.71484375 0.703125 0.7021484359375 0.705078125 0.6806640640625 0.697265625 0.6630859359375 0.6787109359375 0.6640625 0.673828125 0.6474609359375 0.654296875 0.6298828140625 0.65234375 0.6103515640625 0.642578125 0.5947265640625 0.640625 0.5654296859375 0.6025390640625 0.57421875 0.59765625 0.5849609359375 0.607421875 0.5947265640625 0.609375 0.6279296859375 0.6171875 0.6435546859375 0.642578125 0.6611328140625 0.64453125 0.7216796859375 0.6728515640625 0.75390625 0.6982421859375 0.751953125 0.7001953140625 0.74609375 0.7109375 0.7509765640625 0.685546875 0.7783203140625 0.685546875 0.7880859359375 0.69921875 0.7998046859375 0.705078125 0.8232421859375 0.7109375 0.8251953140625 0.7177734359375 0.810546875 0.740234375 0.7978515640625 0.73828125 0.7666015640625 0.73046875 0.7548828140625
2 0.919921875 0.3720703140625 0.919921875 0.3837890640625 0.93359375 0.3857421859375 0.955078125 0.3818359359375 0.9560546859375 0.349609375 0.9384765640625 0.349609375 0.919921875 0.3720703140625
2 0.8486328140625 0.1015625 0.83203125 0.12402343593750001 0.8515625 0.1533203140625 0.87109375 0.1396484359375 0.873046875 0.1279296859375 0.8671875 0.11230468593750001 0.8486328140625 0.1015625
2 0.9208984359375 0.283203125 0.89453125 0.3017578140625 0.892578125 0.3408203140625 0.92578125 0.3427734359375 0.93359375 0.3369140640625 0.93359375 0.3212890640625 0.9296875 0.2900390640625 0.9208984359375 0.283203125
2 0.8603515640625 0.185546875 0.8427734359375 0.203125 0.8251953140625 0.201171875 0.822265625 0.2060546859375 0.83984375 0.2275390640625 0.8359375 0.2470703140625 0.8671875 0.2548828140625 0.87890625 0.2138671859375 0.8671875 0.2060546859375 0.8671875 0.1884765640625 0.8603515640625 0.185546875
2 0.87109375 0.0009765640625 0.8310546859375 0 0.828125 0.0068359359375 0.841796875 0.034179685937499996 0.8203125 0.049804685937499996 0.822265625 0.07128906406249999 0.8330078140625 0.078125 0.857421875 0.07910156406249999 0.8828125 0.047851564062500004 0.87890625 0.034179685937499996 0.861328125 0.022460935937500003 0.87109375 0.0009765640625