2 0.025390625 0.2373046859375 0.040039064062500004 0.2578125 0.0556640640625 0.2578125 0.06933593593750001 0.271484375 0.080078125 0.2705078140625 0.080078125 0.2431640640625 0.0576171859375 0.21484375 0.040039064062500004 0.232421875 0.025390625 0.2373046859375
2 0.03515625 0.09472656406249999 0.0146484359375 0.078125 0.0009765640625 0.078125 0 0.1396484359375 0.016601564062499997 0.162109375 0.03515625 0.1630859359375 0.048828125 0.1455078140625 0.048828125 0.1376953140625 0.03515625 0.12402343593750001 0.03515625 0.09472656406249999
2 0.224609375 0.6787109359375 0.236328125 0.6806640640625 0.26171875 0.6650390640625 0.2509765640625 0.6328125 0.23046875 0.6435546859375 0.224609375 0.6787109359375
2 0.2353515640625 0.490234375 0.21875 0.4951171859375 0.1875 0.5732421859375 0.1943359359375 0.5859375 0.212890625 0.5966796859375 0.220703125 0.5869140640625 0.22265625 0.5458984359375 0.23828125 0.5302734359375 0.2353515640625 0.490234375
2 0.10644531406249999 0.4375 0.1015625 0.4482421859375 0.107421875 0.4580078140625 0.134765625 0.4794921859375 0.13671875 0.4970703140625 0.12890625 0.5126953140625 0.166015625 0.5263671859375 0.169921875 0.4873046859375 0.15234375 0.4541015640625 0.11816406406249999 0.435546875 0.10644531406249999 0.4375
2 0.291015625 0.8251953140625 0.2734375 0.8388671859375 0.2783203140625 0.8515625 0.2978515640625 0.865234375 0.306640625 0.8642578140625 0.322265625 0.8505859359375 0.3076171859375 0.767578125 0.29296875 0.7802734359375 0.291015625 0.8251953140625
2 0.32421875 0.9482421859375 0.330078125 0.9169921859375 0.3232421859375 0.904296875 0.314453125 0.9072265640625 0.306640625 0.9423828140625 0.2734375 0.9580078140625 0.2802734359375 0.97265625 0.2958984359375 0.97265625 0.318359375 0.9970703140625 0.3271484359375 0.98046875 0.349609375 0.9697265640625 0.3466796859375 0.9609375 0.32421875 0.9482421859375
2 0.556640625 0.4560546859375 0.5556640640625 0.435546875 0.5341796859375 0.455078125 0.5224609359375 0.443359375 0.515625 0.4501953140625 0.517578125 0.4658203140625 0.509765625 0.4794921859375 0.525390625 0.4873046859375 0.525390625 0.5263671859375 0.53125 0.5283203140625 0.5546875 0.5087890640625 0.556640625 0.4990234359375 0.546875 0.4775390640625 0.556640625 0.4560546859375
2 0.6591796859375 0.82421875 0.65625 0.8427734359375 0.666015625 0.8623046859375 0.66796875 0.8896484359375 0.677734375 0.8955078140625 0.6875 0.8837890640625 0.685546875 0.8642578140625 0.673828125 0.8330078140625 0.6591796859375 0.82421875
2 0.630859375 0.7255859359375 0.626953125 0.7705078140625 0.64453125 0.7861328140625 0.673828125 0.7548828140625 0.67578125 0.7431640640625 0.6650390640625 0.7265625 0.630859375 0.7255859359375
2 0.869140625 0.3857421859375 0.875 0.3583984359375 0.8623046859375 0.349609375 0.857421875 0.3740234359375 0.869140625 0.3857421859375
2 0.79296875 0.06347656406249999 0.79296875 0.08300781406249999 0.802734375 0.08300781406249999 0.814453125 0.07714843593750001 0.81640625 0.041992185937499996 0.8115234359375 0.037109375 0.79296875 0.06347656406249999
2 0.8623046859375 0.29296875 0.8515625 0.3017578140625 0.8515625 0.3134765640625 0.8671875 0.3369140640625 0.888671875 0.3154296859375 0.892578125 0.2939453140625 0.8876953140625 0.2890625 0.8623046859375 0.29296875
2 0.8203125 0.1845703140625 0.833984375 0.2294921859375 0.8408203140625 0.23828125 0.84765625 0.2373046859375 0.859375 0.2060546859375 0.845703125 0.1708984359375 0.8251953140625 0.158203125 0.8203125 0.1845703140625
2 0.947265625 0.5791015640625 0.955078125 0.5986328140625 0.962890625 0.6005859359375 0.9765625 0.5908203140625 0.9765625 0.5810546859375 0.9658203140625 0.572265625 0.947265625 0.5791015640625
2 1 0.7392578140625 0.9853515640625 0.74609375 0.98046875 0.7412109359375 0.984375 0.7294921859375 0.9775390640625 0.724609375 0.953125 0.7431640640625 0.953125 0.7529296859375 0.984375 0.7822265640625 1 0.7587890640625 1 0.7392578140625
2 0.498046875 0.2568359359375 0.4765625 0.2373046859375 0.4736328140625 0.21875 0.4599609359375 0.220703125 0.45703125 0.2333984359375 0.4345703140625 0.240234375 0.43359375 0.2490234359375 0.451171875 0.2607421859375 0.44921875 0.2783203140625 0.4599609359375 0.279296875 0.4736328140625 0.298828125 0.48046875 0.2978515640625 0.486328125 0.2880859359375 0.4765625 0.2724609359375 0.4951171859375 0.265625 0.498046875 0.2568359359375
2 0.4111328140625 0.10546875 0.3955078140625 0.111328125 0.384765625 0.12402343593750001 0.384765625 0.1357421859375 0.40234375 0.1591796859375 0.431640625 0.1708984359375 0.451171875 0.1376953140625 0.4384765640625 0.099609375 0.4228515640625 0.1171875 0.4111328140625 0.10546875
0 0.533203125 0.09667968593750001 0.52734375 0.0556640640625 0.5146484359375 0.041015625 0.4892578140625 0.0625 0.4794921859375 0.046875 0.46875 0.0517578140625 0.474609375 0.08496093593750001 0.4609375 0.11621093593750001 0.451171875 0.12402343593750001 0.44921875 0.1494140640625 0.451171875 0.1845703140625 0.4677734359375 0.193359375 0.4765625 0.2080078140625 0.4765625 0.2177734359375 0.46875 0.2236328140625 0.4873046859375 0.220703125 0.4990234359375 0.236328125 0.505859375 0.2353515640625 0.529296875 0.2099609359375 0.552734375 0.1552734359375 0.55078125 0.1259765640625 0.533203125 0.09667968593750001