2 0.494140625 0.08300781406249999 0.47265625 0.0517578140625 0.4814453140625 0.044921875 0.4931640640625 0.064453125 0.5087890640625 0.056640625 0.52734375 0.0302734359375 0.5283203140625 0 0.4453125 0.0009765640625 0.447265625 0.0517578140625 0.42578125 0.07324218593750001 0.4345703140625 0.083984375 0.4453125 0.08496093593750001 0.4453125 0.10449218593750001 0.4560546859375 0.107421875 0.4697265640625 0.126953125 0.4765625 0.1259765640625 0.48046875 0.11035156406249999 0.474609375 0.09472656406249999 0.4912109359375 0.091796875 0.494140625 0.08300781406249999
2 0.5517578140625 0.2734375 0.5439453140625 0.2734375 0.5302734359375 0.291015625 0.5146484359375 0.279296875 0.513671875 0.3037109359375 0.50390625 0.3134765640625 0.521484375 0.3310546859375 0.521484375 0.3681640640625 0.533203125 0.3681640640625 0.55078125 0.3466796859375 0.54296875 0.3154296859375 0.552734375 0.2900390640625 0.5517578140625 0.2734375
2 0.6298828140625 0.576171875 0.625 0.5810546859375 0.623046875 0.6220703140625 0.630859375 0.6376953140625 0.638671875 0.6396484359375 0.671875 0.6025390640625 0.6650390640625 0.578125 0.6494140640625 0.58203125 0.6298828140625 0.576171875
2 0.6591796859375 0.6796875 0.654296875 0.6943359359375 0.6640625 0.7177734359375 0.666015625 0.7490234359375 0.67578125 0.7529296859375 0.68359375 0.7431640640625 0.68359375 0.7216796859375 0.671875 0.6884765640625 0.6591796859375 0.6796875
2 1 0.6005859359375 0.9892578140625 0.6015625 0.98828125 0.5888671859375 0.9814453140625 0.5859375 0.9599609359375 0.599609375 0.955078125 0.6103515640625 0.978515625 0.6298828140625 0.98046875 0.6435546859375 0.98828125 0.6455078140625 1 0.6259765640625 1 0.6005859359375
2 0.958984375 0.4482421859375 0.966796875 0.4501953140625 0.982421875 0.4365234359375 0.9736328140625 0.419921875 0.951171875 0.4306640640625 0.958984375 0.4482421859375
2 0.859375 0.2177734359375 0.875 0.2294921859375 0.880859375 0.1982421859375 0.8701171859375 0.19140625 0.859375 0.2041015640625 0.859375 0.2177734359375
2 0.85546875 0.1357421859375 0.853515625 0.1474609359375 0.876953125 0.1689453140625 0.8984375 0.1337890640625 0.8935546859375 0.123046875 0.8623046859375 0.126953125 0.85546875 0.1357421859375
2 0.8251953140625 0 0.8359375 0.0556640640625 0.849609375 0.06542968593750001 0.861328125 0.045898435937499996 0.85546875 0.008789064062500001 0.8505859359375 0 0.8251953140625 0
2 0.041992185937499996 0.025390625 0.0263671859375 0.046875 0.0078125 0.043945314062500004 0.020507814062499997 0.06640625 0.040039064062500004 0.0703125 0.0576171859375 0.087890625 0.06640625 0.08691406406249999 0.068359375 0.06738281406249999 0.0576171859375 0.052734375 0.046875 0.049804685937499996 0.041992185937499996 0.025390625
2 0.10839843593750001 0.2578125 0.09277343593750001 0.259765625 0.0859375 0.2685546859375 0.091796875 0.2841796859375 0.10058593593750001 0.29296875 0.11621093593750001 0.291015625 0.123046875 0.3017578140625 0.126953125 0.3193359359375 0.11328125 0.3251953140625 0.11328125 0.3369140640625 0.1259765640625 0.33984375 0.1376953140625 0.333984375 0.14453125 0.3486328140625 0.154296875 0.3525390640625 0.15234375 0.2998046859375 0.1357421859375 0.27734375 0.12207031406249999 0.2734375 0.10839843593750001 0.2578125
2 0.2265625 0.3271484359375 0.2197265640625 0.322265625 0.208984375 0.3271484359375 0.189453125 0.3701171859375 0.189453125 0.3935546859375 0.177734375 0.4033203140625 0.177734375 0.4111328140625 0.201171875 0.4306640640625 0.20703125 0.4228515640625 0.208984375 0.3701171859375 0.224609375 0.3642578140625 0.2265625 0.3271484359375
2 0.28125 0.6337890640625 0.28515625 0.6669921859375 0.26171875 0.6767578140625 0.2685546859375 0.693359375 0.29296875 0.7060546859375 0.3125 0.6962890640625 0.298828125 0.6572265640625 0.2998046859375 0.615234375 0.28125 0.6337890640625
2 0.3095703140625 0.759765625 0.2939453140625 0.791015625 0.2763671859375 0.77734375 0.2685546859375 0.77734375 0.265625 0.7880859359375 0.2890625 0.8115234359375 0.291015625 0.8349609359375 0.314453125 0.8408203140625 0.34375 0.8115234359375 0.31640625 0.7978515640625 0.3203125 0.7724609359375 0.3095703140625 0.759765625
2 0.4091796859375 0.939453125 0.3857421859375 0.939453125 0.3759765640625 0.921875 0.3525390640625 0.9375 0.341796875 0.9365234359375 0.349609375 0.9853515640625 0.3623046859375 1 0.416015625 0.9990234359375 0.390625 0.9755859359375 0.392578125 0.9658203140625 0.40625 0.9560546859375 0.4091796859375 0.939453125
2 0.330078125 0.9013671859375 0.341796875 0.9052734359375 0.349609375 0.8994140640625 0.3486328140625 0.884765625 0.330078125 0.8935546859375 0.330078125 0.9013671859375