2 0.05859375 0.2744140640625 0.060546875 0.3193359359375 0.078125 0.3232421859375 0.099609375 0.2978515640625 0.08984375 0.2724609359375 0.06933593593750001 0.265625 0.05859375 0.2744140640625
2 0.048828125 0.1318359359375 0.041992185937499996 0.12109375 0.033203125 0.12402343593750001 0.03125 0.1630859359375 0.037109375 0.1748046859375 0.0234375 0.1884765640625 0.017578125 0.2060546859375 0.022460935937500003 0.21875 0.03515625 0.2197265640625 0.0625 0.2041015640625 0.0625 0.1826171859375 0.052734375 0.1689453140625 0.048828125 0.1318359359375
2 0.1630859359375 0.490234375 0.1494140640625 0.462890625 0.142578125 0.4716796859375 0.142578125 0.4931640640625 0.123046875 0.5146484359375 0.16796875 0.5439453140625 0.189453125 0.5302734359375 0.193359375 0.4873046859375 0.1845703140625 0.482421875 0.1630859359375 0.490234375
2 0.12011718593750001 0.31640625 0.109375 0.3232421859375 0.10546875 0.3408203140625 0.080078125 0.3583984359375 0.095703125 0.3876953140625 0.09375 0.4111328140625 0.1015625 0.4443359359375 0.11621093593750001 0.462890625 0.125 0.4619140640625 0.142578125 0.4287109359375 0.142578125 0.3876953140625 0.126953125 0.3212890640625 0.12011718593750001 0.31640625
2 0.2685546859375 0.72265625 0.2578125 0.7412109359375 0.24609375 0.7451171859375 0.2421875 0.7958984359375 0.25390625 0.7998046859375 0.263671875 0.7939453140625 0.26953125 0.7724609359375 0.279296875 0.7666015640625 0.2685546859375 0.72265625
2 0.2138671859375 0.64453125 0.2080078140625 0.642578125 0.20703125 0.6591796859375 0.2333984359375 0.685546875 0.25 0.6865234359375 0.255859375 0.6708984359375 0.248046875 0.6533203140625 0.2275390640625 0.6328125 0.2138671859375 0.64453125
2 0.318359375 0.9951171859375 0.3193359359375 1 0.337890625 0.9990234359375 0.34765625 0.9833984359375 0.3427734359375 0.962890625 0.322265625 0.9755859359375 0.318359375 0.9951171859375
2 0.44921875 0.11425781406249999 0.4453125 0.07324218593750001 0.4404296859375 0.0703125 0.427734375 0.09863281406249999 0.4296875 0.1259765640625 0.4130859359375 0.11328125 0.40234375 0.12402343593750001 0.419921875 0.1591796859375 0.4140625 0.1865234359375 0.447265625 0.1943359359375 0.455078125 0.1669921859375 0.447265625 0.1611328140625 0.443359375 0.1376953140625 0.44921875 0.11425781406249999
2 0.48046875 0.3369140640625 0.47265625 0.3583984359375 0.48046875 0.3720703140625 0.51171875 0.3447265640625 0.5126953140625 0.32421875 0.4990234359375 0.32421875 0.48046875 0.3369140640625
2 0.525390625 0.4873046859375 0.546875 0.4892578140625 0.560546875 0.4501953140625 0.5263671859375 0.431640625 0.521484375 0.4365234359375 0.525390625 0.4873046859375
2 0.564453125 0.6005859359375 0.568359375 0.6123046859375 0.576171875 0.6142578140625 0.591796875 0.5986328140625 0.5849609359375 0.564453125 0.576171875 0.5693359359375 0.564453125 0.6005859359375
2 0.6328125 0.7177734359375 0.6328125 0.6884765640625 0.6181640640625 0.673828125 0.607421875 0.6962890640625 0.6328125 0.7177734359375
2 0.9375 0.5224609359375 0.935546875 0.5439453140625 0.94921875 0.5498046859375 0.978515625 0.5263671859375 0.9755859359375 0.51171875 0.9541015640625 0.51171875 0.9375 0.5224609359375
2 0.912109375 0.1904296859375 0.900390625 0.1806640640625 0.904296875 0.1572265640625 0.8876953140625 0.140625 0.8740234359375 0.154296875 0.8623046859375 0.146484375 0.849609375 0.1513671859375 0.85546875 0.1611328140625 0.8515625 0.1884765640625 0.857421875 0.2158203140625 0.876953125 0.2255859359375 0.8798828140625 0.220703125 0.8955078140625 0.224609375 0.912109375 0.2001953140625 0.912109375 0.1904296859375
2 0.826171875 0.016601564062499997 0.857421875 0.0009765640625 0.8046875 0.0009765640625 0.8134765640625 0.017578125 0.826171875 0.016601564062499997
2 0.9814453140625 0.666015625 0.9921875 0.6669921859375 1 0.6630859359375 0.9990234359375 0.619140625 0.974609375 0.6533203140625 0.9814453140625 0.666015625