2 0.12109375 0.038085935937499996 0.1279296859375 0.046875 0.162109375 0.0615234359375 0.171875 0.041992185937499996 0.1611328140625 0.015625 0.123046875 0.0263671859375 0.12109375 0.038085935937499996
2 0.185546875 0.1455078140625 0.212890625 0.1787109359375 0.220703125 0.1513671859375 0.2099609359375 0.115234375 0.185546875 0.1318359359375 0.185546875 0.1455078140625
2 0.2158203140625 0.1953125 0.2060546859375 0.20703125 0.193359375 0.2060546859375 0.197265625 0.2275390640625 0.181640625 0.2392578140625 0.181640625 0.2509765640625 0.1904296859375 0.2578125 0.205078125 0.2568359359375 0.224609375 0.2392578140625 0.234375 0.2119140640625 0.2314453140625 0.193359375 0.2158203140625 0.1953125
2 0.26953125 0.3564453140625 0.267578125 0.3818359359375 0.259765625 0.3916015640625 0.263671875 0.4072265640625 0.2578125 0.4150390640625 0.263671875 0.4384765640625 0.26953125 0.4404296859375 0.294921875 0.4169921859375 0.291015625 0.3837890640625 0.2763671859375 0.353515625 0.26953125 0.3564453140625
2 0.03515625 0.7607421859375 0.044921875 0.7666015640625 0.0625 0.7490234359375 0.0576171859375 0.73828125 0.033203125 0.7509765640625 0.03515625 0.7607421859375
2 0.013671875 0.6376953140625 0.017578125 0.6025390640625 0.0009765640625 0.591796875 0 0.6318359359375 0.013671875 0.6376953140625
2 0.005859375 0.6748046859375 0.0078125 0.7021484359375 0.017578125 0.7080078140625 0.03515625 0.6787109359375 0.020507814062499997 0.654296875 0.01171875 0.6572265640625 0.005859375 0.6748046859375
2 0.10253906406249999 0.8671875 0.09082031406249999 0.87890625 0.07714843593750001 0.875 0.06640625 0.8955078140625 0.07324218593750001 0.90625 0.09375 0.9111328140625 0.123046875 0.8837890640625 0.12011718593750001 0.87890625 0.10839843593750001 0.880859375 0.10253906406249999 0.8671875
2 0.3740234359375 0.693359375 0.38671875 0.6923828140625 0.40234375 0.6591796859375 0.3779296859375 0.64453125 0.369140625 0.6865234359375 0.3740234359375 0.693359375
2 0.4072265640625 0.7265625 0.390625 0.7431640640625 0.390625 0.7529296859375 0.40625 0.7822265640625 0.40625 0.8037109359375 0.41796875 0.8271484359375 0.4306640640625 0.841796875 0.4375 0.8408203140625 0.439453125 0.8134765640625 0.423828125 0.7646484359375 0.423828125 0.7431640640625 0.4072265640625 0.7265625
2 0.486328125 0.8251953140625 0.4814453140625 0.8203125 0.42578125 0.8564453140625 0.42578125 0.8701171859375 0.4365234359375 0.8828125 0.4521484359375 0.880859375 0.4619140640625 0.896484375 0.474609375 0.8974609359375 0.498046875 0.8759765640625 0.498046875 0.8662109359375 0.482421875 0.8583984359375 0.486328125 0.8251953140625
2 0.8662109359375 0.951171875 0.8671875 0.9697265640625 0.87890625 0.9814453140625 0.888671875 0.9677734359375 0.888671875 0.9560546859375 0.8798828140625 0.94921875 0.8662109359375 0.951171875
2 0.8583984359375 1 0.875 0.9990234359375 0.8564453140625 0.966796875 0.841796875 0.9755859359375 0.83984375 0.9833984359375 0.8583984359375 1
2 0.830078125 0.7392578140625 0.7998046859375 0.7109375 0.79296875 0.7294921859375 0.802734375 0.7666015640625 0.798828125 0.7841796859375 0.8203125 0.8583984359375 0.828125 0.8583984359375 0.828125 0.7998046859375 0.8359375 0.7900390640625 0.828125 0.7744140640625 0.830078125 0.7392578140625
2 0.765625 0.5615234359375 0.7568359359375 0.55078125 0.7294921859375 0.548828125 0.72265625 0.5771484359375 0.75 0.5869140640625 0.73828125 0.6201171859375 0.759765625 0.6240234359375 0.7802734359375 0.6171875 0.787109375 0.5986328140625 0.763671875 0.5869140640625 0.765625 0.5615234359375
2 0.646484375 0.3896484359375 0.6533203140625 0.408203125 0.673828125 0.4111328140625 0.689453125 0.3857421859375 0.6923828140625 0.353515625 0.6748046859375 0.37890625 0.646484375 0.3896484359375
2 0.5966796859375 0.126953125 0.59375 0.1552734359375 0.6171875 0.1611328140625 0.626953125 0.1533203140625 0.623046875 0.1337890640625 0.6103515640625 0.125 0.5966796859375 0.126953125
2 0.6220703140625 0.21484375 0.615234375 0.2255859359375 0.62109375 0.2509765640625 0.619140625 0.2939453140625 0.630859375 0.2998046859375 0.640625 0.2880859359375 0.638671875 0.2412109359375 0.6328125 0.2216796859375 0.6220703140625 0.21484375
2 0.576171875 0.06933593593750001 0.57421875 0.09472656406249999 0.5859375 0.10644531406249999 0.599609375 0.020507814062499997 0.5791015640625 0.01171875 0.568359375 0.0576171859375 0.576171875 0.06933593593750001