2 0.1630859359375 0.978515625 0.15625 0.9970703140625 0.212890625 0.9990234359375 0.2080078140625 0.986328125 0.1845703140625 0.9765625 0.1728515640625 0.984375 0.1630859359375 0.978515625
2 0 0.5986328140625 0.018554685937500003 0.609375 0.029296875 0.6083984359375 0.025390625 0.5810546859375 0.03125 0.5654296859375 0.0029296859375 0.56640625 0 0.5986328140625
2 0.09667968593750001 0.77734375 0.08203125 0.7880859359375 0.0859375 0.8271484359375 0.103515625 0.8271484359375 0.123046875 0.7958984359375 0.125 0.7783203140625 0.12011718593750001 0.7734375 0.09667968593750001 0.77734375
2 0.05859375 0.6455078140625 0.05859375 0.6884765640625 0.046875 0.7099609359375 0.046875 0.7197265640625 0.05859375 0.7236328140625 0.08984375 0.7080078140625 0.083984375 0.6708984359375 0.06738281406249999 0.638671875 0.05859375 0.6455078140625
2 0.158203125 0.8447265640625 0.1455078140625 0.837890625 0.12890625 0.8466796859375 0.107421875 0.8876953140625 0.111328125 0.9013671859375 0.125 0.9091796859375 0.115234375 0.9208984359375 0.123046875 0.9384765640625 0.12109375 0.9619140640625 0.1279296859375 0.96875 0.140625 0.9677734359375 0.158203125 0.9228515640625 0.158203125 0.9033203140625 0.1484375 0.8798828140625 0.158203125 0.8447265640625
2 0.4501953140625 0.60546875 0.4375 0.6337890640625 0.4375 0.6650390640625 0.4150390640625 0.658203125 0.4140625 0.6728515640625 0.423828125 0.6884765640625 0.419921875 0.7060546859375 0.4345703140625 0.71484375 0.455078125 0.7158203140625 0.4609375 0.7001953140625 0.451171875 0.6923828140625 0.45703125 0.6201171859375 0.4501953140625 0.60546875
2 0.2880859359375 0.21875 0.2734375 0.2373046859375 0.275390625 0.2490234359375 0.2861328140625 0.2578125 0.30078125 0.2587890640625 0.310546875 0.2431640640625 0.310546875 0.2197265640625 0.3037109359375 0.21484375 0.2880859359375 0.21875
2 0.2998046859375 0.263671875 0.2919921859375 0.28125 0.2802734359375 0.28125 0.271484375 0.2900390640625 0.3046875 0.3193359359375 0.318359375 0.3115234359375 0.3203125 0.2880859359375 0.30859375 0.2666015640625 0.2998046859375 0.263671875
2 0.36328125 0.4267578140625 0.3564453140625 0.4140625 0.3291015640625 0.40234375 0.3203125 0.4111328140625 0.32421875 0.4287109359375 0.3046875 0.4541015640625 0.3095703140625 0.46875 0.3203125 0.4677734359375 0.3271484359375 0.4609375 0.3427734359375 0.4609375 0.345703125 0.4443359359375 0.36328125 0.4267578140625
2 0.224609375 0.018554685937500003 0.2255859359375 0 0.201171875 0.0009765640625 0.2158203140625 0.017578125 0.224609375 0.018554685937500003
2 0.5146484359375 0.828125 0.48828125 0.8271484359375 0.48046875 0.8662109359375 0.490234375 0.8720703140625 0.4990234359375 0.85546875 0.515625 0.8486328140625 0.51953125 0.8330078140625 0.5146484359375 0.828125
2 0.5458984359375 0.939453125 0.5361328140625 0.923828125 0.525390625 0.9365234359375 0.525390625 0.9521484359375 0.533203125 0.9638671859375 0.5234375 0.9794921859375 0.533203125 0.9833984359375 0.55078125 0.9775390640625 0.560546875 0.9541015640625 0.560546875 0.9423828140625 0.5458984359375 0.939453125
2 0.8681640640625 0.677734375 0.8583984359375 0.68359375 0.8427734359375 0.671875 0.837890625 0.6748046859375 0.841796875 0.7177734359375 0.861328125 0.7451171859375 0.875 0.7509765640625 0.896484375 0.7197265640625 0.888671875 0.7041015640625 0.888671875 0.6826171859375 0.8681640640625 0.677734375
2 0.8017578140625 0.5234375 0.794921875 0.5283203140625 0.794921875 0.5439453140625 0.81640625 0.5576171859375 0.8388671859375 0.556640625 0.845703125 0.5400390640625 0.8349609359375 0.53125 0.8017578140625 0.5234375
2 0.728515625 0.3505859359375 0.728515625 0.3603515640625 0.7392578140625 0.37890625 0.75390625 0.3798828140625 0.76171875 0.3662109359375 0.748046875 0.3505859359375 0.7451171859375 0.33203125 0.728515625 0.3505859359375
2 0.6748046859375 0.220703125 0.69140625 0.2216796859375 0.70703125 0.2099609359375 0.6943359359375 0.185546875 0.666015625 0.2080078140625 0.6748046859375 0.220703125
2 0.5986328140625 0.0234375 0.595703125 0.06347656406249999 0.60546875 0.06738281406249999 0.623046875 0.0517578140625 0.625 0.041992185937499996 0.6181640640625 0.03125 0.5986328140625 0.0234375