2 0.0009765640625 0.56640625 0 0.5966796859375 0.010742185937499999 0.59375 0.018554685937500003 0.603515625 0.029296875 0.6044921859375 0.0234375 0.5791015640625 0.033203125 0.5654296859375 0.024414064062499997 0.560546875 0.0009765640625 0.56640625
2 0.083984375 0.6708984359375 0.06738281406249999 0.638671875 0.060546875 0.6416015640625 0.060546875 0.6865234359375 0.044921875 0.7099609359375 0.0546875 0.7216796859375 0.06933593593750001 0.712890625 0.087890625 0.7119140640625 0.080078125 0.6982421859375 0.083984375 0.6708984359375
2 0.08203125 0.7861328140625 0.0859375 0.8251953140625 0.099609375 0.8251953140625 0.12109375 0.7958984359375 0.12402343593750001 0.771484375 0.11425781406249999 0.76953125 0.08203125 0.7861328140625
2 0.1435546859375 0.8359375 0.130859375 0.8447265640625 0.107421875 0.8876953140625 0.126953125 0.9111328140625 0.115234375 0.9208984359375 0.125 0.9365234359375 0.12109375 0.9599609359375 0.140625 0.9658203140625 0.158203125 0.9208984359375 0.1484375 0.8779296859375 0.158203125 0.8466796859375 0.1435546859375 0.8359375
2 0.1611328140625 0.978515625 0.154296875 0.9990234359375 0.2109375 0.9990234359375 0.2109375 0.9892578140625 0.1923828140625 0.978515625 0.1767578140625 0.984375 0.1611328140625 0.978515625
2 0.2734375 0.2353515640625 0.2763671859375 0.25 0.30078125 0.2568359359375 0.310546875 0.2470703140625 0.3095703140625 0.21484375 0.2861328140625 0.21875 0.2734375 0.2353515640625
2 0.486328125 0.8291015640625 0.478515625 0.8642578140625 0.48828125 0.8701171859375 0.515625 0.8505859359375 0.51953125 0.8310546859375 0.5146484359375 0.826171875 0.486328125 0.8291015640625
2 0.2919921859375 0.28125 0.2763671859375 0.283203125 0.2734375 0.2939453140625 0.2998046859375 0.31640625 0.30859375 0.3154296859375 0.318359375 0.3095703140625 0.3203125 0.2880859359375 0.3037109359375 0.263671875 0.2919921859375 0.28125
2 0.5458984359375 0.935546875 0.5380859359375 0.923828125 0.53125 0.9248046859375 0.5234375 0.9404296859375 0.529296875 0.9599609359375 0.525390625 0.9794921859375 0.53515625 0.9814453140625 0.5517578140625 0.9765625 0.560546875 0.9560546859375 0.55859375 0.9384765640625 0.5458984359375 0.935546875
2 0.361328125 0.4345703140625 0.361328125 0.4189453140625 0.3310546859375 0.40234375 0.322265625 0.4072265640625 0.32421875 0.4287109359375 0.3046875 0.4541015640625 0.3115234359375 0.46875 0.3203125 0.4677734359375 0.3310546859375 0.458984375 0.3427734359375 0.4609375 0.345703125 0.4443359359375 0.361328125 0.4345703140625
2 0.4423828140625 0.60546875 0.431640625 0.6357421859375 0.4296875 0.6650390640625 0.4150390640625 0.66796875 0.41015625 0.6787109359375 0.4267578140625 0.71484375 0.451171875 0.7177734359375 0.46484375 0.7001953140625 0.455078125 0.6923828140625 0.451171875 0.6103515640625 0.4423828140625 0.60546875
2 0.595703125 0.06347656406249999 0.603515625 0.06738281406249999 0.623046875 0.049804685937499996 0.623046875 0.036132814062500004 0.5986328140625 0.0234375 0.595703125 0.06347656406249999
2 0.7431640640625 0.333984375 0.732421875 0.3564453140625 0.73828125 0.3759765640625 0.75390625 0.3798828140625 0.76171875 0.3662109359375 0.74609375 0.3505859359375 0.748046875 0.3369140640625 0.7431640640625 0.333984375
2 0.6708984359375 0.197265625 0.666015625 0.2099609359375 0.6728515640625 0.21875 0.693359375 0.2197265640625 0.70703125 0.2119140640625 0.70703125 0.2021484359375 0.6904296859375 0.185546875 0.6708984359375 0.197265625
2 0.794921875 0.5478515640625 0.81640625 0.5615234359375 0.84375 0.5478515640625 0.8408203140625 0.52734375 0.796875 0.5263671859375 0.794921875 0.5478515640625
2 0.8564453140625 0.681640625 0.8427734359375 0.671875 0.8359375 0.6806640640625 0.84375 0.7275390640625 0.8662109359375 0.75 0.875 0.7509765640625 0.89453125 0.7197265640625 0.890625 0.6865234359375 0.8837890640625 0.677734375 0.8564453140625 0.681640625