2 0 0.2451171859375 0.0146484359375 0.248046875 0.029296875 0.2666015640625 0.029296875 0.2783203140625 0.037109375 0.2802734359375 0.056640625 0.2646484359375 0.02734375 0.2001953140625 0.018554685937500003 0.197265625 0.0146484359375 0.2109375 0 0.2119140640625 0 0.2451171859375
2 0.111328125 0.4755859359375 0.12011718593750001 0.494140625 0.126953125 0.4931640640625 0.134765625 0.4599609359375 0.09472656406249999 0.44921875 0.091796875 0.4619140640625 0.111328125 0.4755859359375
2 0.232421875 0.7373046859375 0.24609375 0.7626953140625 0.259765625 0.7666015640625 0.263671875 0.7431640640625 0.255859375 0.7158203140625 0.2490234359375 0.7109375 0.232421875 0.7373046859375
2 0.306640625 0.9482421859375 0.3125 0.9287109359375 0.2998046859375 0.9140625 0.294921875 0.9365234359375 0.306640625 0.9482421859375
2 0.603515625 0.6787109359375 0.6162109359375 0.6953125 0.623046875 0.6943359359375 0.623046875 0.6513671859375 0.6044921859375 0.634765625 0.59765625 0.6416015640625 0.603515625 0.6787109359375
2 0.6201171859375 0.806640625 0.630859375 0.8076171859375 0.650390625 0.7607421859375 0.6279296859375 0.75 0.61328125 0.7939453140625 0.6201171859375 0.806640625
2 0.634765625 0.8544921859375 0.6328125 0.8916015640625 0.640625 0.8955078140625 0.666015625 0.8701171859375 0.6640625 0.8564453140625 0.6474609359375 0.837890625 0.634765625 0.8544921859375
2 0.478515625 0.3037109359375 0.48046875 0.2724609359375 0.4755859359375 0.267578125 0.47265625 0.3017578140625 0.478515625 0.3037109359375
2 0.486328125 0.4560546859375 0.494140625 0.4580078140625 0.505859375 0.4404296859375 0.498046875 0.4189453140625 0.4853515640625 0.4140625 0.486328125 0.4560546859375
2 0.5390625 0.6064453140625 0.537109375 0.6201171859375 0.5625 0.6416015640625 0.5703125 0.6162109359375 0.56640625 0.5947265640625 0.5556640640625 0.587890625 0.5390625 0.6064453140625
2 0.4609375 0.3583984359375 0.46484375 0.3740234359375 0.4814453140625 0.380859375 0.4892578140625 0.39453125 0.505859375 0.3955078140625 0.5078125 0.3779296859375 0.494140625 0.3505859359375 0.4697265640625 0.345703125 0.4609375 0.3583984359375
2 0.53515625 0.4716796859375 0.5244140640625 0.453125 0.50390625 0.4970703140625 0.509765625 0.5439453140625 0.517578125 0.5498046859375 0.533203125 0.5302734359375 0.533203125 0.5048828140625 0.5390625 0.4990234359375 0.53515625 0.4716796859375
2 0.4619140640625 0.185546875 0.421875 0.2314453140625 0.4287109359375 0.2421875 0.4453125 0.2412109359375 0.45703125 0.2392578140625 0.466796875 0.2138671859375 0.466796875 0.1884765640625 0.4619140640625 0.185546875
2 0.392578125 0.022460935937500003 0.392578125 0.0009765640625 0.3779296859375 0 0.37109375 0.022460935937500003 0.376953125 0.06542968593750001 0.369140625 0.08496093593750001 0.380859375 0.11621093593750001 0.408203125 0.1416015640625 0.41015625 0.10058593593750001 0.3984375 0.07714843593750001 0.400390625 0.038085935937499996 0.392578125 0.022460935937500003
2 0.830078125 0.1611328140625 0.8515625 0.1787109359375 0.85546875 0.1669921859375 0.84765625 0.1337890640625 0.8349609359375 0.123046875 0.830078125 0.1611328140625
2 0.849609375 0.2216796859375 0.86328125 0.2333984359375 0.8671875 0.2587890640625 0.875 0.2587890640625 0.8828125 0.2431640640625 0.884765625 0.1787109359375 0.8798828140625 0.173828125 0.849609375 0.2216796859375
2 0.9296875 0.4404296859375 0.94140625 0.4443359359375 0.95703125 0.4267578140625 0.9501953140625 0.41015625 0.92578125 0.4150390640625 0.9296875 0.4404296859375