2 0.12402343593750001 0.767578125 0.1376953140625 0.76953125 0.14453125 0.7626953140625 0.1357421859375 0.73046875 0.109375 0.7294921859375 0.115234375 0.6962890640625 0.10644531406249999 0.6875 0.09375 0.6904296859375 0.091796875 0.7080078140625 0.08203125 0.7158203140625 0.08984375 0.7509765640625 0.078125 0.7705078140625 0.08203125 0.7802734359375 0.09863281406249999 0.7578125 0.109375 0.7626953140625 0.11621093593750001 0.779296875 0.12402343593750001 0.767578125
2 0.2158203140625 0.90625 0.2021484359375 0.9140625 0.1728515640625 0.9140625 0.158203125 0.8994140640625 0.15625 0.8759765640625 0.169921875 0.8544921859375 0.171875 0.8291015640625 0.1611328140625 0.81640625 0.1455078140625 0.81640625 0.111328125 0.8310546859375 0.138671875 0.8505859359375 0.14453125 0.8857421859375 0.1318359359375 0.880859375 0.130859375 0.8876953140625 0.169921875 0.9248046859375 0.173828125 0.9443359359375 0.181640625 0.9462890640625 0.17578125 0.9501953140625 0.17578125 0.9775390640625 0.185546875 0.9853515640625 0.1943359359375 0.96875 0.224609375 0.9658203140625 0.2265625 0.9169921859375 0.2158203140625 0.90625
2 0.045898435937499996 0.546875 0.025390625 0.5595703140625 0.025390625 0.5693359359375 0.0390625 0.5751953140625 0.033203125 0.6103515640625 0.052734375 0.6123046859375 0.0625 0.5908203140625 0.048828125 0.5712890640625 0.0546875 0.5498046859375 0.045898435937499996 0.546875
2 0.111328125 0.0283203140625 0.123046875 0.0302734359375 0.15234375 0.024414064062499997 0.1494140640625 0 0.115234375 0.0009765640625 0.111328125 0.0283203140625
2 0.22265625 0.2685546859375 0.220703125 0.3095703140625 0.2236328140625 0.31640625 0.2353515640625 0.31640625 0.2578125 0.3330078140625 0.2734375 0.2998046859375 0.26171875 0.2939453140625 0.2392578140625 0.251953125 0.22265625 0.2685546859375
2 0.2080078140625 0.11328125 0.1875 0.10644531406249999 0.1875 0.08691406406249999 0.1552734359375 0.056640625 0.150390625 0.11230468593750001 0.1591796859375 0.123046875 0.1708984359375 0.115234375 0.185546875 0.12207031406249999 0.181640625 0.1650390640625 0.193359375 0.1962890640625 0.201171875 0.1982421859375 0.23046875 0.1806640640625 0.224609375 0.1650390640625 0.228515625 0.1416015640625 0.2080078140625 0.11328125
2 0.30859375 0.4755859359375 0.314453125 0.4599609359375 0.328125 0.4521484359375 0.333984375 0.4326171859375 0.33203125 0.4228515640625 0.3232421859375 0.423828125 0.3095703140625 0.400390625 0.2998046859375 0.4140625 0.2880859359375 0.4140625 0.283203125 0.4267578140625 0.291015625 0.4580078140625 0.28125 0.4560546859375 0.287109375 0.4853515640625 0.27734375 0.5087890640625 0.279296875 0.5263671859375 0.30078125 0.5400390640625 0.30859375 0.5166015640625 0.32421875 0.5107421859375 0.30859375 0.4892578140625 0.30859375 0.4755859359375
2 0.435546875 0.6826171859375 0.435546875 0.6728515640625 0.421875 0.6552734359375 0.4423828140625 0.65234375 0.4453125 0.6337890640625 0.4296875 0.5908203140625 0.4208984359375 0.58984375 0.4130859359375 0.599609375 0.3994140640625 0.59765625 0.39453125 0.5732421859375 0.3662109359375 0.55078125 0.341796875 0.5673828140625 0.337890625 0.5869140640625 0.349609375 0.6005859359375 0.345703125 0.6513671859375 0.359375 0.6630859359375 0.349609375 0.6728515640625 0.375 0.6982421859375 0.373046875 0.7275390640625 0.37890625 0.7353515640625 0.388671875 0.6982421859375 0.4091796859375 0.669921875 0.4248046859375 0.68359375 0.435546875 0.6826171859375
2 0.498046875 0.9384765640625 0.49609375 0.9580078140625 0.486328125 0.9736328140625 0.486328125 0.9931640640625 0.494140625 0.9951171859375 0.525390625 0.9853515640625 0.5234375 0.9482421859375 0.5068359359375 0.935546875 0.498046875 0.9384765640625
2 0.4921875 0.8603515640625 0.4921875 0.8486328140625 0.4716796859375 0.8359375 0.458984375 0.8544921859375 0.4609375 0.8662109359375 0.46875 0.8701171859375 0.46875 0.8837890640625 0.455078125 0.8974609359375 0.453125 0.9091796859375 0.484375 0.9365234359375 0.48828125 0.9091796859375 0.474609375 0.8837890640625 0.474609375 0.8701171859375 0.4921875 0.8603515640625
2 0.455078125 0.7978515640625 0.4462890640625 0.783203125 0.4287109359375 0.78125 0.419921875 0.7919921859375 0.404296875 0.8271484359375 0.404296875 0.8388671859375 0.412109375 0.8427734359375 0.4306640640625 0.818359375 0.4423828140625 0.8359375 0.458984375 0.8271484359375 0.455078125 0.7978515640625
2 0.580078125 0.2412109359375 0.564453125 0.2802734359375 0.578125 0.3017578140625 0.580078125 0.3271484359375 0.609375 0.2900390640625 0.60546875 0.2568359359375 0.5869140640625 0.240234375 0.580078125 0.2412109359375
2 0.671875 0.4755859359375 0.6611328140625 0.47265625 0.6328125 0.5185546859375 0.6533203140625 0.525390625 0.6640625 0.5576171859375 0.673828125 0.5595703140625 0.6875 0.5498046859375 0.6953125 0.5302734359375 0.673828125 0.4990234359375 0.671875 0.4755859359375
2 0.71875 0.6474609359375 0.7265625 0.6298828140625 0.71875 0.6201171859375 0.720703125 0.5986328140625 0.712890625 0.5791015640625 0.7021484359375 0.576171875 0.67578125 0.6142578140625 0.705078125 0.6572265640625 0.705078125 0.6982421859375 0.7109375 0.7021484359375 0.720703125 0.6884765640625 0.716796875 0.6748046859375 0.7265625 0.6669921859375 0.71875 0.6474609359375
2 0.662109375 0.3974609359375 0.6474609359375 0.384765625 0.638671875 0.3896484359375 0.63671875 0.3681640640625 0.6220703140625 0.333984375 0.609375 0.3525390640625 0.607421875 0.4091796859375 0.611328125 0.4345703140625 0.6171875 0.4365234359375 0.6357421859375 0.4296875 0.6572265640625 0.431640625 0.6640625 0.4228515640625 0.662109375 0.3974609359375
2 0.77734375 0.7841796859375 0.79296875 0.7763671859375 0.79296875 0.7490234359375 0.7841796859375 0.73828125 0.7568359359375 0.75 0.763671875 0.7275390640625 0.7392578140625 0.703125 0.720703125 0.7236328140625 0.701171875 0.7646484359375 0.7099609359375 0.775390625 0.734375 0.7802734359375 0.7265625 0.8095703140625 0.7314453140625 0.814453125 0.7509765640625 0.810546875 0.7578125 0.8173828140625 0.7578125 0.8369140640625 0.7734375 0.8583984359375 0.77734375 0.8330078140625 0.79296875 0.8271484359375 0.775390625 0.8037109359375 0.77734375 0.7841796859375
2 0.583984375 0.1396484359375 0.5908203140625 0.1328125 0.6142578140625 0.13671875 0.619140625 0.12011718593750001 0.607421875 0.10644531406249999 0.60546875 0.07714843593750001 0.6005859359375 0.072265625 0.5888671859375 0.076171875 0.5703125 0.06347656406249999 0.5703125 0.024414064062499997 0.5634765640625 0.01953125 0.5498046859375 0.025390625 0.5302734359375 0.00390625 0.5107421859375 0.005859375 0.5078125 0.036132814062500004 0.4921875 0.0537109359375 0.51171875 0.06933593593750001 0.513671875 0.10644531406249999 0.5322265640625 0.1171875 0.541015625 0.08496093593750001 0.5517578140625 0.078125 0.5703125 0.08496093593750001 0.58203125 0.11816406406249999 0.5791015640625 0.1328125 0.5595703140625 0.123046875 0.552734375 0.1396484359375 0.53515625 0.1552734359375 0.5390625 0.1728515640625 0.552734375 0.1826171859375 0.55859375 0.1962890640625 0.5751953140625 0.1875 0.583984375 0.1728515640625 0.578125 0.1591796859375 0.583984375 0.1396484359375
2 0.7890625 0.9580078140625 0.796875 0.9599609359375 0.806640625 0.9306640640625 0.7978515640625 0.916015625 0.78515625 0.9267578140625 0.7890625 0.9580078140625
2 0.8740234359375 0 0.87109375 0.010742185937499999 0.845703125 0.0302734359375 0.845703125 0.043945314062500004 0.8544921859375 0.05078125 0.875 0.049804685937499996 0.880859375 0.06347656406249999 0.87890625 0.08691406406249999 0.8994140640625 0.087890625 0.908203125 0.09667968593750001 0.916015625 0.12402343593750001 0.923828125 0.12402343593750001 0.921875 0.08691406406249999 0.943359375 0.0615234359375 0.94140625 0.0517578140625 0.927734375 0.045898435937499996 0.931640625 0.024414064062499997 0.9111328140625 0.01953125 0.9033203140625 0 0.8740234359375 0
2 0.9833984359375 0.216796875 0.9716796859375 0.2109375 0.9697265640625 0.220703125 0.9599609359375 0.21875 0.953125 0.2255859359375 0.947265625 0.2587890640625 0.9580078140625 0.275390625 0.96484375 0.2744140640625 0.97265625 0.2373046859375 1 0.2392578140625 0.9990234359375 0.205078125 0.9833984359375 0.216796875
2 0.990234375 0.1630859359375 0.982421875 0.1416015640625 0.9833984359375 0.12109375 0.947265625 0.1435546859375 0.9453125 0.1728515640625 0.919921875 0.1923828140625 0.9248046859375 0.203125 0.951171875 0.2080078140625 0.9609375 0.1962890640625 0.9609375 0.1748046859375 0.9833984359375 0.171875 0.990234375 0.1630859359375
2 0.97265625 0.4345703140625 0.986328125 0.4521484359375 0.982421875 0.4736328140625 0.9921875 0.4794921859375 1 0.4599609359375 0.9990234359375 0.408203125 0.9833984359375 0.4140625 0.97265625 0.4345703140625
2 0.9833984359375 0.30859375 0.951171875 0.3388671859375 0.958984375 0.3544921859375 0.96484375 0.3544921859375 0.9921875 0.3349609359375 1 0.3251953140625 0.9990234359375 0.3125 0.9833984359375 0.30859375