2 0.498046875 0.07519531406249999 0.529296875 0.041992185937499996 0.533203125 0.022460935937500003 0.552734375 0.008789064062500001 0.5458984359375 0 0.44921875 0.0009765640625 0.453125 0.0556640640625 0.431640625 0.07324218593750001 0.431640625 0.08105468593750001 0.4365234359375 0.08984375 0.44921875 0.09277343593750001 0.44921875 0.11035156406249999 0.478515625 0.1337890640625 0.484375 0.1259765640625 0.478515625 0.10253906406249999 0.5 0.08886718593750001 0.498046875 0.07519531406249999
2 0.5517578140625 0.27734375 0.541015625 0.2822265640625 0.5302734359375 0.30078125 0.5146484359375 0.287109375 0.513671875 0.3095703140625 0.505859375 0.3173828140625 0.5078125 0.3271484359375 0.521484375 0.3349609359375 0.521484375 0.3720703140625 0.53515625 0.3759765640625 0.552734375 0.3564453140625 0.54296875 0.3251953140625 0.5546875 0.2861328140625 0.5517578140625 0.27734375
2 0.045898435937499996 0.025390625 0.0283203140625 0.046875 0.018554685937500003 0.0390625 0.01171875 0.041992185937499996 0.0263671859375 0.068359375 0.043945314062500004 0.0703125 0.0556640640625 0.083984375 0.068359375 0.08300781406249999 0.0703125 0.06542968593750001 0.0615234359375 0.052734375 0.048828125 0.047851564062500004 0.045898435937499996 0.025390625
2 0.2255859359375 0.326171875 0.208984375 0.3310546859375 0.177734375 0.4052734359375 0.1796875 0.4169921859375 0.1962890640625 0.43359375 0.205078125 0.4345703140625 0.2109375 0.4248046859375 0.2109375 0.3818359359375 0.228515625 0.3623046859375 0.2255859359375 0.326171875
2 0.09277343593750001 0.259765625 0.08984375 0.2705078140625 0.095703125 0.2841796859375 0.123046875 0.3037109359375 0.125 0.3212890640625 0.111328125 0.3330078140625 0.11816406406249999 0.33984375 0.1376953140625 0.341796875 0.15234375 0.3564453140625 0.162109375 0.3310546859375 0.15234375 0.2978515640625 0.11230468593750001 0.2578125 0.09277343593750001 0.259765625
2 0.22265625 0.4814453140625 0.22265625 0.4990234359375 0.212890625 0.5205078140625 0.22265625 0.5283203140625 0.25 0.5146484359375 0.2431640640625 0.474609375 0.2333984359375 0.484375 0.22265625 0.4814453140625
2 0.28515625 0.6298828140625 0.283203125 0.6650390640625 0.2666015640625 0.6640625 0.26171875 0.6728515640625 0.265625 0.6865234359375 0.29296875 0.7080078140625 0.3125 0.7001953140625 0.30078125 0.6611328140625 0.3017578140625 0.619140625 0.28515625 0.6298828140625
2 0.3369140640625 0.8125 0.3125 0.8017578140625 0.318359375 0.7763671859375 0.3115234359375 0.767578125 0.2939453140625 0.796875 0.259765625 0.7919921859375 0.265625 0.8095703140625 0.2890625 0.8212890640625 0.2890625 0.8388671859375 0.30859375 0.8466796859375 0.3134765640625 0.8359375 0.3291015640625 0.833984375 0.341796875 0.8232421859375 0.3369140640625 0.8125
2 0.365234375 0.9267578140625 0.37109375 0.9189453140625 0.3671875 0.8857421859375 0.3544921859375 0.8828125 0.3369140640625 0.890625 0.330078125 0.9052734359375 0.3427734359375 0.921875 0.35546875 0.9267578140625 0.3525390640625 0.935546875 0.337890625 0.9423828140625 0.345703125 0.9912109359375 0.3525390640625 1 0.416015625 0.9990234359375 0.4111328140625 0.986328125 0.396484375 0.9814453140625 0.41015625 0.9462890640625 0.365234375 0.9267578140625
2 0.6572265640625 0.6875 0.654296875 0.7060546859375 0.6640625 0.7275390640625 0.6640625 0.7568359359375 0.67578125 0.7626953140625 0.681640625 0.7548828140625 0.681640625 0.7294921859375 0.669921875 0.6962890640625 0.6572265640625 0.6875
2 0.6416015640625 0.5859375 0.62890625 0.5927734359375 0.625 0.6298828140625 0.642578125 0.6474609359375 0.671875 0.6142578140625 0.671875 0.5966796859375 0.6630859359375 0.5859375 0.6416015640625 0.5859375
2 1 0.6162109359375 0.9873046859375 0.6171875 0.986328125 0.6005859359375 0.9794921859375 0.599609375 0.955078125 0.6240234359375 0.9765625 0.6416015640625 0.978515625 0.6552734359375 0.98828125 0.6572265640625 1 0.6357421859375 1 0.6162109359375
2 0.9619140640625 0.46484375 0.96875 0.4638671859375 0.982421875 0.4521484359375 0.9736328140625 0.435546875 0.947265625 0.4443359359375 0.9619140640625 0.46484375
2 0.8388671859375 0.001953125 0.828125 0.0126953140625 0.828125 0.024414064062499997 0.83984375 0.06542968593750001 0.8515625 0.07910156406249999 0.865234375 0.0517578140625 0.857421875 0.041992185937499996 0.85546875 0.018554685937500003 0.8388671859375 0.001953125
2 0.857421875 0.1552734359375 0.8828125 0.1728515640625 0.900390625 0.1376953140625 0.8935546859375 0.130859375 0.859375 0.1416015640625 0.857421875 0.1552734359375
2 0.876953125 0.2451171859375 0.8798828140625 0.2109375 0.861328125 0.2197265640625 0.865234375 0.2412109359375 0.876953125 0.2451171859375