2 0.0009765640625 0.16796875 0 0.1943359359375 0.01953125 0.1982421859375 0.03125 0.1865234359375 0.02734375 0.1767578140625 0.0126953140625 0.166015625 0.0009765640625 0.16796875
2 0.02734375 0.2763671859375 0.02734375 0.2587890640625 0.008789064062500001 0.255859375 0.0009765640625 0.24609375 0 0.3349609359375 0.0146484359375 0.3515625 0.0234375 0.3505859359375 0.015625 0.3095703140625 0.03125 0.3017578140625 0.03515625 0.2861328140625 0.02734375 0.2763671859375
2 0.275390625 0.9775390640625 0.265625 0.9755859359375 0.26953125 0.9697265640625 0.26171875 0.9658203140625 0.263671875 0.9541015640625 0.2568359359375 0.953125 0.25 0.9716796859375 0.28125 0.9990234359375 0.294921875 0.9873046859375 0.2900390640625 0.982421875 0.2724609359375 0.984375 0.275390625 0.9775390640625
2 0.19921875 0.8603515640625 0.220703125 0.8818359359375 0.236328125 0.8525390640625 0.2314453140625 0.830078125 0.19921875 0.8486328140625 0.19921875 0.8603515640625
2 0.173828125 0.7978515640625 0.1865234359375 0.814453125 0.205078125 0.8173828140625 0.22265625 0.7978515640625 0.2216796859375 0.77734375 0.2041015640625 0.77734375 0.173828125 0.7978515640625
2 0.1669921859375 0.703125 0.1591796859375 0.697265625 0.140625 0.7236328140625 0.140625 0.7353515640625 0.1533203140625 0.7421875 0.18359375 0.7431640640625 0.19140625 0.7353515640625 0.19140625 0.7236328140625 0.181640625 0.6982421859375 0.1669921859375 0.703125
2 0.244140625 0.9326171859375 0.2451171859375 0.923828125 0.2509765640625 0.93359375 0.2587890640625 0.927734375 0.2616543609375 0.9382404703124999 0.265625 0.9287109359375 0.2705078140625 0.93359375 0.2734375 0.9287109359375 0.265625 0.9189453140625 0.27734375 0.9091796859375 0.2783203140625 0.884765625 0.2373046859375 0.9140625 0.220703125 0.9365234359375 0.234375 0.9638671859375 0.2421875 0.9658203140625 0.240234375 0.9599609359375 0.25390625 0.9541015640625 0.236328125 0.9501953140625 0.24609375 0.9404296859375 0.236328125 0.9345703140625 0.244140625 0.9326171859375
2 0.15234375 0.5595703140625 0.1435546859375 0.556640625 0.12207031406249999 0.580078125 0.11328125 0.5654296859375 0.115234375 0.5263671859375 0.10839843593750001 0.5234375 0.099609375 0.5322265640625 0.09667968593750001 0.548828125 0.07714843593750001 0.546875 0.072265625 0.5537109359375 0.095703125 0.5810546859375 0.099609375 0.6025390640625 0.091796875 0.6123046859375 0.11230468593750001 0.625 0.12207031406249999 0.640625 0.1328125 0.6416015640625 0.1328125 0.6298828140625 0.14453125 0.6220703140625 0.154296875 0.6025390640625 0.15234375 0.5595703140625
2 0.359375 0.1845703140625 0.34765625 0.2021484359375 0.345703125 0.2197265640625 0.3525390640625 0.224609375 0.3681640640625 0.21484375 0.380859375 0.2158203140625 0.3828125 0.2568359359375 0.38671875 0.2685546859375 0.39453125 0.2705078140625 0.40234375 0.2255859359375 0.3662109359375 0.138671875 0.357421875 0.1533203140625 0.359375 0.1845703140625
2 0.33984375 0.07519531406249999 0.33984375 0.049804685937499996 0.326171875 0.043945314062500004 0.32421875 0.0009765640625 0.2763671859375 0 0.2822265640625 0.01171875 0.3046875 0.024414064062499997 0.3046875 0.0595703140625 0.32421875 0.09082031406249999 0.302734375 0.11035156406249999 0.298828125 0.12402343593750001 0.3037109359375 0.134765625 0.3203125 0.1337890640625 0.341796875 0.11816406406249999 0.33984375 0.08886718593750001 0.3515625 0.08105468593750001 0.33984375 0.07519531406249999
2 0.50390625 0.6689453140625 0.513671875 0.6748046859375 0.5234375 0.6708984359375 0.5166015640625 0.6484375 0.50390625 0.6572265640625 0.50390625 0.6689453140625
1 0.546875 0.11816406406249999 0.5517578140625 0.125 0.578125 0.12402343593750001 0.5859375 0.11621093593750001 0.583984375 0.07519531406249999 0.5478515640625 0.0625 0.546875 0.11816406406249999