2 0.111328125 0.5751953140625 0.11328125 0.5947265640625 0.123046875 0.6005859359375 0.134765625 0.5849609359375 0.1279296859375 0.560546875 0.11621093593750001 0.5625 0.111328125 0.5751953140625
2 0.1728515640625 0.669921875 0.1640625 0.7060546859375 0.16796875 0.7314453140625 0.17578125 0.7353515640625 0.193359375 0.7138671859375 0.193359375 0.7041015640625 0.185546875 0.6767578140625 0.1728515640625 0.669921875
2 0.2568359359375 0.90625 0.236328125 0.9228515640625 0.236328125 0.9384765640625 0.2548828140625 0.953125 0.27734375 0.9541015640625 0.287109375 0.9384765640625 0.28125 0.9169921859375 0.2724609359375 0.904296875 0.2568359359375 0.90625
2 0.021484375 0.3193359359375 0.015625 0.2939453140625 0.0068359359375 0.287109375 0.001953125 0.2939453140625 0 0.3681640640625 0.01171875 0.3779296859375 0.03515625 0.3720703140625 0.03125 0.3447265640625 0.0390625 0.3291015640625 0.021484375 0.3193359359375
2 0.232421875 0.7548828140625 0.2119140640625 0.740234375 0.1875 0.7529296859375 0.2109375 0.7978515640625 0.197265625 0.8193359359375 0.2138671859375 0.828125 0.228515625 0.8271484359375 0.234375 0.8193359359375 0.23046875 0.8017578140625 0.240234375 0.7880859359375 0.232421875 0.7548828140625
2 0.08105468593750001 0.4375 0.052734375 0.4560546859375 0.056640625 0.4755859359375 0.05078125 0.4970703140625 0.06542968593750001 0.515625 0.09375 0.5224609359375 0.1015625 0.5107421859375 0.08984375 0.4755859359375 0.095703125 0.4541015640625 0.08105468593750001 0.4375
2 0.3154296859375 0.12890625 0.3095703140625 0.115234375 0.2978515640625 0.12109375 0.2880859359375 0.103515625 0.2734375 0.12207031406249999 0.2734375 0.1357421859375 0.2822265640625 0.150390625 0.310546875 0.1572265640625 0.341796875 0.1279296859375 0.34375 0.11425781406249999 0.3369140640625 0.109375 0.3154296859375 0.12890625
2 0.3935546859375 0.404296875 0.392578125 0.4599609359375 0.412109375 0.4873046859375 0.408203125 0.5146484359375 0.416015625 0.5166015640625 0.44140625 0.4580078140625 0.41796875 0.4443359359375 0.423828125 0.4111328140625 0.3935546859375 0.404296875
2 0.3564453140625 0.220703125 0.3447265640625 0.228515625 0.3291015640625 0.21484375 0.328125 0.2783203140625 0.33984375 0.2900390640625 0.345703125 0.3115234359375 0.35546875 0.3154296859375 0.373046875 0.2900390640625 0.373046875 0.2646484359375 0.361328125 0.2236328140625 0.3564453140625 0.220703125
2 0.4619140640625 0.609375 0.47265625 0.6083984359375 0.474609375 0.5927734359375 0.4677734359375 0.5859375 0.45703125 0.5966796859375 0.4619140640625 0.609375
2 0.46875 0.7119140640625 0.478515625 0.7138671859375 0.494140625 0.6943359359375 0.4853515640625 0.66796875 0.466796875 0.6962890640625 0.46875 0.7119140640625
2 0.5546875 0.9208984359375 0.560546875 0.8955078140625 0.5498046859375 0.888671875 0.5390625 0.9150390640625 0.5546875 0.9208984359375
2 0.5576171859375 0.76953125 0.5361328140625 0.76953125 0.517578125 0.7861328140625 0.529296875 0.7998046859375 0.52734375 0.8291015640625 0.53515625 0.8291015640625 0.5498046859375 0.810546875 0.5703125 0.8056640640625 0.5703125 0.7880859359375 0.5576171859375 0.76953125
2 0.5849609359375 0.953125 0.560546875 0.9501953140625 0.560546875 0.9697265640625 0.5888671859375 1 0.6171875 0.9990234359375 0.6171875 0.9775390640625 0.60546875 0.9677734359375 0.6005859359375 0.9453125 0.5849609359375 0.953125
2 0.8330078140625 0.736328125 0.84765625 0.7373046859375 0.853515625 0.7314453140625 0.8427734359375 0.71875 0.826171875 0.7216796859375 0.8330078140625 0.736328125
2 0.701171875 0.3173828140625 0.724609375 0.3369140640625 0.7265625 0.2900390640625 0.7216796859375 0.28515625 0.705078125 0.2998046859375 0.701171875 0.3173828140625
2 0.830078125 0.8818359359375 0.849609375 0.9130859359375 0.8720703140625 0.93359375 0.880859375 0.9326171859375 0.8828125 0.9208984359375 0.875 0.9072265640625 0.8349609359375 0.873046875 0.830078125 0.8818359359375
2 0.8427734359375 0.8046875 0.8349609359375 0.796875 0.833984375 0.8271484359375 0.84375 0.8525390640625 0.8564453140625 0.83984375 0.873046875 0.8349609359375 0.859375 0.8037109359375 0.8427734359375 0.8046875
2 0.755859375 0.3955078140625 0.75390625 0.3759765640625 0.7451171859375 0.373046875 0.73828125 0.3837890640625 0.7421875 0.4521484359375 0.751953125 0.4501953140625 0.7568359359375 0.435546875 0.775390625 0.4521484359375 0.794921875 0.4287109359375 0.79296875 0.3935546859375 0.7666015640625 0.412109375 0.755859375 0.3955078140625