2 0.029296875 0.018554685937500003 0.038085935937499996 0 0 0.0009765640625 0.0048828140625 0.017578125 0.029296875 0.018554685937500003
2 0.21875 0.5556640640625 0.228515625 0.5576171859375 0.25390625 0.5439453140625 0.2451171859375 0.5078125 0.224609375 0.5185546859375 0.21875 0.5556640640625
2 0.015625 0.09472656406249999 0.0263671859375 0.115234375 0.0703125 0.1337890640625 0.072265625 0.10839843593750001 0.047851564062500004 0.07421875 0.0302734359375 0.09375 0.015625 0.09472656406249999
2 0.234375 0.3701171859375 0.2275390640625 0.359375 0.2109375 0.3662109359375 0.181640625 0.4423828140625 0.1923828140625 0.458984375 0.203125 0.4619140640625 0.212890625 0.4521484359375 0.21484375 0.4169921859375 0.23046875 0.4033203140625 0.234375 0.3701171859375
2 0.11621093593750001 0.30078125 0.09667968593750001 0.30078125 0.095703125 0.3212890640625 0.126953125 0.3486328140625 0.12890625 0.3642578140625 0.1171875 0.3740234359375 0.119140625 0.3798828140625 0.15625 0.3955078140625 0.162109375 0.3779296859375 0.15625 0.3388671859375 0.1396484359375 0.31640625 0.11621093593750001 0.30078125
2 0.3017578140625 0.646484375 0.287109375 0.6611328140625 0.287109375 0.6923828140625 0.28125 0.7041015640625 0.267578125 0.7119140640625 0.2763671859375 0.728515625 0.30078125 0.7412109359375 0.318359375 0.7255859359375 0.306640625 0.6865234359375 0.30859375 0.6552734359375 0.3017578140625 0.646484375
2 0.32421875 0.8291015640625 0.326171875 0.7998046859375 0.322265625 0.7880859359375 0.3134765640625 0.78515625 0.298828125 0.8232421859375 0.265625 0.8349609359375 0.3037109359375 0.873046875 0.318359375 0.8759765640625 0.3251953140625 0.86328125 0.34375 0.8544921859375 0.34765625 0.8408203140625 0.32421875 0.8291015640625
2 0.37890625 0.9482421859375 0.37109375 0.9306640640625 0.373046875 0.9091796859375 0.3583984359375 0.904296875 0.3359375 0.9208984359375 0.345703125 0.9384765640625 0.36328125 0.9501953140625 0.34375 0.9658203140625 0.3515625 0.9990234359375 0.3984375 0.9990234359375 0.41015625 0.9853515640625 0.416015625 0.9638671859375 0.3896484359375 0.958984375 0.37890625 0.9482421859375
0 0.546875 0.0009765640625 0.4365234359375 0 0.44921875 0.06933593593750001 0.4599609359375 0.048828125 0.4912109359375 0.0859375 0.509765625 0.08691406406249999 0.52734375 0.06933593593750001 0.533203125 0.043945314062500004 0.544921875 0.038085935937499996 0.546875 0.0009765640625
2 0.4140625 0.024414064062499997 0.4140625 0.0009765640625 0.3916015640625 0 0.396484375 0.016601564062499997 0.4140625 0.024414064062499997
2 0.4921875 0.11621093593750001 0.470703125 0.09277343593750001 0.4697265640625 0.068359375 0.4580078140625 0.080078125 0.451171875 0.07910156406249999 0.453125 0.08691406406249999 0.4296875 0.11035156406249999 0.4365234359375 0.119140625 0.447265625 0.11816406406249999 0.4453125 0.1396484359375 0.4560546859375 0.142578125 0.474609375 0.1630859359375 0.482421875 0.1552734359375 0.474609375 0.1318359359375 0.4892578140625 0.125 0.4921875 0.11621093593750001
2 0.44921875 0.08105468593750001 0.47265625 0.08300781406249999 0.46875 0.0576171859375 0.4560546859375 0.052734375 0.447265625 0.06542968593750001 0.44921875 0.08105468593750001
2 0.5517578140625 0.30078125 0.5322265640625 0.322265625 0.513671875 0.3154296859375 0.515625 0.3349609359375 0.5078125 0.3525390640625 0.521484375 0.3623046859375 0.521484375 0.3955078140625 0.53125 0.3994140640625 0.552734375 0.3759765640625 0.544921875 0.3544921859375 0.5546875 0.3154296859375 0.5517578140625 0.30078125
2 0.6591796859375 0.701171875 0.65625 0.7138671859375 0.666015625 0.7412109359375 0.666015625 0.7646484359375 0.67578125 0.7744140640625 0.685546875 0.7646484359375 0.685546875 0.7470703140625 0.671875 0.7080078140625 0.6591796859375 0.701171875
2 0.6513671859375 0.60546875 0.6318359359375 0.599609375 0.626953125 0.6044921859375 0.625 0.6455078140625 0.6376953140625 0.6640625 0.64453125 0.6630859359375 0.673828125 0.6279296859375 0.673828125 0.6142578140625 0.6650390640625 0.6015625 0.6513671859375 0.60546875
2 1 0.6162109359375 0.9892578140625 0.623046875 0.9794921859375 0.603515625 0.955078125 0.6220703140625 0.955078125 0.6318359359375 0.97265625 0.6435546859375 0.984375 0.6630859359375 1 0.6396484359375 1 0.6162109359375
2 0.943359375 0.4521484359375 0.953125 0.4697265640625 0.962890625 0.4736328140625 0.978515625 0.4599609359375 0.978515625 0.4521484359375 0.9677734359375 0.443359375 0.943359375 0.4521484359375
2 0.85546875 0.2373046859375 0.859375 0.2509765640625 0.869140625 0.2568359359375 0.876953125 0.2451171859375 0.876953125 0.2255859359375 0.8701171859375 0.216796875 0.85546875 0.2373046859375
2 0.849609375 0.1689453140625 0.853515625 0.1806640640625 0.875 0.1962890640625 0.89453125 0.1611328140625 0.8896484359375 0.150390625 0.8583984359375 0.15625 0.849609375 0.1689453140625
2 0.818359375 0.040039064062500004 0.830078125 0.08496093593750001 0.845703125 0.10058593593750001 0.859375 0.06933593593750001 0.84765625 0.032226564062500004 0.8291015640625 0.021484375 0.818359375 0.040039064062500004
2 0.720703125 0.9111328140625 0.724609375 0.9345703140625 0.732421875 0.9345703140625 0.740234375 0.9052734359375 0.736328125 0.8857421859375 0.7255859359375 0.884765625 0.720703125 0.9111328140625
2 0.41796875 0.0009765640625 0.41796875 0.032226564062500004 0.42578125 0.040039064062500004 0.43359375 0.036132814062500004 0.4375 0.022460935937500003 0.4326171859375 0 0.41796875 0.0009765640625