2 0.12109375 0.2509765640625 0.138671875 0.2333984359375 0.12402343593750001 0.197265625 0.119140625 0.2021484359375 0.12109375 0.2509765640625
2 0.1015625 0.2333984359375 0.099609375 0.1865234359375 0.08691406406249999 0.17578125 0.0703125 0.2314453140625 0.1015625 0.2333984359375
2 0.049804685937499996 0.048828125 0.024414064062499997 0.0546875 0.015625 0.07714843593750001 0.047851564062500004 0.083984375 0.05859375 0.10449218593750001 0.07421875 0.11035156406249999 0.083984375 0.10449218593750001 0.083984375 0.08886718593750001 0.06640625 0.06542968593750001 0.049804685937499996 0.048828125
2 0.1689453140625 0.373046875 0.166015625 0.3779296859375 0.177734375 0.3857421859375 0.1689453140625 0.373046875
2 0.138671875 0.4130859359375 0.14453125 0.4150390640625 0.16015625 0.3916015640625 0.1416015640625 0.37890625 0.13671875 0.3974609359375 0.138671875 0.4130859359375
2 0.18359375 0.4599609359375 0.18359375 0.4873046859375 0.177734375 0.4970703140625 0.1796875 0.5107421859375 0.1875 0.5107421859375 0.20703125 0.5029296859375 0.197265625 0.4931640640625 0.1943359359375 0.453125 0.18359375 0.4599609359375
2 0.23046875 0.6220703140625 0.234375 0.6416015640625 0.244140625 0.6455078140625 0.255859375 0.6279296859375 0.2490234359375 0.611328125 0.2353515640625 0.61328125 0.23046875 0.6220703140625
2 0.302734375 0.7568359359375 0.3125 0.7294921859375 0.3125 0.7158203140625 0.3056640640625 0.7109375 0.27734375 0.7275390640625 0.275390625 0.7431640640625 0.294921875 0.7646484359375 0.30078125 0.7978515640625 0.31640625 0.8095703140625 0.322265625 0.7958984359375 0.310546875 0.7822265640625 0.3125 0.7705078140625 0.302734375 0.7568359359375
2 0.37109375 0.08496093593750001 0.37109375 0.09863281406249999 0.376953125 0.09863281406249999 0.3857421859375 0.091796875 0.4140625 0.08886718593750001 0.3857421859375 0.0546875 0.37109375 0.08496093593750001
2 0.40234375 0.1376953140625 0.412109375 0.1826171859375 0.4169921859375 0.193359375 0.423828125 0.1923828140625 0.4296875 0.1533203140625 0.421875 0.1357421859375 0.4072265640625 0.126953125 0.40234375 0.1376953140625
2 0.458984375 0.2626953140625 0.4453125 0.2724609359375 0.458984375 0.2939453140625 0.46484375 0.2939453140625 0.470703125 0.2783203140625 0.4638671859375 0.228515625 0.447265625 0.2333984359375 0.458984375 0.2626953140625
2 0.6396484359375 0.78125 0.6240234359375 0.7890625 0.59765625 0.7626953140625 0.5947265640625 0.74609375 0.59375 0.7724609359375 0.6171875 0.8115234359375 0.615234375 0.8525390640625 0.6337890640625 0.85546875 0.64453125 0.8896484359375 0.65625 0.8935546859375 0.658203125 0.8701171859375 0.642578125 0.8447265640625 0.65234375 0.7919921859375 0.6396484359375 0.78125
2 0.904296875 0.8291015640625 0.904296875 0.8583984359375 0.9140625 0.8603515640625 0.94140625 0.8388671859375 0.9384765640625 0.826171875 0.9091796859375 0.82421875 0.904296875 0.8291015640625
2 0.7900390640625 0.34765625 0.78125 0.3974609359375 0.79296875 0.4189453140625 0.806640625 0.4267578140625 0.81640625 0.3779296859375 0.80078125 0.3837890640625 0.80078125 0.3583984359375 0.7900390640625 0.34765625
2 0.724609375 0.10058593593750001 0.716796875 0.06933593593750001 0.7041015640625 0.0625 0.697265625 0.09277343593750001 0.724609375 0.10058593593750001
2 0.7177734359375 0.123046875 0.703125 0.1533203140625 0.716796875 0.1669921859375 0.732421875 0.2119140640625 0.75390625 0.2275390640625 0.7578125 0.1923828140625 0.734375 0.1806640640625 0.728515625 0.1259765640625 0.7177734359375 0.123046875
0 0.787109375 0.4560546859375 0.78515625 0.4365234359375 0.7744140640625 0.423828125 0.763671875 0.4658203140625 0.751953125 0.4736328140625 0.7578125 0.4814453140625 0.755859375 0.4970703140625 0.7607421859375 0.5 0.7763671859375 0.48828125 0.791015625 0.5009765640625 0.79296875 0.4814453140625 0.8095703140625 0.48046875 0.810546875 0.4736328140625 0.787109375 0.4560546859375