2 0.072265625 0.9931640640625 0.07714843593750001 1 0.10546875 0.9990234359375 0.10546875 0.9482421859375 0.09863281406249999 0.9453125 0.080078125 0.9638671859375 0.072265625 0.9931640640625
2 0.2509765640625 0.451171875 0.24609375 0.4541015640625 0.2421875 0.4931640640625 0.259765625 0.5166015640625 0.267578125 0.5029296859375 0.267578125 0.4833984359375 0.259765625 0.4580078140625 0.2509765640625 0.451171875
2 0.41015625 0.8916015640625 0.4052734359375 0.888671875 0.388671875 0.9130859359375 0.373046875 0.9208984359375 0.37890625 0.9541015640625 0.3935546859375 0.96484375 0.404296875 0.9638671859375 0.408203125 0.9541015640625 0.40234375 0.9365234359375 0.41015625 0.9189453140625 0.41015625 0.8916015640625
2 0.1259765640625 0.173828125 0.123046875 0.2001953140625 0.12890625 0.2353515640625 0.140625 0.2587890640625 0.15234375 0.2626953140625 0.1640625 0.2177734359375 0.14453125 0.2001953140625 0.13671875 0.1787109359375 0.1259765640625 0.173828125
2 0.038085935937499996 0 0.0390625 0.047851564062500004 0.0546875 0.0615234359375 0.06640625 0.09667968593750001 0.09082031406249999 0.123046875 0.107421875 0.1259765640625 0.11328125 0.12207031406249999 0.11328125 0.09667968593750001 0.10546875 0.08300781406249999 0.103515625 0.0537109359375 0.09277343593750001 0.05078125 0.0859375 0.06542968593750001 0.07910156406249999 0.064453125 0.07421875 0.0556640640625 0.08203125 0.041992185937499996 0.078125 0.0302734359375 0.05859375 0.016601564062499997 0.049804685937499996 0 0.038085935937499996 0
2 0.3505859359375 0.734375 0.3427734359375 0.708984375 0.3056640640625 0.703125 0.30078125 0.7080078140625 0.302734375 0.7763671859375 0.3251953140625 0.78515625 0.3330078140625 0.798828125 0.341796875 0.7978515640625 0.359375 0.7802734359375 0.373046875 0.7333984359375 0.3662109359375 0.728515625 0.3505859359375 0.734375
2 0.197265625 0.3369140640625 0.189453125 0.3076171859375 0.1689453140625 0.29296875 0.1640625 0.3056640640625 0.17578125 0.3408203140625 0.15234375 0.3447265640625 0.15234375 0.3837890640625 0.16796875 0.3974609359375 0.1640625 0.4267578140625 0.1796875 0.4287109359375 0.189453125 0.4248046859375 0.20703125 0.3994140640625 0.208984375 0.3505859359375 0.197265625 0.3369140640625
2 0.45703125 0.024414064062499997 0.4580078140625 0 0.427734375 0.0009765640625 0.4326171859375 0.01953125 0.45703125 0.024414064062499997
2 0.7353515640625 0.83203125 0.7255859359375 0.837890625 0.7099609359375 0.833984375 0.681640625 0.8603515640625 0.6796875 0.8759765640625 0.6884765640625 0.88671875 0.7119140640625 0.8828125 0.72265625 0.9052734359375 0.736328125 0.9091796859375 0.744140625 0.8876953140625 0.736328125 0.8681640640625 0.740234375 0.8388671859375 0.7353515640625 0.83203125
2 0.5517578140625 0.216796875 0.501953125 0.2802734359375 0.50390625 0.2958984359375 0.53515625 0.3154296859375 0.5625 0.2939453140625 0.5546875 0.2509765640625 0.55859375 0.2216796859375 0.5517578140625 0.216796875
2 0.4970703140625 0.11328125 0.4794921859375 0.103515625 0.470703125 0.1279296859375 0.478515625 0.1416015640625 0.47265625 0.1591796859375 0.4814453140625 0.173828125 0.501953125 0.1787109359375 0.52734375 0.1572265640625 0.53515625 0.12011718593750001 0.5283203140625 0.111328125 0.4970703140625 0.11328125
2 0.6240234359375 0.51953125 0.6005859359375 0.521484375 0.5888671859375 0.509765625 0.580078125 0.5185546859375 0.5703125 0.5556640640625 0.595703125 0.5927734359375 0.607421875 0.5966796859375 0.62109375 0.5830078140625 0.62890625 0.5478515640625 0.626953125 0.5244140640625 0.6240234359375 0.51953125
2 0.677734375 0.6572265640625 0.6572265640625 0.625 0.626953125 0.6455078140625 0.626953125 0.6552734359375 0.6484375 0.6689453140625 0.654296875 0.6884765640625 0.65234375 0.7001953140625 0.6328125 0.7236328140625 0.65625 0.7431640640625 0.66796875 0.7783203140625 0.677734375 0.7822265640625 0.68359375 0.7763671859375 0.681640625 0.7119140640625 0.673828125 0.7001953140625 0.677734375 0.6572265640625
2 0.5205078140625 0.353515625 0.515625 0.3740234359375 0.529296875 0.3955078140625 0.529296875 0.4091796859375 0.5576171859375 0.427734375 0.5693359359375 0.423828125 0.5859375 0.4287109359375 0.595703125 0.4130859359375 0.595703125 0.3388671859375 0.5478515640625 0.3671875 0.5205078140625 0.353515625
2 0.8671875 0.3056640640625 0.8876953140625 0.32421875 0.90234375 0.3251953140625 0.916015625 0.2900390640625 0.8994140640625 0.267578125 0.8876953140625 0.265625 0.8671875 0.3056640640625
2 0.9453125 0.3310546859375 0.94140625 0.3564453140625 0.9296875 0.3720703140625 0.9345703140625 0.38671875 0.958984375 0.3876953140625 0.96875 0.3779296859375 0.970703125 0.3212890640625 0.9658203140625 0.31640625 0.9453125 0.3310546859375
2 1 0.5263671859375 0.994140625 0.5107421859375 1 0.4931640640625 0.9912109359375 0.4921875 0.9677734359375 0.501953125 0.9609375 0.5126953140625 0.96875 0.5166015640625 0.9765625 0.5771484359375 1 0.5908203140625 1 0.5263671859375
2 0.8037109359375 0 0.82421875 0.016601564062499997 0.818359375 0.0283203140625 0.822265625 0.0537109359375 0.849609375 0.08496093593750001 0.8515625 0.1474609359375 0.8671875 0.1552734359375 0.880859375 0.1416015640625 0.88671875 0.11230468593750001 0.90625 0.08496093593750001 0.908203125 0.06347656406249999 0.8994140640625 0.0546875 0.880859375 0.0517578140625 0.875 0.041992185937499996 0.875 0.016601564062499997 0.8583984359375 0 0.8037109359375 0