2 0.2080078140625 0.67578125 0.1982421859375 0.66796875 0.1630859359375 0.66796875 0.18359375 0.6865234359375 0.19140625 0.7158203140625 0.2080078140625 0.72265625 0.21484375 0.7392578140625 0.224609375 0.7412109359375 0.24609375 0.7158203140625 0.228515625 0.6982421859375 0.2265625 0.6728515640625 0.2080078140625 0.67578125
2 0.1923828140625 0.548828125 0.169921875 0.5458984359375 0.16796875 0.5341796859375 0.150390625 0.5205078140625 0.15234375 0.4931640640625 0.1416015640625 0.4921875 0.1328125 0.5498046859375 0.119140625 0.5576171859375 0.109375 0.5849609359375 0.1298828140625 0.6015625 0.1796875 0.6103515640625 0.181640625 0.5908203140625 0.1953125 0.5751953140625 0.19921875 0.5595703140625 0.1923828140625 0.548828125
2 0.2978515640625 0.921875 0.2783203140625 0.939453125 0.275390625 0.8935546859375 0.2685546859375 0.884765625 0.23828125 0.9150390640625 0.2734375 0.9423828140625 0.26953125 0.9599609359375 0.2744140640625 0.966796875 0.3095703140625 0.95703125 0.3203125 0.9990234359375 0.333984375 0.9990234359375 0.333984375 0.9541015640625 0.341796875 0.9345703140625 0.337890625 0.9228515640625 0.2978515640625 0.921875
2 0.107421875 0.2939453140625 0.08886718593750001 0.283203125 0.068359375 0.2998046859375 0.080078125 0.3466796859375 0.06738281406249999 0.349609375 0.056640625 0.3681640640625 0.06347656406249999 0.380859375 0.072265625 0.3818359359375 0.08886718593750001 0.373046875 0.103515625 0.3740234359375 0.091796875 0.3173828140625 0.107421875 0.2939453140625
2 0.4970703140625 0.20703125 0.4765625 0.2158203140625 0.482421875 0.1611328140625 0.4775390640625 0.14453125 0.4482421859375 0.173828125 0.4326171859375 0.173828125 0.42578125 0.1826171859375 0.427734375 0.2001953140625 0.439453125 0.2138671859375 0.439453125 0.2431640640625 0.447265625 0.2607421859375 0.455078125 0.2626953140625 0.4638671859375 0.251953125 0.4912109359375 0.25 0.501953125 0.2236328140625 0.4970703140625 0.20703125
2 0.396484375 0.0283203140625 0.4150390640625 0 0.38671875 0.0009765640625 0.380859375 0.024414064062499997 0.396484375 0.0283203140625
2 0.525390625 0.5380859359375 0.537109375 0.5380859359375 0.556640625 0.5302734359375 0.5419921859375 0.486328125 0.52734375 0.5029296859375 0.525390625 0.5380859359375
2 0.6083984359375 0.59765625 0.59765625 0.6083984359375 0.59375 0.5712890640625 0.5791015640625 0.556640625 0.57421875 0.5615234359375 0.576171875 0.6005859359375 0.58984375 0.6220703140625 0.583984375 0.6376953140625 0.5625 0.6533203140625 0.5625 0.6650390640625 0.5712890640625 0.67578125 0.6005859359375 0.6796875 0.615234375 0.6884765640625 0.630859375 0.6591796859375 0.62109375 0.6376953140625 0.619140625 0.6025390640625 0.6083984359375 0.59765625
2 0.6953125 0.9228515640625 0.689453125 0.8701171859375 0.6787109359375 0.8671875 0.66796875 0.8486328140625 0.646484375 0.8330078140625 0.63671875 0.8017578140625 0.6279296859375 0.794921875 0.607421875 0.8466796859375 0.6201171859375 0.8515625 0.6435546859375 0.837890625 0.6640625 0.8662109359375 0.66796875 0.8837890640625 0.662109375 0.9169921859375 0.673828125 0.9560546859375 0.669921875 0.9775390640625 0.685546875 0.9833984359375 0.689453125 0.9716796859375 0.70703125 0.9580078140625 0.70703125 0.9443359359375 0.6953125 0.9228515640625
2 0.8935546859375 0.4375 0.8779296859375 0.4375 0.873046875 0.4267578140625 0.875 0.4111328140625 0.890625 0.3876953140625 0.892578125 0.3662109359375 0.8720703140625 0.36328125 0.8525390640625 0.333984375 0.845703125 0.3427734359375 0.845703125 0.3623046859375 0.85546875 0.4287109359375 0.8671875 0.4462890640625 0.869140625 0.4697265640625 0.87890625 0.4775390640625 0.8896484359375 0.4765625 0.904296875 0.4619140640625 0.904296875 0.4462890640625 0.8935546859375 0.4375
2 1 0.7548828140625 0.9736328140625 0.7421875 0.962890625 0.7685546859375 0.966796875 0.7900390640625 0.98828125 0.8193359359375 0.990234375 0.8447265640625 1 0.8505859359375 1 0.7548828140625
2 0.8955078140625 0.49609375 0.880859375 0.5146484359375 0.890625 0.5361328140625 0.8955078140625 0.49609375