2 0.177734375 0.4052734359375 0.1875 0.4091796859375 0.185546875 0.4150390640625 0.1787109359375 0.41015625 0.17578125 0.4169921859375 0.193359375 0.4267578140625 0.19921875 0.4130859359375 0.1875 0.4052734359375 0.1865234359375 0.396484375 0.177734375 0.4052734359375
2 0.205078125 0.3330078140625 0.189453125 0.3681640640625 0.19921875 0.3759765640625 0.21875 0.3662109359375 0.220703125 0.3427734359375 0.2138671859375 0.328125 0.205078125 0.3330078140625
2 0.018554685937500003 0.05078125 0.001953125 0.0517578140625 0.016601564062499997 0.076171875 0.05859375 0.09277343593750001 0.05859375 0.06542968593750001 0.041015625 0.0537109359375 0.036132814062500004 0.03125 0.018554685937500003 0.05078125
2 0.08691406406249999 0.263671875 0.080078125 0.2724609359375 0.0859375 0.2880859359375 0.11328125 0.3037109359375 0.12109375 0.3251953140625 0.107421875 0.3369140640625 0.107421875 0.3447265640625 0.1318359359375 0.345703125 0.14453125 0.3564453140625 0.15234375 0.3271484359375 0.138671875 0.2919921859375 0.10253906406249999 0.263671875 0.08691406406249999 0.263671875
2 0.20703125 0.5205078140625 0.2177734359375 0.533203125 0.228515625 0.5341796859375 0.248046875 0.5166015640625 0.2353515640625 0.47265625 0.21875 0.4814453140625 0.20703125 0.5205078140625
2 0.298828125 0.6220703140625 0.2900390640625 0.6171875 0.27734375 0.6337890640625 0.27734375 0.6650390640625 0.2578125 0.6884765640625 0.2685546859375 0.701171875 0.294921875 0.7099609359375 0.30859375 0.7021484359375 0.310546875 0.6904296859375 0.296875 0.6572265640625 0.298828125 0.6220703140625
2 0.3369140640625 0.810546875 0.3125 0.8017578140625 0.31640625 0.7744140640625 0.3115234359375 0.76171875 0.2900390640625 0.80078125 0.2578125 0.8056640640625 0.2978515640625 0.845703125 0.30859375 0.8466796859375 0.3134765640625 0.833984375 0.3271484359375 0.83203125 0.33984375 0.8212890640625 0.3369140640625 0.810546875
2 0.4072265640625 0.939453125 0.3818359359375 0.94921875 0.3642578140625 0.931640625 0.337890625 0.9423828140625 0.345703125 0.9853515640625 0.3603515640625 1 0.416015625 0.9990234359375 0.4111328140625 0.98828125 0.388671875 0.9775390640625 0.408203125 0.9501953140625 0.4072265640625 0.939453125
2 0.328125 0.8955078140625 0.3330078140625 0.90625 0.34765625 0.9111328140625 0.365234375 0.8955078140625 0.365234375 0.8837890640625 0.3583984359375 0.87890625 0.328125 0.8955078140625
2 0.4921875 0.06347656406249999 0.521484375 0.0263671859375 0.5205078140625 0 0.439453125 0.0009765640625 0.44140625 0.045898435937499996 0.421875 0.0576171859375 0.421875 0.06933593593750001 0.439453125 0.08105468593750001 0.4375 0.09667968593750001 0.4501953140625 0.1015625 0.46875 0.12207031406249999 0.4765625 0.11425781406249999 0.470703125 0.09277343593750001 0.48828125 0.08300781406249999 0.4921875 0.06347656406249999
2 0.5439453140625 0.265625 0.5263671859375 0.287109375 0.5107421859375 0.2734375 0.509765625 0.2958984359375 0.501953125 0.3056640640625 0.501953125 0.3134765640625 0.515625 0.3251953140625 0.515625 0.3603515640625 0.53125 0.3642578140625 0.546875 0.3427734359375 0.5390625 0.3173828140625 0.548828125 0.2822265640625 0.5439453140625 0.265625
2 0.623046875 0.5771484359375 0.623046875 0.6220703140625 0.6318359359375 0.634765625 0.640625 0.6337890640625 0.66796875 0.6025390640625 0.671875 0.5869140640625 0.6630859359375 0.572265625 0.623046875 0.5771484359375
2 0.6552734359375 0.673828125 0.6640625 0.7392578140625 0.6689453140625 0.748046875 0.677734375 0.7470703140625 0.681640625 0.7197265640625 0.671875 0.7060546859375 0.66796875 0.6806640640625 0.6552734359375 0.673828125
2 1 0.5927734359375 0.9873046859375 0.595703125 0.9814453140625 0.576171875 0.953125 0.5986328140625 0.986328125 0.6337890640625 1 0.6123046859375 1 0.5927734359375
2 0.95703125 0.4404296859375 0.96484375 0.4404296859375 0.98046875 0.4267578140625 0.9716796859375 0.41015625 0.9453125 0.4208984359375 0.95703125 0.4404296859375
2 0.8515625 0.1416015640625 0.875 0.1572265640625 0.89453125 0.12207031406249999 0.8896484359375 0.11328125 0.8515625 0.1279296859375 0.8515625 0.1416015640625
2 0.8212890640625 0 0.83203125 0.049804685937499996 0.84375 0.0576171859375 0.857421875 0.034179685937499996 0.849609375 0.020507814062499997 0.849609375 0.0009765640625 0.8212890640625 0
2 0.857421875 0.2119140640625 0.869140625 0.2216796859375 0.876953125 0.1982421859375 0.8720703140625 0.185546875 0.85546875 0.2001953140625 0.857421875 0.2119140640625