2 0.2099609359375 0.80859375 0.1904296859375 0.822265625 0.1728515640625 0.806640625 0.16796875 0.8603515640625 0.1787109359375 0.869140625 0.1953125 0.8701171859375 0.2197265640625 0.8671875 0.234375 0.8369140640625 0.21484375 0.8271484359375 0.2099609359375 0.80859375
2 0.16015625 0.7060546859375 0.1484375 0.7041015640625 0.13671875 0.6728515640625 0.1298828140625 0.669921875 0.12109375 0.7099609359375 0.10644531406249999 0.70703125 0.09765625 0.7216796859375 0.09765625 0.7431640640625 0.12207031406249999 0.775390625 0.1533203140625 0.79296875 0.1669921859375 0.78515625 0.1748046859375 0.798828125 0.1875 0.7998046859375 0.203125 0.7841796859375 0.203125 0.7685546859375 0.171875 0.7529296859375 0.16015625 0.7060546859375
2 0.134765625 0.4990234359375 0.1298828140625 0.482421875 0.10449218593750001 0.474609375 0.09765625 0.4658203140625 0.09765625 0.4482421859375 0.0859375 0.4228515640625 0.08984375 0.3994140640625 0.08496093593750001 0.390625 0.0576171859375 0.4140625 0.04296875 0.4111328140625 0.044921875 0.4931640640625 0.0546875 0.5166015640625 0.05078125 0.5322265640625 0.06640625 0.5556640640625 0.078125 0.5615234359375 0.083984375 0.5380859359375 0.10058593593750001 0.537109375 0.111328125 0.5146484359375 0.134765625 0.4990234359375
2 0.90625 0.9443359359375 0.919921875 0.8974609359375 0.8955078140625 0.890625 0.875 0.9228515640625 0.90625 0.9443359359375
2 0.80859375 0.7080078140625 0.8134765640625 0.720703125 0.857421875 0.7236328140625 0.87109375 0.7041015640625 0.8505859359375 0.6875 0.8330078140625 0.69140625 0.80859375 0.7080078140625
2 0.6064453140625 0.00390625 0.5888671859375 0 0.5859375 0.0283203140625 0.599609375 0.0576171859375 0.6171875 0.06347656406249999 0.625 0.0302734359375 0.619140625 0.008789064062500001 0.6123046859375 0.01171875 0.6064453140625 0.00390625
2 0.7529296859375 0.408203125 0.7314453140625 0.40234375 0.7265625 0.4091796859375 0.720703125 0.4345703140625 0.70703125 0.4482421859375 0.7099609359375 0.45703125 0.724609375 0.4619140640625 0.763671875 0.4345703140625 0.76953125 0.4189453140625 0.7646484359375 0.400390625 0.7529296859375 0.408203125
2 0.7958984359375 0.564453125 0.78515625 0.5791015640625 0.78515625 0.6103515640625 0.8212890640625 0.638671875 0.845703125 0.6396484359375 0.841796875 0.6142578140625 0.828125 0.6025390640625 0.8125 0.5732421859375 0.7958984359375 0.564453125
2 0.5966796859375 0.794921875 0.5751953140625 0.806640625 0.548828125 0.7978515640625 0.55078125 0.8349609359375 0.544921875 0.8525390640625 0.576171875 0.8798828140625 0.5859375 0.8447265640625 0.599609375 0.8251953140625 0.6015625 0.7978515640625 0.5966796859375 0.794921875
2 0.8916015640625 0.783203125 0.8740234359375 0.791015625 0.869140625 0.7685546859375 0.8544921859375 0.765625 0.8359375 0.7880859359375 0.8359375 0.8251953140625 0.8447265640625 0.83203125 0.8583984359375 0.82421875 0.8701171859375 0.83203125 0.890625 0.8310546859375 0.91015625 0.8193359359375 0.90625 0.8017578140625 0.89453125 0.7939453140625 0.8916015640625 0.783203125
2 0.2568359359375 0 0.25390625 0.0283203140625 0.259765625 0.0517578140625 0.2763671859375 0.07421875 0.2822265640625 0.0703125 0.30078125 0.08105468593750001 0.32421875 0.06738281406249999 0.3203125 0.049804685937499996 0.302734375 0.036132814062500004 0.30078125 0.018554685937500003 0.2861328140625 0 0.2568359359375 0
2 0.69140625 0.06542968593750001 0.6865234359375 0.060546875 0.6708984359375 0.0703125 0.6416015640625 0.048828125 0.634765625 0.0576171859375 0.634765625 0.07714843593750001 0.646484375 0.11816406406249999 0.646484375 0.1494140640625 0.65234375 0.1650390640625 0.666015625 0.1689453140625 0.67578125 0.1337890640625 0.685546875 0.12207031406249999 0.68359375 0.09472656406249999 0.69140625 0.06542968593750001
2 0.482421875 0.4794921859375 0.462890625 0.4658203140625 0.4501953140625 0.4375 0.4189453140625 0.4375 0.4091796859375 0.421875 0.4013671859375 0.421875 0.404296875 0.4658203140625 0.396484375 0.4853515640625 0.416015625 0.5166015640625 0.4248046859375 0.525390625 0.435546875 0.5244140640625 0.4560546859375 0.50390625 0.4716796859375 0.505859375 0.48046875 0.4970703140625 0.482421875 0.4794921859375
2 0.529296875 0.6708984359375 0.5234375 0.5908203140625 0.5166015640625 0.583984375 0.4990234359375 0.591796875 0.4755859359375 0.58984375 0.466796875 0.6064453140625 0.4765625 0.6396484359375 0.494140625 0.6630859359375 0.4716796859375 0.66796875 0.470703125 0.6845703140625 0.4873046859375 0.705078125 0.521484375 0.7119140640625 0.546875 0.6904296859375 0.546875 0.6806640640625 0.5341796859375 0.6796875 0.529296875 0.6708984359375
2 0.73046875 0.2568359359375 0.720703125 0.2509765640625 0.712890625 0.2333984359375 0.716796875 0.1982421859375 0.7041015640625 0.189453125 0.69140625 0.1962890640625 0.6787109359375 0.22265625 0.6494140640625 0.2109375 0.640625 0.2236328140625 0.64453125 0.2666015640625 0.65625 0.2783203140625 0.658203125 0.2978515640625 0.6787109359375 0.3125 0.6875 0.3115234359375 0.7021484359375 0.296875 0.7177734359375 0.294921875 0.73046875 0.2724609359375 0.73046875 0.2568359359375
2 0.41796875 0.2412109359375 0.4091796859375 0.205078125 0.3876953140625 0.203125 0.3701171859375 0.228515625 0.3525390640625 0.21484375 0.34375 0.2158203140625 0.345703125 0.2568359359375 0.337890625 0.2822265640625 0.328125 0.2880859359375 0.330078125 0.3037109359375 0.341796875 0.3154296859375 0.33984375 0.3271484359375 0.353515625 0.3369140640625 0.361328125 0.3583984359375 0.37890625 0.3603515640625 0.396484375 0.2861328140625 0.4296875 0.2802734359375 0.427734375 0.2529296859375 0.41796875 0.2412109359375