2 0.020507814062499997 0.75390625 0.017578125 0.7744140640625 0.04296875 0.7998046859375 0.05078125 0.7861328140625 0.04296875 0.7646484359375 0.0302734359375 0.75390625 0.020507814062499997 0.75390625
2 0.10058593593750001 0.87890625 0.111328125 0.8779296859375 0.12109375 0.8603515640625 0.11035156406249999 0.84765625 0.091796875 0.8701171859375 0.10058593593750001 0.87890625
2 0.09765625 0.8076171859375 0.10449218593750001 0.818359375 0.12109375 0.8173828140625 0.125 0.8037109359375 0.11816406406249999 0.798828125 0.10644531406249999 0.798828125 0.09765625 0.8076171859375
2 0.1630859359375 1 0.1953125 0.9990234359375 0.1845703140625 0.98046875 0.1708984359375 0.98046875 0.1640625 0.9873046859375 0.1630859359375 1
2 0.373046875 0.6337890640625 0.384765625 0.6494140640625 0.390625 0.6748046859375 0.384765625 0.6904296859375 0.3984375 0.6943359359375 0.400390625 0.7177734359375 0.4072265640625 0.7265625 0.4140625 0.7255859359375 0.41015625 0.6650390640625 0.396484375 0.6357421859375 0.3759765640625 0.623046875 0.373046875 0.6337890640625
2 0.4541015640625 0.78515625 0.44921875 0.7900390640625 0.44921875 0.8134765640625 0.45703125 0.8310546859375 0.453125 0.8466796859375 0.470703125 0.8955078140625 0.478515625 0.8623046859375 0.466796875 0.8408203140625 0.46875 0.8037109359375 0.4541015640625 0.78515625
2 0.357421875 0.5771484359375 0.376953125 0.5927734359375 0.38671875 0.5751953140625 0.3740234359375 0.560546875 0.3623046859375 0.560546875 0.357421875 0.5771484359375
2 0.248046875 0.2236328140625 0.265625 0.2451171859375 0.271484375 0.2197265640625 0.26171875 0.1943359359375 0.2509765640625 0.1875 0.248046875 0.2236328140625
2 0.2421875 0.2802734359375 0.267578125 0.2998046859375 0.26953125 0.3291015640625 0.287109375 0.3349609359375 0.2890625 0.2900390640625 0.2666015640625 0.26171875 0.2470703140625 0.267578125 0.2421875 0.2802734359375
2 0.22265625 0.0576171859375 0.220703125 0.10839843593750001 0.2421875 0.11230468593750001 0.25 0.07519531406249999 0.236328125 0.0537109359375 0.2275390640625 0.052734375 0.22265625 0.0576171859375
2 0.3154296859375 0.478515625 0.314453125 0.4912109359375 0.333984375 0.5244140640625 0.333984375 0.5009765640625 0.34765625 0.4873046859375 0.3408203140625 0.478515625 0.3154296859375 0.478515625
2 0.50390625 0.018554685937500003 0.515625 0.0283203140625 0.515625 0.045898435937499996 0.521484375 0.045898435937499996 0.53125 0.036132814062500004 0.52734375 0.0009765640625 0.5068359359375 0 0.50390625 0.018554685937500003
2 0.625 0.2724609359375 0.5947265640625 0.244140625 0.5859375 0.2568359359375 0.595703125 0.3291015640625 0.615234375 0.3486328140625 0.6171875 0.3291015640625 0.60546875 0.2998046859375 0.625 0.2939453140625 0.625 0.2724609359375
2 0.607421875 0.1494140640625 0.6005859359375 0.12890625 0.587890625 0.1396484359375 0.583984375 0.1611328140625 0.5751953140625 0.1640625 0.5654296859375 0.158203125 0.55859375 0.1748046859375 0.5625 0.2119140640625 0.58203125 0.2236328140625 0.587890625 0.2177734359375 0.583984375 0.2041015640625 0.603515625 0.1923828140625 0.607421875 0.1494140640625
2 0.6572265640625 0.451171875 0.64453125 0.4501953140625 0.654296875 0.4677734359375 0.650390625 0.5029296859375 0.673828125 0.5029296859375 0.67578125 0.4716796859375 0.68359375 0.4541015640625 0.6708984359375 0.4375 0.6572265640625 0.451171875
2 0.7529296859375 0.68359375 0.76171875 0.6826171859375 0.759765625 0.6611328140625 0.7294921859375 0.642578125 0.72265625 0.6669921859375 0.7529296859375 0.68359375
2 0.7080078140625 0.587890625 0.7021484359375 0.58203125 0.703125 0.6240234359375 0.712890625 0.6279296859375 0.7265625 0.6220703140625 0.728515625 0.5947265640625 0.7216796859375 0.583984375 0.7080078140625 0.587890625
2 0.7626953140625 0.775390625 0.771484375 0.7763671859375 0.7734375 0.7568359359375 0.7607421859375 0.74609375 0.751953125 0.7607421859375 0.7626953140625 0.775390625
2 0.8056640640625 0.86328125 0.8046875 0.8857421859375 0.822265625 0.9248046859375 0.83203125 0.9287109359375 0.837890625 0.9208984359375 0.8359375 0.8994140640625 0.822265625 0.8759765640625 0.8056640640625 0.86328125
2 0.947265625 0.4775390640625 0.9453125 0.4462890640625 0.9365234359375 0.4375 0.923828125 0.4755859359375 0.947265625 0.4775390640625
2 0.826171875 0.10253906406249999 0.8330078140625 0.109375 0.84375 0.10839843593750001 0.845703125 0.08691406406249999 0.8408203140625 0.08203125 0.8271484359375 0.0859375 0.826171875 0.10253906406249999
2 0.8779296859375 0.103515625 0.8701171859375 0.1171875 0.8544921859375 0.111328125 0.84765625 0.12011718593750001 0.849609375 0.1416015640625 0.8603515640625 0.15234375 0.892578125 0.1630859359375 0.896484375 0.1474609359375 0.888671875 0.1337890640625 0.888671875 0.10449218593750001 0.8779296859375 0.103515625
2 0.853515625 0.0009765640625 0.8330078140625 0 0.853515625 0.0263671859375 0.853515625 0.0009765640625
2 0.015625 0.5986328140625 0.03125 0.6025390640625 0.0390625 0.6005859359375 0.040039064062500004 0.560546875 0.015625 0.5849609359375 0.015625 0.5986328140625