2 0.890625 0.1728515640625 0.89453125 0.2021484359375 0.90625 0.1943359359375 0.91015625 0.1689453140625 0.9052734359375 0.15234375 0.890625 0.1728515640625
2 1 0.4091796859375 0.9951171859375 0.408203125 0.98046875 0.4189453140625 0.974609375 0.4462890640625 1 0.4775390640625 1 0.4091796859375
2 0.51953125 0.1494140640625 0.521484375 0.1962890640625 0.529296875 0.1982421859375 0.552734375 0.1767578140625 0.546875 0.1376953140625 0.5400390640625 0.12890625 0.51953125 0.1494140640625
2 0.6279296859375 0.455078125 0.603515625 0.5126953140625 0.603515625 0.5205078140625 0.6171875 0.5263671859375 0.6337890640625 0.5234375 0.642578125 0.5146484359375 0.63671875 0.4697265640625 0.6279296859375 0.455078125
2 0.20703125 0.3115234359375 0.1669921859375 0.314453125 0.15625 0.3251953140625 0.171875 0.3505859359375 0.1904296859375 0.359375 0.1953125 0.3759765640625 0.20703125 0.3818359359375 0.2265625 0.3603515640625 0.2265625 0.3525390640625 0.2109375 0.3408203140625 0.20703125 0.3115234359375
2 0.73828125 0.7392578140625 0.720703125 0.7900390640625 0.7275390640625 0.80078125 0.744140625 0.8037109359375 0.7734375 0.7744140640625 0.7734375 0.7470703140625 0.7587890640625 0.720703125 0.73828125 0.7392578140625
2 0.83984375 0.7529296859375 0.830078125 0.8212890640625 0.8388671859375 0.81640625 0.8408203140625 0.826171875 0.8427734359375 0.81640625 0.85546875 0.8193359359375 0.85546875 0.8837890640625 0.8466796859375 0.890625 0.8427734359375 0.87109375 0.830078125 0.8759765640625 0.84765625 0.9072265640625 0.85546875 0.9091796859375 0.861328125 0.8330078140625 0.876953125 0.7783203140625 0.8525390640625 0.740234375 0.83984375 0.7529296859375
2 0.8837890640625 0 0.8671875 0.008789064062500001 0.87109375 0.032226564062500004 0.859375 0.0517578140625 0.880859375 0.12402343593750001 0.896484375 0.12402343593750001 0.91796875 0.10644531406249999 0.91796875 0.09277343593750001 0.9091796859375 0.08203125 0.8876953140625 0.080078125 0.87890625 0.06933593593750001 0.880859375 0.047851564062500004 0.90234375 0.010742185937499999 0.9013671859375 0 0.8837890640625 0
2 0.447265625 0.8759765640625 0.4306640640625 0.869140625 0.4052734359375 0.841796875 0.39453125 0.8857421859375 0.40625 0.9091796859375 0.419921875 0.9150390640625 0.423828125 0.9443359359375 0.4375 0.9482421859375 0.4482421859375 0.9453125 0.458984375 0.9287109359375 0.447265625 0.9013671859375 0.447265625 0.8759765640625
2 0.69921875 0.5693359359375 0.6923828140625 0.53515625 0.6640625 0.5458984359375 0.666015625 0.5693359359375 0.658203125 0.5830078140625 0.669921875 0.6259765640625 0.669921875 0.6533203140625 0.68359375 0.6591796859375 0.7109375 0.6259765640625 0.7109375 0.6142578140625 0.6953125 0.5927734359375 0.69921875 0.5693359359375
2 0.619140625 0.2431640640625 0.5986328140625 0.232421875 0.5751953140625 0.20703125 0.5703125 0.2119140640625 0.572265625 0.2744140640625 0.56640625 0.2880859359375 0.5703125 0.3115234359375 0.5888671859375 0.33203125 0.60546875 0.3310546859375 0.6328125 0.3095703140625 0.63671875 0.2744140640625 0.625 0.2626953140625 0.619140625 0.2431640640625
2 0.1591796859375 0.177734375 0.1552734359375 0.16796875 0.1435546859375 0.177734375 0.13671875 0.1728515640625 0.130859375 0.1572265640625 0.13671875 0.1455078140625 0.134765625 0.1259765640625 0.12207031406249999 0.119140625 0.11328125 0.1416015640625 0.111328125 0.1767578140625 0.099609375 0.1845703140625 0.0859375 0.2119140640625 0.0859375 0.2255859359375 0.10253906406249999 0.236328125 0.1298828140625 0.234375 0.1416015640625 0.25390625 0.150390625 0.2529296859375 0.16796875 0.2314453140625 0.177734375 0.1865234359375 0.1708984359375 0.177734375 0.1591796859375 0.177734375
2 0.3515625 0.6787109359375 0.349609375 0.6572265640625 0.3291015640625 0.6484375 0.32421875 0.6396484359375 0.326171875 0.5869140640625 0.2958984359375 0.546875 0.2685546859375 0.56640625 0.2568359359375 0.52734375 0.2373046859375 0.537109375 0.2275390640625 0.533203125 0.224609375 0.5498046859375 0.255859375 0.6025390640625 0.2685546859375 0.61328125 0.2880859359375 0.61328125 0.30078125 0.6240234359375 0.302734375 0.6591796859375 0.2890625 0.6806640640625 0.328125 0.6982421859375 0.328125 0.7275390640625 0.333984375 0.7275390640625 0.3544921859375 0.72265625 0.365234375 0.7099609359375 0.365234375 0.6962890640625 0.3515625 0.6787109359375