2 0.068359375 0.4873046859375 0.078125 0.4951171859375 0.083984375 0.4794921859375 0.06933593593750001 0.4609375 0.064453125 0.4677734359375 0.068359375 0.4873046859375
2 0.08496093593750001 0.515625 0.107421875 0.5205078140625 0.11328125 0.5107421859375 0.10058593593750001 0.486328125 0.078125 0.4970703140625 0.08496093593750001 0.515625
2 0.09375 0.6123046859375 0.107421875 0.6298828140625 0.11816406406249999 0.638671875 0.126953125 0.6376953140625 0.12109375 0.6005859359375 0.11230468593750001 0.59375 0.09667968593750001 0.6015625 0.09375 0.6123046859375
2 0.130859375 0.6806640640625 0.15234375 0.6865234359375 0.162109375 0.6767578140625 0.16015625 0.6572265640625 0.1337890640625 0.640625 0.130859375 0.6806640640625
2 0.16015625 0.7412109359375 0.146484375 0.7529296859375 0.1474609359375 0.759765625 0.171875 0.7666015640625 0.185546875 0.7587890640625 0.1845703140625 0.72265625 0.1650390640625 0.724609375 0.16015625 0.7412109359375
2 0.326171875 0.2060546859375 0.337890625 0.2353515640625 0.345703125 0.2353515640625 0.3515625 0.2158203140625 0.34375 0.1865234359375 0.3349609359375 0.181640625 0.326171875 0.2060546859375
2 0.6328125 0.038085935937499996 0.634765625 0.0537109359375 0.642578125 0.0556640640625 0.658203125 0.0302734359375 0.6513671859375 0.021484375 0.6416015640625 0.0234375 0.6328125 0.038085935937499996
2 0.68359375 0.12402343593750001 0.6767578140625 0.1171875 0.66015625 0.1435546859375 0.66015625 0.1708984359375 0.673828125 0.1962890640625 0.67578125 0.2294921859375 0.681640625 0.2314453140625 0.6875 0.2255859359375 0.6875 0.1669921859375 0.6796875 0.1513671859375 0.68359375 0.12402343593750001
2 0.7822265640625 0.48828125 0.76953125 0.5166015640625 0.775390625 0.5634765640625 0.802734375 0.5771484359375 0.80859375 0.5322265640625 0.794921875 0.5224609359375 0.794921875 0.4931640640625 0.7822265640625 0.48828125
2 0.8212890640625 0.623046875 0.8134765640625 0.623046875 0.806640625 0.6435546859375 0.8134765640625 0.65234375 0.822265625 0.6513671859375 0.8486328140625 0.642578125 0.853515625 0.6318359359375 0.8310546859375 0.634765625 0.8212890640625 0.623046875
2 0.8349609359375 0.728515625 0.830078125 0.7353515640625 0.833984375 0.7509765640625 0.85546875 0.7607421859375 0.861328125 0.7568359359375 0.859375 0.7431640640625 0.8447265640625 0.7265625 0.8349609359375 0.728515625
2 0.916015625 0.0283203140625 0.931640625 0.049804685937499996 0.943359375 0.036132814062500004 0.9296875 0.0126953140625 0.9228515640625 0.01171875 0.916015625 0.0283203140625
2 0.9482421859375 0.12109375 0.958984375 0.12207031406249999 0.962890625 0.11621093593750001 0.9580078140625 0.111328125 0.9453125 0.11425781406249999 0.9482421859375 0.12109375
2 0.9609375 0.1572265640625 0.97265625 0.1611328140625 0.984375 0.1396484359375 0.9794921859375 0.126953125 0.962890625 0.1318359359375 0.9609375 0.1572265640625
2 0.935546875 0.09863281406249999 0.943359375 0.10058593593750001 0.953125 0.08886718593750001 0.9462890640625 0.078125 0.93359375 0.08886718593750001 0.935546875 0.09863281406249999