2 0.68359375 0.8115234359375 0.689453125 0.7939453140625 0.6767578140625 0.78125 0.673828125 0.8056640640625 0.68359375 0.8115234359375
2 0.125 0.1904296859375 0.11425781406249999 0.1796875 0.080078125 0.2021484359375 0.078125 0.2294921859375 0.08984375 0.2373046859375 0.10644531406249999 0.234375 0.109375 0.2197265640625 0.125 0.2138671859375 0.125 0.1904296859375
2 0.06640625 0.9384765640625 0.0546875 0.9326171859375 0.0537109359375 0.91796875 0.046875 0.9541015640625 0.05078125 0.9716796859375 0.041015625 0.9990234359375 0.08203125 0.9990234359375 0.095703125 0.9755859359375 0.07910156406249999 0.96875 0.0625 0.9501953140625 0.06640625 0.9384765640625
2 0.283203125 0.5693359359375 0.283203125 0.5498046859375 0.2744140640625 0.544921875 0.24609375 0.5634765640625 0.240234375 0.5849609359375 0.224609375 0.5966796859375 0.22265625 0.6083984359375 0.2490234359375 0.619140625 0.2626953140625 0.638671875 0.279296875 0.6396484359375 0.291015625 0.6337890640625 0.30078125 0.6083984359375 0.296875 0.5888671859375 0.283203125 0.5693359359375
2 0.09472656406249999 0.28125 0.08691406406249999 0.28125 0.091796875 0.3115234359375 0.078125 0.3486328140625 0.10058593593750001 0.3671875 0.11425781406249999 0.35546875 0.1259765640625 0.35546875 0.150390625 0.3798828140625 0.15625 0.3720703140625 0.162109375 0.3173828140625 0.10644531406249999 0.296875 0.09472656406249999 0.28125
2 0.216796875 0.4443359359375 0.2001953140625 0.423828125 0.1611328140625 0.419921875 0.158203125 0.4404296859375 0.17578125 0.4677734359375 0.173828125 0.4873046859375 0.162109375 0.5048828140625 0.169921875 0.5341796859375 0.1796875 0.5419921859375 0.208984375 0.5146484359375 0.20703125 0.5009765640625 0.216796875 0.4970703140625 0.216796875 0.4443359359375
2 0.556640625 0.3896484359375 0.54296875 0.3603515640625 0.52734375 0.3505859359375 0.5234375 0.3154296859375 0.5166015640625 0.3125 0.5 0.3173828140625 0.484375 0.3720703140625 0.48828125 0.4345703140625 0.5 0.4384765640625 0.5048828140625 0.40625 0.5185546859375 0.400390625 0.5419921859375 0.41796875 0.556640625 0.3896484359375
2 0 0.1416015640625 0.013671875 0.1513671859375 0.01953125 0.1689453140625 0.029296875 0.1708984359375 0.03515625 0.1572265640625 0.05078125 0.1494140640625 0.05078125 0.1279296859375 0.060546875 0.12402343593750001 0.068359375 0.10253906406249999 0.046875 0.0595703140625 0.0263671859375 0.041015625 0.008789064062500001 0.041015625 0 0.0537109359375 0 0.10839843593750001 0.0078125 0.11035156406249999 0 0.11425781406249999 0 0.1416015640625
2 0.576171875 0.4697265640625 0.5537109359375 0.462890625 0.55078125 0.4970703140625 0.537109375 0.5244140640625 0.55859375 0.5478515640625 0.546875 0.5673828140625 0.546875 0.5810546859375 0.5625 0.5947265640625 0.5654296859375 0.625 0.5888671859375 0.611328125 0.60546875 0.6357421859375 0.609375 0.5322265640625 0.59765625 0.5009765640625 0.580078125 0.4951171859375 0.576171875 0.4697265640625
2 0.7509765640625 0.921875 0.74609375 0.9111328140625 0.7578125 0.8798828140625 0.748046875 0.8505859359375 0.7392578140625 0.841796875 0.7099609359375 0.841796875 0.6962890640625 0.833984375 0.681640625 0.8720703140625 0.689453125 0.8779296859375 0.689453125 0.9111328140625 0.712890625 0.9384765640625 0.708984375 0.9599609359375 0.7265625 0.9716796859375 0.7294921859375 0.984375 0.734375 0.9833984359375 0.7353515640625 0.96875 0.7490234359375 0.96875 0.751953125 0.9990234359375 0.7734375 0.9990234359375 0.775390625 0.9775390640625 0.765625 0.9521484359375 0.765625 0.9267578140625 0.7509765640625 0.921875
2 0.498046875 0.2548828140625 0.4921875 0.2177734359375 0.498046875 0.2001953140625 0.466796875 0.1650390640625 0.46875 0.1259765640625 0.4384765640625 0.125 0.42578125 0.1533203140625 0.4296875 0.1728515640625 0.419921875 0.2021484359375 0.42578125 0.2333984359375 0.4501953140625 0.25 0.453125 0.2587890640625 0.453125 0.2822265640625 0.44140625 0.3056640640625 0.458984375 0.3095703140625 0.4638671859375 0.296875 0.4873046859375 0.296875 0.4921875 0.2900390640625 0.498046875 0.2548828140625
2 0.75390625 0.020507814062499997 0.7587890640625 0 0.732421875 0.0009765640625 0.7392578140625 0.01953125 0.75390625 0.020507814062499997
2 0.7998046859375 0.130859375 0.82421875 0.11816406406249999 0.82421875 0.09863281406249999 0.8017578140625 0.0234375 0.7861328140625 0.060546875 0.7783203140625 0.05078125 0.765625 0.047851564062500004 0.75 0.09277343593750001 0.748046875 0.1298828140625 0.7734375 0.1435546859375 0.765625 0.1884765640625 0.767578125 0.2197265640625 0.77734375 0.2216796859375 0.791015625 0.1396484359375 0.791015625 0.10058593593750001 0.796875 0.10058593593750001 0.7998046859375 0.130859375
2 1 0.5869140640625 0.9765625 0.5810546859375 0.978515625 0.5419921859375 0.955078125 0.5263671859375 0.951171875 0.5029296859375 0.9375 0.4775390640625 0.943359375 0.4384765640625 0.912109375 0.4111328140625 0.9248046859375 0.404296875 0.9306640640625 0.4140625 0.9501953140625 0.41796875 0.955078125 0.3818359359375 0.966796875 0.3681640640625 0.9599609359375 0.359375 0.9345703140625 0.357421875 0.9208984359375 0.328125 0.9140625 0.3583984359375 0.9033203140625 0.369140625 0.8759765640625 0.359375 0.873046875 0.3466796859375 0.859375 0.3408203140625 0.861328125 0.2880859359375 0.873046875 0.2802734359375 0.876953125 0.2490234359375 0.888671875 0.2333984359375 0.8720703140625 0.220703125 0.8564453140625 0.21875 0.8466796859375 0.203125 0.8349609359375 0.203125 0.8251953140625 0.21875 0.8095703140625 0.228515625 0.798828125 0.2275390640625 0.796875 0.2548828140625 0.8125 0.2705078140625 0.80859375 0.3076171859375 0.814453125 0.3193359359375 0.8310546859375 0.33984375 0.853515625 0.3466796859375 0.84375 0.3798828140625 0.841796875 0.4345703140625 0.8583984359375 0.44140625 0.86328125 0.4599609359375 0.875 0.4677734359375 0.87109375 0.5087890640625 0.8798828140625 0.521484375 0.8994140640625 0.513671875 0.935546875 0.5185546859375 0.935546875 0.5263671859375 0.923828125 0.5302734359375 0.919921875 0.5576171859375 0.939453125 0.5947265640625 0.935546875 0.6455078140625 0.9423828140625 0.65625 0.96875 0.6591796859375 0.970703125 0.6884765640625 0.984375 0.7158203140625 0.986328125 0.7763671859375 0.994140625 0.7939453140625 1 0.7939453140625 1 0.5869140640625
0 0.53515625 0.9462890640625 0.533203125 0.9248046859375 0.53515625 0.8935546859375 0.544921875 0.8779296859375 0.5419921859375 0.873046875 0.5302734359375 0.880859375 0.5234375 0.8759765640625 0.513671875 0.8369140640625 0.529296875 0.8134765640625 0.533203125 0.7861328140625 0.5166015640625 0.7734375 0.501953125 0.7763671859375 0.48046875 0.7255859359375 0.4599609359375 0.708984375 0.4453125 0.7158203140625 0.4404296859375 0.732421875 0.4306640640625 0.73046875 0.423828125 0.7138671859375 0.4130859359375 0.708984375 0.3759765640625 0.7265625 0.3681640640625 0.7421875 0.3564453140625 0.7421875 0.337890625 0.7080078140625 0.3154296859375 0.697265625 0.30859375 0.7119140640625 0.28515625 0.7314453140625 0.291015625 0.7568359359375 0.2763671859375 0.7578125 0.263671875 0.7685546859375 0.265625 0.7802734359375 0.28125 0.7978515640625 0.279296875 0.8193359359375 0.3046875 0.8369140640625 0.30859375 0.8564453140625 0.30859375 0.8701171859375 0.29296875 0.8935546859375 0.29296875 0.9111328140625 0.2841796859375 0.9140625 0.26953125 0.9013671859375 0.2734375 0.9345703140625 0.28515625 0.9560546859375 0.27734375 0.9716796859375 0.279296875 0.9970703140625 0.55078125 0.9990234359375 0.55859375 0.9892578140625 0.556640625 0.9638671859375 0.5517578140625 0.94921875 0.53515625 0.9462890640625
2 0.22265625 0.6669921859375 0.23828125 0.6767578140625 0.232421875 0.7236328140625 0.240234375 0.7255859359375 0.25390625 0.6865234359375 0.271484375 0.6923828140625 0.2509765640625 0.654296875 0.22265625 0.6669921859375