2 1 0.6962890640625 0.9794921859375 0.69140625 0.98046875 0.7021484359375 1 0.7216796859375 1 0.6962890640625
2 0.1435546859375 0.919921875 0.134765625 0.9443359359375 0.142578125 0.9951171859375 0.1796875 0.9990234359375 0.16796875 0.9775390640625 0.173828125 0.9521484359375 0.15625 0.9248046859375 0.1435546859375 0.919921875
2 0.3896484359375 0 0.412109375 0.010742185937499999 0.419921875 0.043945314062500004 0.435546875 0.049804685937499996 0.4375 0.018554685937500003 0.4443359359375 0.013671875 0.4658203140625 0.017578125 0.4814453140625 0.03515625 0.4912109359375 0.033203125 0.49609375 0.0263671859375 0.490234375 0.0009765640625 0.4443359359375 0 0.4443359359375 0.01171875 0.4326171859375 0 0.3896484359375 0
2 0.01953125 0.6103515640625 0.017578125 0.5693359359375 0.009765625 0.5478515640625 0.0009765640625 0.544921875 0 0.6923828140625 0.0078125 0.6943359359375 0.021484375 0.6708984359375 0.013671875 0.6435546859375 0.03125 0.6162109359375 0.01953125 0.6103515640625
2 0.97265625 0.4033203140625 0.970703125 0.4208984359375 0.982421875 0.4287109359375 0.96875 0.4404296859375 0.9609375 0.4638671859375 0.978515625 0.4814453140625 0.974609375 0.4990234359375 0.9609375 0.5126953140625 0.9609375 0.5205078140625 0.96875 0.5244140640625 1 0.5087890640625 0.9990234359375 0.3828125 0.9833984359375 0.388671875 0.97265625 0.4033203140625
2 0.8955078140625 0 0.8837890640625 0.01953125 0.8740234359375 0.015625 0.861328125 0.0283203140625 0.857421875 0.045898435937499996 0.869140625 0.06933593593750001 0.87109375 0.10839843593750001 0.8798828140625 0.123046875 0.888671875 0.12207031406249999 0.890625 0.09863281406249999 0.880859375 0.09277343593750001 0.8828125 0.06933593593750001 0.908203125 0.0517578140625 0.888671875 0.032226564062500004 0.9345703140625 0.037109375 0.9423828140625 0.025390625 0.9658203140625 0.01953125 0.970703125 0.0146484359375 0.9658203140625 0.0078125 0.9443359359375 0.0078125 0.9384765640625 0 0.8955078140625 0
2 0.978515625 0.1630859359375 0.98828125 0.1416015640625 0.990234375 0.11621093593750001 0.984375 0.09863281406249999 0.9677734359375 0.083984375 0.958984375 0.09472656406249999 0.951171875 0.1318359359375 0.9189453140625 0.14453125 0.8994140640625 0.125 0.8828125 0.1552734359375 0.8828125 0.1689453140625 0.8916015640625 0.1796875 0.9189453140625 0.1796875 0.923828125 0.1884765640625 0.916015625 0.2099609359375 0.900390625 0.2275390640625 0.9052734359375 0.25390625 0.9443359359375 0.23046875 0.9677734359375 0.255859375 0.9833984359375 0.251953125 0.99609375 0.2607421859375 1 0.2080078140625 0.986328125 0.1982421859375 0.986328125 0.1748046859375 0.978515625 0.1630859359375
2 0.587890625 0.2666015640625 0.587890625 0.2529296859375 0.578125 0.2412109359375 0.576171875 0.2060546859375 0.599609375 0.1904296859375 0.59375 0.1669921859375 0.576171875 0.1533203140625 0.580078125 0.09667968593750001 0.5712890640625 0.08203125 0.55859375 0.09277343593750001 0.5439453140625 0.1328125 0.5322265640625 0.125 0.517578125 0.1318359359375 0.52734375 0.1708984359375 0.544921875 0.1943359359375 0.5302734359375 0.21484375 0.513671875 0.2158203140625 0.51171875 0.2431640640625 0.498046875 0.2607421859375 0.5 0.2783203140625 0.5224609359375 0.28515625 0.53125 0.3115234359375 0.544921875 0.3154296859375 0.5546875 0.3056640640625 0.55859375 0.2822265640625 0.5771484359375 0.279296875 0.587890625 0.2666015640625
2 0.2666015640625 0.390625 0.2783203140625 0.408203125 0.2861328140625 0.408203125 0.29296875 0.3857421859375 0.3046875 0.3740234359375 0.3046875 0.3623046859375 0.2861328140625 0.310546875 0.275390625 0.3154296859375 0.2666015640625 0.333984375 0.2490234359375 0.341796875 0.2080078140625 0.337890625 0.201171875 0.3291015640625 0.19140625 0.2705078140625 0.1845703140625 0.263671875 0.173828125 0.2783203140625 0.171875 0.3076171859375 0.1396484359375 0.306640625 0.12890625 0.3154296859375 0.126953125 0.3310546859375 0.158203125 0.3603515640625 0.154296875 0.4052734359375 0.1865234359375 0.404296875 0.20703125 0.4345703140625 0.21875 0.4384765640625 0.234375 0.4326171859375 0.23828125 0.4111328140625 0.2568359359375 0.39453125 0.2666015640625 0.390625
2 0.040039064062500004 0 0.015625 0.0126953140625 0.009765625 0.022460935937500003 0.01171875 0.038085935937499996 0.0283203140625 0.056640625 0.0556640640625 0.0546875 0.0615234359375 0.064453125 0.06933593593750001 0.056640625 0.08300781406249999 0.056640625 0.08984375 0.06347656406249999 0.08203125 0.08300781406249999 0.10546875 0.11230468593750001 0.1015625 0.1396484359375 0.107421875 0.1552734359375 0.09375 0.2197265640625 0.09863281406249999 0.23046875 0.107421875 0.2314453140625 0.12011718593750001 0.216796875 0.1337890640625 0.216796875 0.1494140640625 0.23046875 0.154296875 0.2197265640625 0.150390625 0.1923828140625 0.1591796859375 0.189453125 0.1748046859375 0.197265625 0.1875 0.1884765640625 0.1875 0.1748046859375 0.140625 0.1416015640625 0.125 0.09863281406249999 0.1328125 0.08105468593750001 0.1640625 0.0576171859375 0.1640625 0.032226564062500004 0.1474609359375 0 0.040039064062500004 0
2 0.73046875 0.7021484359375 0.732421875 0.6845703140625 0.708984375 0.6748046859375 0.732421875 0.6552734359375 0.736328125 0.6005859359375 0.7265625 0.5712890640625 0.75 0.5498046859375 0.751953125 0.5263671859375 0.740234375 0.5068359359375 0.712890625 0.4833984359375 0.712890625 0.4462890640625 0.69921875 0.4345703140625 0.708984375 0.4013671859375 0.70703125 0.3857421859375 0.6884765640625 0.384765625 0.6689453140625 0.39453125 0.662109375 0.3876953140625 0.654296875 0.3447265640625 0.6298828140625 0.3203125 0.623046875 0.3388671859375 0.623046875 0.3876953140625 0.638671875 0.4384765640625 0.5966796859375 0.46484375 0.5869140640625 0.455078125 0.576171875 0.4560546859375 0.576171875 0.5126953140625 0.5849609359375 0.52734375 0.603515625 0.5361328140625 0.60546875 0.5595703140625 0.619140625 0.5732421859375 0.6201171859375 0.59375 0.6455078140625 0.58984375 0.6611328140625 0.60546875 0.6845703140625 0.564453125 0.701171875 0.5869140640625 0.703125 0.6240234359375 0.673828125 0.6708984359375 0.671875 0.6884765640625 0.6796875 0.7294921859375 0.6923828140625 0.734375 0.693359375 0.7490234359375 0.701171875 0.7509765640625 0.705078125 0.7958984359375 0.71875 0.7978515640625 0.720703125 0.7333984359375 0.7373046859375 0.728515625 0.748046875 0.7158203140625 0.73046875 0.7021484359375
2 0.501953125 0.9208984359375 0.4990234359375 0.916015625 0.48046875 0.9189453140625 0.4765625 0.8818359359375 0.494140625 0.8427734359375 0.494140625 0.8173828140625 0.4794921859375 0.80859375 0.4443359359375 0.81640625 0.439453125 0.7861328140625 0.4287109359375 0.767578125 0.4208984359375 0.78515625 0.3935546859375 0.79296875 0.3720703140625 0.765625 0.361328125 0.7626953140625 0.375 0.7529296859375 0.3671875 0.7197265640625 0.37890625 0.6689453140625 0.375 0.6396484359375 0.38671875 0.6103515640625 0.3818359359375 0.603515625 0.3603515640625 0.607421875 0.3515625 0.5791015640625 0.330078125 0.5576171859375 0.33203125 0.5322265640625 0.357421875 0.5009765640625 0.33203125 0.4775390640625 0.33203125 0.4345703140625 0.3232421859375 0.423828125 0.30859375 0.4404296859375 0.2978515640625 0.482421875 0.2724609359375 0.470703125 0.255859375 0.4814453140625 0.2578125 0.4990234359375 0.279296875 0.5302734359375 0.267578125 0.5576171859375 0.267578125 0.5693359359375 0.279296875 0.5849609359375 0.2744140640625 0.591796875 0.2568359359375 0.5859375 0.25390625 0.5947265640625 0.265625 0.6083984359375 0.2578125 0.6279296859375 0.263671875 0.6591796859375 0.3203125 0.6748046859375 0.3203125 0.7060546859375 0.33203125 0.7490234359375 0.328125 0.7705078140625 0.353515625 0.7705078140625 0.369140625 0.8896484359375 0.3837890640625 0.91796875 0.4033203140625 0.91015625 0.40625 0.9189453140625 0.392578125 0.9521484359375 0.3818359359375 0.95703125 0.3681640640625 0.951171875 0.365234375 0.9716796859375 0.3505859359375 0.978515625 0.34375 0.9931640640625 0.3466796859375 1 0.4921875 0.9990234359375 0.494140625 0.9697265640625 0.484375 0.9501953140625 0.5 0.9345703140625 0.501953125 0.9208984359375