2 0.091796875 0.7919921859375 0.091796875 0.7802734359375 0.0859375 0.7607421859375 0.076171875 0.7568359359375 0.08203125 0.7353515640625 0.05859375 0.7177734359375 0.064453125 0.6669921859375 0.0390625 0.6376953140625 0.04296875 0.6162109359375 0.016601564062499997 0.60546875 0.0234375 0.6787109359375 0.0390625 0.7216796859375 0.0126953140625 0.728515625 0.00390625 0.7451171859375 0.0146484359375 0.755859375 0.0302734359375 0.75 0.0390625 0.7626953140625 0.0390625 0.7705078140625 0.016601564062499997 0.77734375 0.015625 0.7861328140625 0.029296875 0.7939453140625 0.03125 0.8212890640625 0.041015625 0.8251953140625 0.0517578140625 0.810546875 0.06347656406249999 0.822265625 0.07421875 0.8037109359375 0.091796875 0.7919921859375
2 0.4560546859375 0.849609375 0.44140625 0.8935546859375 0.4482421859375 0.90234375 0.478515625 0.9091796859375 0.48046875 0.8916015640625 0.466796875 0.8740234359375 0.46484375 0.8525390640625 0.4560546859375 0.849609375
2 0.240234375 0.3662109359375 0.240234375 0.3974609359375 0.25 0.3994140640625 0.26171875 0.3486328140625 0.2412109359375 0.32421875 0.224609375 0.3408203140625 0.240234375 0.3662109359375
2 0.095703125 0.8173828140625 0.09375 0.8251953140625 0.10546875 0.8310546859375 0.10546875 0.8388671859375 0.09765625 0.8427734359375 0.099609375 0.8583984359375 0.02734375 0.9658203140625 0.009765625 0.9970703140625 0.015625 0.9990234359375 0.09765625 0.8759765640625 0.12011718593750001 0.828125 0.11035156406249999 0.83203125 0.095703125 0.8173828140625
2 0.318359375 0.7197265640625 0.2958984359375 0.712890625 0.291015625 0.7236328140625 0.3095703140625 0.74609375 0.32421875 0.7392578140625 0.32421875 0.7763671859375 0.330078125 0.7978515640625 0.33984375 0.8017578140625 0.345703125 0.7939453140625 0.33984375 0.7294921859375 0.3232421859375 0.6875 0.318359375 0.7197265640625
2 0.234375 0.2998046859375 0.23046875 0.2880859359375 0.21484375 0.2763671859375 0.2080078140625 0.24609375 0.19921875 0.2529296859375 0.1953125 0.2919921859375 0.18359375 0.2998046859375 0.19140625 0.3134765640625 0.189453125 0.3388671859375 0.19921875 0.3427734359375 0.21875 0.3369140640625 0.21484375 0.3193359359375 0.2275390640625 0.31640625 0.234375 0.2998046859375
2 0.34375 0.5830078140625 0.359375 0.5634765640625 0.33984375 0.5439453140625 0.341796875 0.5107421859375 0.326171875 0.4990234359375 0.31640625 0.4794921859375 0.314453125 0.4541015640625 0.3095703140625 0.453125 0.302734375 0.4814453140625 0.2958984359375 0.48828125 0.2841796859375 0.482421875 0.275390625 0.4873046859375 0.28125 0.4990234359375 0.275390625 0.4970703140625 0.265625 0.5302734359375 0.2802734359375 0.53125 0.2861328140625 0.54296875 0.3037109359375 0.54296875 0.310546875 0.5498046859375 0.3125 0.5869140640625 0.3203125 0.5966796859375 0.31640625 0.6259765640625 0.3310546859375 0.630859375 0.33984375 0.6533203140625 0.34765625 0.6552734359375 0.353515625 0.6455078140625 0.349609375 0.6162109359375 0.357421875 0.6083984359375 0.34375 0.5830078140625
2 0.427734375 0.7978515640625 0.427734375 0.7822265640625 0.44921875 0.7763671859375 0.45703125 0.7666015640625 0.458984375 0.7431640640625 0.4375 0.7314453140625 0.4287109359375 0.6953125 0.421875 0.7119140640625 0.4111328140625 0.71875 0.41015625 0.6923828140625 0.3681640640625 0.671875 0.359375 0.6767578140625 0.34375 0.7119140640625 0.353515625 0.7177734359375 0.34375 0.7431640640625 0.3662109359375 0.779296875 0.3896484359375 0.7734375 0.396484375 0.7802734359375 0.39453125 0.8154296859375 0.41015625 0.8251953140625 0.41015625 0.8486328140625 0.41796875 0.8583984359375 0.42578125 0.8486328140625 0.427734375 0.8212890640625 0.44140625 0.8134765640625 0.427734375 0.7978515640625
2 0.169921875 0.11425781406249999 0.15625 0.11035156406249999 0.150390625 0.08496093593750001 0.12890625 0.06738281406249999 0.1298828140625 0.05859375 0.15625 0.049804685937499996 0.1484375 0.0009765640625 0.036132814062500004 0 0.015625 0.024414064062499997 0.017578125 0.043945314062500004 0.032226564062500004 0.05078125 0.06933593593750001 0.044921875 0.078125 0.08886718593750001 0.099609375 0.08691406406249999 0.1015625 0.11816406406249999 0.10839843593750001 0.12890625 0.12109375 0.1259765640625 0.119140625 0.09667968593750001 0.126953125 0.09277343593750001 0.138671875 0.11230468593750001 0.126953125 0.1337890640625 0.1455078140625 0.140625 0.15234375 0.1513671859375 0.15234375 0.1630859359375 0.138671875 0.1748046859375 0.140625 0.1865234359375 0.1572265640625 0.19140625 0.16015625 0.2080078140625 0.173828125 0.2177734359375 0.173828125 0.1904296859375 0.193359375 0.1748046859375 0.162109375 0.1337890640625 0.169921875 0.11425781406249999
2 0.580078125 0.1962890640625 0.572265625 0.1416015640625 0.5634765640625 0.14453125 0.5517578140625 0.1328125 0.5380859359375 0.13671875 0.5302734359375 0.125 0.51953125 0.1416015640625 0.5234375 0.1650390640625 0.515625 0.2080078140625 0.5234375 0.2314453140625 0.533203125 0.2333984359375 0.5419921859375 0.201171875 0.5498046859375 0.197265625 0.5634765640625 0.22265625 0.580078125 0.1962890640625
2 0.5009765640625 0 0.509765625 0.018554685937500003 0.5029296859375 0.029296875 0.4853515640625 0.0234375 0.4697265640625 0.00390625 0.46484375 0.008789064062500001 0.48046875 0.0537109359375 0.46875 0.11035156406249999 0.4892578140625 0.099609375 0.509765625 0.11425781406249999 0.52734375 0.08886718593750001 0.51953125 0.0576171859375 0.541015625 0.0595703140625 0.5390625 0.0263671859375 0.5478515640625 0 0.5009765640625 0
2 0.638671875 0.3740234359375 0.642578125 0.3349609359375 0.6298828140625 0.310546875 0.61328125 0.3076171859375 0.61328125 0.2705078140625 0.6005859359375 0.244140625 0.580078125 0.2939453140625 0.580078125 0.3056640640625 0.587890625 0.3134765640625 0.5859375 0.3466796859375 0.591796875 0.3759765640625 0.6083984359375 0.37890625 0.619140625 0.3916015640625 0.615234375 0.4365234359375 0.630859375 0.4384765640625 0.630859375 0.4599609359375 0.642578125 0.4775390640625 0.65625 0.4521484359375 0.654296875 0.4091796859375 0.666015625 0.3916015640625 0.638671875 0.3740234359375
2 0.966796875 0.1708984359375 0.9658203140625 0.1640625 0.931640625 0.1806640640625 0.931640625 0.2255859359375 0.958984375 0.2275390640625 0.966796875 0.2197265640625 0.966796875 0.2060546859375 0.951171875 0.1826171859375 0.966796875 0.1708984359375
2 0.890625 0.1826171859375 0.890625 0.2001953140625 0.90234375 0.2080078140625 0.931640625 0.1787109359375 0.939453125 0.1435546859375 0.9365234359375 0.12890625 0.890625 0.1826171859375
2 0.44140625 0.9990234359375 0.490234375 0.9990234359375 0.4521484359375 0.93359375 0.443359375 0.9443359359375 0.44921875 0.9794921859375 0.44140625 0.9990234359375