2 0.08105468593750001 0.951171875 0.0556640640625 0.939453125 0.033203125 0.9716796859375 0.037109375 0.9814453140625 0.029296875 0.9912109359375 0.032226564062500004 1 0.109375 0.9990234359375 0.103515625 0.9853515640625 0.111328125 0.9541015640625 0.10839843593750001 0.94140625 0.08105468593750001 0.951171875
2 0 0.9423828140625 0.013671875 0.9775390640625 0.01953125 0.9794921859375 0.078125 0.8935546859375 0.07519531406249999 0.884765625 0.03515625 0.8720703140625 0.024414064062499997 0.814453125 0.015625 0.8466796859375 0 0.8642578140625 0 0.9423828140625
2 0.02734375 0.0302734359375 0.015625 0.020507814062499997 0.016601564062499997 0 0 0.0009765640625 0.00390625 0.09667968593750001 0.005859375 0.07128906406249999 0.0146484359375 0.0625 0.03125 0.0595703140625 0.02734375 0.0302734359375
2 0.169921875 0.3779296859375 0.1611328140625 0.3671875 0.130859375 0.3623046859375 0.119140625 0.3330078140625 0.115234375 0.2861328140625 0.080078125 0.2568359359375 0.068359375 0.2333984359375 0.07519531406249999 0.22265625 0.107421875 0.2158203140625 0.10546875 0.1904296859375 0.09472656406249999 0.177734375 0.0615234359375 0.17578125 0.040039064062500004 0.150390625 0.03125 0.1611328140625 0.03125 0.1728515640625 0.015625 0.1787109359375 0.01171875 0.2001953140625 0.017578125 0.2294921859375 0.03515625 0.2509765640625 0.029296875 0.2763671859375 0.03515625 0.2998046859375 0.041992185937499996 0.30859375 0.0546875 0.3095703140625 0.064453125 0.3525390640625 0.08203125 0.3818359359375 0.080078125 0.4306640640625 0.09765625 0.4462890640625 0.095703125 0.4755859359375 0.10058593593750001 0.482421875 0.11035156406249999 0.482421875 0.12207031406249999 0.46484375 0.1376953140625 0.46484375 0.140625 0.4892578140625 0.1494140640625 0.486328125 0.162109375 0.5029296859375 0.189453125 0.4638671859375 0.18359375 0.4287109359375 0.162109375 0.4091796859375 0.169921875 0.3779296859375
2 0.23046875 0.6943359359375 0.236328125 0.6982421859375 0.265625 0.6845703140625 0.2529296859375 0.646484375 0.234375 0.6591796859375 0.23046875 0.6943359359375
2 0.369140625 0.9072265640625 0.37109375 0.8818359359375 0.349609375 0.8662109359375 0.36328125 0.8427734359375 0.36328125 0.8291015640625 0.3447265640625 0.818359375 0.341796875 0.8056640640625 0.330078125 0.7958984359375 0.326171875 0.7646484359375 0.3046875 0.7392578140625 0.298828125 0.6923828140625 0.2646484359375 0.69140625 0.248046875 0.7060546859375 0.255859375 0.7490234359375 0.248046875 0.7763671859375 0.26953125 0.7900390640625 0.2734375 0.8056640640625 0.2734375 0.8564453140625 0.259765625 0.9072265640625 0.2744140640625 0.90625 0.2880859359375 0.892578125 0.294921875 0.9033203140625 0.28125 0.9580078140625 0.2880859359375 0.9609375 0.2998046859375 0.951171875 0.3154296859375 0.958984375 0.3447265640625 0.919921875 0.3515625 0.9248046859375 0.353515625 0.9677734359375 0.359375 0.9755859359375 0.3662109359375 0.982421875 0.3779296859375 0.978515625 0.400390625 0.9833984359375 0.408203125 0.9599609359375 0.40625 0.9423828140625 0.375 0.9189453140625 0.369140625 0.9072265640625
2 0.5927734359375 0.6015625 0.6064453140625 0.611328125 0.619140625 0.6083984359375 0.62109375 0.6005859359375 0.611328125 0.5849609359375 0.6142578140625 0.568359375 0.5810546859375 0.568359375 0.576171875 0.6025390640625 0.5654296859375 0.591796875 0.5390625 0.6298828140625 0.5400390640625 0.634765625 0.5546875 0.6337890640625 0.552734375 0.6650390640625 0.5625 0.6728515640625 0.572265625 0.6318359359375 0.587890625 0.6318359359375 0.587890625 0.6044921859375 0.5927734359375 0.6015625
2 0.5908203140625 0.53515625 0.603515625 0.5205078140625 0.591796875 0.4970703140625 0.59765625 0.4619140640625 0.5849609359375 0.421875 0.57421875 0.4306640640625 0.5654296859375 0.453125 0.5390625 0.4501953140625 0.53125 0.5146484359375 0.5185546859375 0.53125 0.498046875 0.5419921859375 0.51171875 0.5537109359375 0.509765625 0.5771484359375 0.5146484359375 0.583984375 0.537109375 0.5556640640625 0.5390625 0.5888671859375 0.56640625 0.5673828140625 0.5625 0.5595703140625 0.568359375 0.5380859359375 0.5908203140625 0.53515625
2 0.451171875 0.1337890640625 0.443359375 0.10253906406249999 0.458984375 0.08496093593750001 0.4541015640625 0.0703125 0.439453125 0.07714843593750001 0.4306640640625 0.05078125 0.423828125 0.0595703140625 0.41796875 0.10253906406249999 0.419921875 0.1318359359375 0.40625 0.1298828140625 0.412109375 0.1513671859375 0.40234375 0.1669921859375 0.4052734359375 0.1796875 0.4169921859375 0.169921875 0.4296875 0.1787109359375 0.43359375 0.1650390640625 0.427734375 0.1474609359375 0.4345703140625 0.1328125 0.451171875 0.1337890640625
2 0.794921875 0.07324218593750001 0.8095703140625 0.056640625 0.8203125 0.07714843593750001 0.8291015640625 0.080078125 0.828125 0.0556640640625 0.8427734359375 0.048828125 0.85546875 0.032226564062500004 0.8486328140625 0.01171875 0.8212890640625 0.0234375 0.8134765640625 0 0.806640625 0.0009765640625 0.8046875 0.034179685937499996 0.796875 0.040039064062500004 0.7939453140625 0.060546875 0.7890625 0.0517578140625 0.794921875 0.041992185937499996 0.79296875 0.0283203140625 0.78125 0.0029296859375 0.7578125 0.0009765640625 0.74609375 0.041992185937499996 0.74609375 0.10839843593750001 0.728515625 0.12402343593750001 0.7333984359375 0.134765625 0.748046875 0.1416015640625 0.748046875 0.1650390640625 0.759765625 0.1728515640625 0.76171875 0.1884765640625 0.77734375 0.1982421859375 0.791015625 0.1767578140625 0.791015625 0.1318359359375 0.80078125 0.11816406406249999 0.794921875 0.07324218593750001
2 0.865234375 0.3173828140625 0.8623046859375 0.287109375 0.849609375 0.3173828140625 0.83203125 0.3271484359375 0.84375 0.3427734359375 0.8359375 0.3603515640625 0.85546875 0.3759765640625 0.880859375 0.3642578140625 0.8720703140625 0.3515625 0.85546875 0.3466796859375 0.865234375 0.3173828140625
2 0.9248046859375 0.541015625 0.8994140640625 0.529296875 0.890625 0.5419921859375 0.904296875 0.5556640640625 0.90234375 0.5771484359375 0.91015625 0.5810546859375 0.9169921859375 0.568359375 0.931640625 0.5654296859375 0.931640625 0.5576171859375 0.9248046859375 0.541015625