2 0.06640625 0.9990234359375 0.1171875 0.9990234359375 0.107421875 0.9794921859375 0.1171875 0.9501953140625 0.10253906406249999 0.9453125 0.06640625 0.9990234359375
2 0.349609375 0.6162109359375 0.3447265640625 0.609375 0.2900390640625 0.609375 0.283203125 0.6240234359375 0.2890625 0.6416015640625 0.2744140640625 0.642578125 0.271484375 0.6513671859375 0.283203125 0.6650390640625 0.28515625 0.6943359359375 0.30078125 0.7060546859375 0.31640625 0.7431640640625 0.326171875 0.7470703140625 0.333984375 0.7333984359375 0.33203125 0.7216796859375 0.35546875 0.6982421859375 0.349609375 0.6162109359375
2 0.41015625 0.8818359359375 0.404296875 0.8466796859375 0.4248046859375 0.83984375 0.43359375 0.8251953140625 0.423828125 0.8076171859375 0.4208984359375 0.7734375 0.4033203140625 0.779296875 0.3916015640625 0.76953125 0.3759765640625 0.76953125 0.357421875 0.7822265640625 0.353515625 0.7978515640625 0.357421875 0.8388671859375 0.3720703140625 0.841796875 0.373046875 0.8525390640625 0.359375 0.8876953140625 0.34765625 0.8974609359375 0.396484375 0.9443359359375 0.416015625 0.9365234359375 0.41015625 0.9072265640625 0.419921875 0.8916015640625 0.41015625 0.8818359359375
2 0 0.9169921859375 0.0048828140625 0.919921875 0.015625 0.9111328140625 0.018554685937500003 0.876953125 0.0234375 0.8818359359375 0.017578125 0.9208984359375 0.021484375 0.9482421859375 0.046875 0.9619140640625 0.047851564062500004 0.95703125 0.06542968593750001 0.95703125 0.072265625 0.9462890640625 0.0703125 0.9326171859375 0.080078125 0.9052734359375 0.0859375 0.9033203140625 0.078125 0.9013671859375 0.08203125 0.8603515640625 0.06933593593750001 0.841796875 0.043945314062500004 0.84375 0.033203125 0.8193359359375 0.013671875 0.8095703140625 0.0078125 0.7861328140625 0.036132814062500004 0.791015625 0.052734375 0.7783203140625 0.0546875 0.7568359359375 0.064453125 0.7470703140625 0.064453125 0.7158203140625 0.072265625 0.6904296859375 0.0615234359375 0.6875 0.041992185937499996 0.662109375 0.018554685937500003 0.662109375 0.013671875 0.6728515640625 0.015625 0.7314453140625 0 0.7431640640625 0 0.9169921859375
2 0.21484375 0.3955078140625 0.21484375 0.3779296859375 0.228515625 0.3603515640625 0.2109375 0.3447265640625 0.21484375 0.3173828140625 0.205078125 0.2978515640625 0.208984375 0.2646484359375 0.193359375 0.2431640640625 0.19921875 0.2099609359375 0.1884765640625 0.205078125 0.1708984359375 0.21484375 0.1572265640625 0.205078125 0.1435546859375 0.212890625 0.134765625 0.2080078140625 0.140625 0.1689453140625 0.130859375 0.1298828140625 0.142578125 0.09472656406249999 0.1298828140625 0.083984375 0.08496093593750001 0.0859375 0.080078125 0.08105468593750001 0.107421875 0.049804685937499996 0.107421875 0.034179685937499996 0.09375 0.022460935937500003 0.08984375 0.0009765640625 0.0009765640625 0 0 0.10253906406249999 0.0048828140625 0.091796875 0.0126953140625 0.09375 0.015625 0.10644531406249999 0.025390625 0.11230468593750001 0.0009765640625 0.12109375 0 0.1337890640625 0.024414064062499997 0.158203125 0.049804685937499996 0.142578125 0.046875 0.1708984359375 0.0537109359375 0.1796875 0.08691406406249999 0.205078125 0.11035156406249999 0.201171875 0.1171875 0.2080078140625 0.109375 0.2568359359375 0.123046875 0.2724609359375 0.123046875 0.2861328140625 0.150390625 0.2998046859375 0.1455078140625 0.3125 0.12109375 0.3271484359375 0.12890625 0.3583984359375 0.1455078140625 0.390625 0.1630859359375 0.392578125 0.1748046859375 0.40625 0.19140625 0.4091796859375 0.189453125 0.4580078140625 0.203125 0.4716796859375 0.234375 0.4677734359375 0.228515625 0.4404296859375 0.236328125 0.4169921859375 0.21484375 0.3955078140625
2 0.763671875 0.6259765640625 0.76953125 0.6689453140625 0.77734375 0.6572265640625 0.779296875 0.5947265640625 0.7685546859375 0.576171875 0.763671875 0.6259765640625
2 0.7294921859375 0.68359375 0.732421875 0.6748046859375 0.7001953140625 0.658203125 0.6708984359375 0.654296875 0.65625 0.6884765640625 0.673828125 0.6923828140625 0.673828125 0.7177734359375 0.69140625 0.7294921859375 0.708984375 0.7236328140625 0.705078125 0.6943359359375 0.7197265640625 0.6796875 0.7294921859375 0.68359375
2 0.49609375 0.1708984359375 0.515625 0.1572265640625 0.5146484359375 0.12109375 0.4833984359375 0.12109375 0.478515625 0.1259765640625 0.484375 0.1611328140625 0.46484375 0.1845703140625 0.474609375 0.2158203140625 0.490234375 0.2333984359375 0.49609375 0.2119140640625 0.505859375 0.2021484359375 0.505859375 0.1865234359375 0.49609375 0.1708984359375
2 0.48828125 0.06738281406249999 0.4814453140625 0.056640625 0.46875 0.0537109359375 0.46875 0.0302734359375 0.453125 0.0029296859375 0.4384765640625 0 0.4375 0.0263671859375 0.4453125 0.0537109359375 0.4306640640625 0.05859375 0.423828125 0.07519531406249999 0.4326171859375 0.0859375 0.447265625 0.08496093593750001 0.44921875 0.12207031406249999 0.4521484359375 0.12890625 0.458984375 0.1279296859375 0.466796875 0.11621093593750001 0.466796875 0.09082031406249999 0.486328125 0.08105468593750001 0.48828125 0.06738281406249999
2 0.548828125 0.2900390640625 0.5703125 0.2900390640625 0.572265625 0.2509765640625 0.580078125 0.2353515640625 0.5556640640625 0.232421875 0.5419921859375 0.212890625 0.53515625 0.2177734359375 0.53125 0.2626953140625 0.513671875 0.2685546859375 0.50390625 0.3193359359375 0.50390625 0.3271484359375 0.513671875 0.3291015640625 0.5263671859375 0.322265625 0.5419921859375 0.326171875 0.548828125 0.3173828140625 0.548828125 0.2900390640625
2 1 0.3173828140625 0.990234375 0.3134765640625 0.9794921859375 0.294921875 0.974609375 0.2978515640625 0.97265625 0.3408203140625 0.9482421859375 0.349609375 0.9296875 0.3662109359375 0.939453125 0.4052734359375 0.935546875 0.4345703140625 0.955078125 0.4423828140625 0.95703125 0.4658203140625 0.966796875 0.4931640640625 0.97265625 0.4951171859375 1 0.4541015640625 1 0.3173828140625
2 0.9521484359375 0.220703125 0.931640625 0.2177734359375 0.92578125 0.1904296859375 0.9306640640625 0.18359375 0.9677734359375 0.1796875 0.97265625 0.1552734359375 0.947265625 0.1357421859375 0.9404296859375 0.109375 0.908203125 0.10839843593750001 0.9091796859375 0.1015625 0.9189453140625 0.103515625 0.94140625 0.08886718593750001 0.9326171859375 0.080078125 0.9208984359375 0.087890625 0.91015625 0.08300781406249999 0.904296875 0.06738281406249999 0.880859375 0.049804685937499996 0.873046875 0.0009765640625 0.8623046859375 0 0.849609375 0.040039064062500004 0.826171875 0.0556640640625 0.830078125 0.10449218593750001 0.8388671859375 0.111328125 0.8486328140625 0.109375 0.8564453140625 0.119140625 0.8740234359375 0.1171875 0.8759765640625 0.111328125 0.904296875 0.11230468593750001 0.8857421859375 0.115234375 0.873046875 0.1279296859375 0.87109375 0.1474609359375 0.884765625 0.1748046859375 0.8671875 0.1962890640625 0.8828125 0.2060546859375 0.890625 0.2216796859375 0.890625 0.2470703140625 0.921875 0.2666015640625 0.927734375 0.3017578140625 0.935546875 0.3056640640625 0.943359375 0.2880859359375 0.943359375 0.2568359359375 0.95703125 0.2275390640625 0.9521484359375 0.220703125