2 0.763671875 0.6240234359375 0.765625 0.6591796859375 0.771484375 0.6611328140625 0.779296875 0.6396484359375 0.779296875 0.5732421859375 0.7685546859375 0.556640625 0.763671875 0.6240234359375
2 0.11035156406249999 0.92578125 0.087890625 0.9462890640625 0.068359375 0.9873046859375 0.06933593593750001 1 0.09765625 0.9990234359375 0.11328125 0.9853515640625 0.107421875 0.9580078140625 0.119140625 0.9345703140625 0.11035156406249999 0.92578125
2 0.732421875 0.6591796859375 0.7060546859375 0.65625 0.7021484359375 0.642578125 0.6748046859375 0.640625 0.658203125 0.6591796859375 0.654296875 0.6748046859375 0.669921875 0.6904296859375 0.673828125 0.7041015640625 0.69140625 0.7138671859375 0.703125 0.7119140640625 0.705078125 0.6767578140625 0.7314453140625 0.673828125 0.732421875 0.6591796859375
2 0.515625 0.1474609359375 0.5166015640625 0.107421875 0.4853515640625 0.107421875 0.48046875 0.11230468593750001 0.484375 0.1533203140625 0.466796875 0.1689453140625 0.47265625 0.2001953140625 0.4853515640625 0.21875 0.4921875 0.2177734359375 0.5078125 0.1884765640625 0.5078125 0.1748046859375 0.49609375 0.1552734359375 0.515625 0.1474609359375
2 0.470703125 0.040039064062500004 0.46875 0.0146484359375 0.4609375 0.0009765640625 0.4443359359375 0 0.44140625 0.018554685937500003 0.447265625 0.038085935937499996 0.42578125 0.0517578140625 0.42578125 0.06347656406249999 0.44921875 0.07910156406249999 0.451171875 0.10644531406249999 0.46484375 0.10839843593750001 0.466796875 0.08496093593750001 0.486328125 0.07128906406249999 0.48828125 0.0576171859375 0.470703125 0.040039064062500004
2 0.5458984359375 0.203125 0.53515625 0.2119140640625 0.53125 0.2509765640625 0.515625 0.2548828140625 0.513671875 0.2744140640625 0.501953125 0.2939453140625 0.5068359359375 0.3125 0.541015625 0.3115234359375 0.548828125 0.2822265640625 0.572265625 0.2763671859375 0.578125 0.2412109359375 0.5458984359375 0.203125
2 0 0.7646484359375 0.022460935937500003 0.779296875 0.0390625 0.7783203140625 0.046875 0.7666015640625 0.041015625 0.7333984359375 0.047851564062500004 0.728515625 0.0595703140625 0.736328125 0.06640625 0.7275390640625 0.0625 0.7041015640625 0.07421875 0.6826171859375 0.06933593593750001 0.673828125 0.0546875 0.6728515640625 0.040039064062500004 0.646484375 0.032226564062500004 0.65234375 0.020507814062499997 0.650390625 0.015625 0.6572265640625 0.021484375 0.6904296859375 0.017578125 0.7197265640625 0.0302734359375 0.71875 0.0390625 0.7333984359375 0 0.7392578140625 0 0.7646484359375
2 0.3447265640625 0.58984375 0.3291015640625 0.595703125 0.2978515640625 0.58984375 0.2890625 0.5947265640625 0.294921875 0.6279296859375 0.2763671859375 0.625 0.275390625 0.6298828140625 0.287109375 0.6474609359375 0.28515625 0.6748046859375 0.3046875 0.6943359359375 0.3203125 0.7294921859375 0.328125 0.7314453140625 0.337890625 0.7001953140625 0.359375 0.6767578140625 0.3515625 0.5966796859375 0.3447265640625 0.58984375
2 0.41015625 0.8642578140625 0.408203125 0.8330078140625 0.4267578140625 0.828125 0.43359375 0.8115234359375 0.421875 0.7880859359375 0.419921875 0.7607421859375 0.4052734359375 0.765625 0.3798828140625 0.75390625 0.37109375 0.7646484359375 0.390625 0.7685546859375 0.388671875 0.7900390640625 0.376953125 0.7919921859375 0.3720703140625 0.8125 0.35546875 0.8076171859375 0.357421875 0.8193359359375 0.3720703140625 0.822265625 0.375 0.8330078140625 0.3515625 0.8857421859375 0.39453125 0.9306640640625 0.41796875 0.9189453140625 0.4140625 0.8876953140625 0.421875 0.8740234359375 0.41015625 0.8642578140625
2 0.078125 0.8583984359375 0.080078125 0.8369140640625 0.06738281406249999 0.826171875 0.043945314062500004 0.828125 0.034179685937499996 0.8046875 0.018554685937500003 0.80859375 0.010742185937499999 0.796875 0.0009765640625 0.794921875 0 0.9052734359375 0.015625 0.8974609359375 0.015625 0.8623046859375 0.0283203140625 0.85546875 0.021484375 0.8876953140625 0.0234375 0.9326171859375 0.0546875 0.9404296859375 0.04296875 0.9501953140625 0.03515625 0.9677734359375 0.0390625 0.9697265640625 0.056640625 0.9443359359375 0.068359375 0.9384765640625 0.091796875 0.8857421859375 0.078125 0.8583984359375
2 1 0.3056640640625 0.9912109359375 0.3046875 0.9775390640625 0.283203125 0.97265625 0.2861328140625 0.97265625 0.3291015640625 0.9482421859375 0.3359375 0.9296875 0.3564453140625 0.935546875 0.4228515640625 0.9404296859375 0.431640625 0.953125 0.4345703140625 0.95703125 0.4599609359375 0.96875 0.4814453140625 0.98828125 0.4619140640625 0.990234375 0.4404296859375 1 0.4384765640625 1 0.3056640640625
2 0.9296875 0.2080078140625 0.92578125 0.1728515640625 0.9658203140625 0.169921875 0.97265625 0.1474609359375 0.9638671859375 0.134765625 0.943359375 0.12402343593750001 0.935546875 0.07519531406249999 0.927734375 0.08300781406249999 0.9306640640625 0.08984375 0.908203125 0.08105468593750001 0.90625 0.0615234359375 0.880859375 0.045898435937499996 0.873046875 0.0048828140625 0.8623046859375 0 0.849609375 0.034179685937499996 0.828125 0.045898435937499996 0.833984375 0.049804685937499996 0.828125 0.0556640640625 0.83203125 0.09277343593750001 0.8623046859375 0.111328125 0.875 0.11230468593750001 0.87109375 0.1396484359375 0.88671875 0.1611328140625 0.869140625 0.1787109359375 0.869140625 0.1865234359375 0.8779296859375 0.1953125 0.88671875 0.1943359359375 0.888671875 0.2333984359375 0.91796875 0.2529296859375 0.92578125 0.2919921859375 0.93359375 0.2939453140625 0.939453125 0.2509765640625 0.953125 0.2314453140625 0.955078125 0.2158203140625 0.9296875 0.2080078140625
2 0.0009765640625 0 0 0.07324218593750001 0.0146484359375 0.072265625 0.029296875 0.09472656406249999 0.001953125 0.11425781406249999 0.024414064062499997 0.140625 0.034179685937499996 0.140625 0.049804685937499996 0.126953125 0.0556640640625 0.162109375 0.09472656406249999 0.19140625 0.11035156406249999 0.181640625 0.12109375 0.1943359359375 0.111328125 0.2412109359375 0.125 0.2568359359375 0.126953125 0.2724609359375 0.1376953140625 0.271484375 0.15234375 0.2900390640625 0.1474609359375 0.30078125 0.1279296859375 0.306640625 0.123046875 0.3154296859375 0.14453125 0.3701171859375 0.193359375 0.3955078140625 0.19140625 0.4345703140625 0.197265625 0.4541015640625 0.205078125 0.4580078140625 0.2158203140625 0.451171875 0.2314453140625 0.45703125 0.236328125 0.4521484359375 0.232421875 0.4208984359375 0.23828125 0.4052734359375 0.21875 0.3837890640625 0.21875 0.3662109359375 0.234375 0.3447265640625 0.216796875 0.3291015640625 0.21875 0.3017578140625 0.208984375 0.2861328140625 0.2109375 0.2529296859375 0.1953125 0.2275390640625 0.201171875 0.1923828140625 0.1904296859375 0.189453125 0.1748046859375 0.201171875 0.1630859359375 0.193359375 0.1435546859375 0.197265625 0.138671875 0.1923828140625 0.13671875 0.1708984359375 0.142578125 0.1552734359375 0.1328125 0.12011718593750001 0.14453125 0.07910156406249999 0.1357421859375 0.0703125 0.091796875 0.06738281406249999 0.095703125 0.049804685937499996 0.109375 0.036132814062500004 0.109375 0.016601564062499997 0.09277343593750001 0 0.0009765640625 0