2 0 0.6669921859375 0.0146484359375 0.673828125 0.0302734359375 0.666015625 0.04296875 0.6865234359375 0.056640625 0.6923828140625 0.076171875 0.6865234359375 0.0625 0.6552734359375 0.0703125 0.6416015640625 0.060546875 0.6298828140625 0.0703125 0.6123046859375 0.064453125 0.5830078140625 0.08984375 0.5751953140625 0.0859375 0.5556640640625 0.091796875 0.5341796859375 0.068359375 0.5205078140625 0.080078125 0.4892578140625 0.076171875 0.4677734359375 0.04296875 0.4541015640625 0.0390625 0.4267578140625 0.0009765640625 0.3828125 0 0.5341796859375 0.01171875 0.5439453140625 0.01171875 0.5673828140625 0 0.5810546859375 0 0.6669921859375
2 0.22265625 0.8974609359375 0.181640625 0.8525390640625 0.1796875 0.8251953140625 0.16015625 0.7919921859375 0.154296875 0.7939453140625 0.1484375 0.8134765640625 0.1376953140625 0.818359375 0.140625 0.7998046859375 0.12402343593750001 0.78125 0.115234375 0.7998046859375 0.12109375 0.8251953140625 0.1171875 0.8408203140625 0.08984375 0.8916015640625 0.1015625 0.9150390640625 0.083984375 0.9267578140625 0.095703125 0.9482421859375 0.115234375 0.9638671859375 0.11328125 0.9833984359375 0.11816406406249999 0.98828125 0.1396484359375 0.984375 0.1552734359375 1 0.255859375 0.9990234359375 0.240234375 0.9833984359375 0.240234375 0.9697265640625 0.2265625 0.9599609359375 0.22265625 0.8974609359375
2 0.408203125 0.4833984359375 0.384765625 0.4658203140625 0.3671875 0.4365234359375 0.3671875 0.4072265640625 0.34765625 0.3935546859375 0.359375 0.3681640640625 0.359375 0.3505859359375 0.337890625 0.3349609359375 0.3310546859375 0.310546875 0.3154296859375 0.310546875 0.302734375 0.2998046859375 0.302734375 0.2802734359375 0.3125 0.2685546859375 0.3125 0.2568359359375 0.298828125 0.2392578140625 0.296875 0.2177734359375 0.2607421859375 0.205078125 0.25 0.1748046859375 0.2333984359375 0.173828125 0.216796875 0.1962890640625 0.220703125 0.2294921859375 0.2255859359375 0.234375 0.2353515640625 0.2265625 0.2421875 0.2353515640625 0.248046875 0.2724609359375 0.236328125 0.2939453140625 0.263671875 0.3095703140625 0.271484375 0.3427734359375 0.26953125 0.3681640640625 0.24609375 0.4052734359375 0.2646484359375 0.412109375 0.2783203140625 0.404296875 0.2890625 0.4228515640625 0.267578125 0.4755859359375 0.2763671859375 0.48046875 0.2900390640625 0.470703125 0.3076171859375 0.490234375 0.314453125 0.4794921859375 0.3154296859375 0.453125 0.3271484359375 0.462890625 0.3427734359375 0.458984375 0.349609375 0.4755859359375 0.337890625 0.4931640640625 0.333984375 0.5361328140625 0.353515625 0.5458984359375 0.35546875 0.5185546859375 0.3740234359375 0.513671875 0.3984375 0.5419921859375 0.408203125 0.4833984359375
2 0.447265625 0.7802734359375 0.4501953140625 0.79296875 0.470703125 0.8017578140625 0.486328125 0.7939453140625 0.486328125 0.7626953140625 0.4716796859375 0.7578125 0.447265625 0.7802734359375
2 0.5009765640625 0.849609375 0.490234375 0.8681640640625 0.49609375 0.8857421859375 0.48828125 0.9111328140625 0.50390625 0.9423828140625 0.5185546859375 0.919921875 0.53125 0.9169921859375 0.53125 0.9091796859375 0.5009765640625 0.849609375
2 0.6123046859375 0.111328125 0.630859375 0.10644531406249999 0.626953125 0.08105468593750001 0.6171875 0.06933593593750001 0.6220703140625 0.0546875 0.5908203140625 0.05859375 0.5810546859375 0.095703125 0.5654296859375 0.091796875 0.552734375 0.09667968593750001 0.55859375 0.0595703140625 0.576171875 0.0537109359375 0.576171875 0.0146484359375 0.603515625 0.0009765640625 0.5283203140625 0 0.5244140640625 0.0078125 0.5029296859375 0.00390625 0.498046875 0.018554685937500003 0.517578125 0.034179685937499996 0.513671875 0.07910156406249999 0.5263671859375 0.0859375 0.54296875 0.07714843593750001 0.541015625 0.12402343593750001 0.55859375 0.1279296859375 0.55859375 0.1533203140625 0.568359375 0.1591796859375 0.578125 0.12402343593750001 0.5908203140625 0.126953125 0.6005859359375 0.1015625 0.6123046859375 0.111328125
2 0.943359375 0.0556640640625 0.9443359359375 0.041015625 0.9267578140625 0.052734375 0.92578125 0.041992185937499996 0.9169921859375 0.0390625 0.91015625 0.0556640640625 0.923828125 0.06738281406249999 0.921875 0.09667968593750001 0.9296875 0.10058593593750001 0.9384765640625 0.08203125 0.955078125 0.07714843593750001 0.955078125 0.06542968593750001 0.943359375 0.0556640640625
1 0.556640625 0.3779296859375 0.55078125 0.3505859359375 0.5458984359375 0.341796875 0.5322265640625 0.341796875 0.4951171859375 0.3125 0.482421875 0.3505859359375 0.50390625 0.3701171859375 0.48828125 0.3759765640625 0.48828125 0.3896484359375 0.521484375 0.4169921859375 0.525390625 0.4326171859375 0.53125 0.4345703140625 0.54296875 0.4267578140625 0.541015625 0.4091796859375 0.55078125 0.3994140640625 0.556640625 0.3779296859375
1 0.4892578140625 0.578125 0.5454545453125 0.6015151515625 0.5703125 0.5693359359375 0.4970703140625 0.560546875 0.486328125 0.5732421859375 0.4892578140625 0.578125
2 0.37890625 0.5830078140625 0.384765625 0.5849609359375 0.392578125 0.5791015640625 0.392578125 0.5556640640625 0.3818359359375 0.544921875 0.37890625 0.5830078140625
1 0.529296875 0.6708984359375 0.5322265640625 0.6796875 0.548828125 0.6787109359375 0.55859375 0.6416015640625 0.546875 0.6201171859375 0.5400390640625 0.619140625 0.529296875 0.6708984359375