0 0.3212890640625 0 0.2919921859375 0.029296875 0.2607421859375 0.037109375 0.2509765640625 0.0546875 0.2314453140625 0.044921875 0.21875 0.0537109359375 0.240234375 0.08691406406249999 0.232421875 0.12207031406249999 0.236328125 0.1455078140625 0.255859375 0.1533203140625 0.267578125 0.1943359359375 0.267578125 0.2080078140625 0.2470703140625 0.234375 0.2392578140625 0.234375 0.2255859359375 0.216796875 0.220703125 0.2216796859375 0.2265625 0.2568359359375 0.25 0.2919921859375 0.234375 0.3291015640625 0.236328125 0.3505859359375 0.2431640640625 0.353515625 0.2548828140625 0.341796875 0.265625 0.3662109359375 0.2763671859375 0.365234375 0.294921875 0.3857421859375 0.2890625 0.4384765640625 0.3017578140625 0.4609375 0.3173828140625 0.45703125 0.3310546859375 0.443359375 0.357421875 0.4580078140625 0.359375 0.4814453140625 0.376953125 0.5009765640625 0.37109375 0.5498046859375 0.3759765640625 0.556640625 0.390625 0.5517578140625 0.392578125 0.5888671859375 0.404296875 0.5927734359375 0.40625 0.6123046859375 0.4150390640625 0.619140625 0.4384765640625 0.61328125 0.451171875 0.6240234359375 0.453125 0.6455078140625 0.4619140640625 0.642578125 0.4794921859375 0.669921875 0.4921875 0.6689453140625 0.494140625 0.6474609359375 0.484375 0.6298828140625 0.490234375 0.6103515640625 0.484375 0.5810546859375 0.4921875 0.5615234359375 0.482421875 0.5302734359375 0.49609375 0.4951171859375 0.486328125 0.4755859359375 0.484375 0.4267578140625 0.515625 0.3974609359375 0.515625 0.3798828140625 0.529296875 0.3447265640625 0.529296875 0.3193359359375 0.5390625 0.3076171859375 0.53125 0.2802734359375 0.53515625 0.2216796859375 0.5283203140625 0.2109375 0.5078125 0.2080078140625 0.5078125 0.1884765640625 0.490234375 0.1572265640625 0.4921875 0.1396484359375 0.513671875 0.1279296859375 0.513671875 0.11035156406249999 0.49609375 0.09082031406249999 0.494140625 0.07324218593750001 0.4765625 0.06738281406249999 0.46484375 0.040039064062500004 0.4580078140625 0.033203125 0.4404296859375 0.037109375 0.4267578140625 0.01953125 0.4130859359375 0.0234375 0.4072265640625 0 0.3212890640625 0
2 0.080078125 0.6806640640625 0.091796875 0.6923828140625 0.109375 0.6650390640625 0.09667968593750001 0.634765625 0.080078125 0.6513671859375 0.080078125 0.6806640640625
2 0.0009765640625 0.3125 0 0.3818359359375 0.013671875 0.3837890640625 0.018554685937500003 0.375 0.0302734359375 0.376953125 0.0390625 0.3583984359375 0.0009765640625 0.3125
2 0.040039064062500004 0.595703125 0.0078125 0.6142578140625 0.0234375 0.6279296859375 0.025390625 0.6630859359375 0.03515625 0.6650390640625 0.047851564062500004 0.65234375 0.060546875 0.6513671859375 0.056640625 0.6279296859375 0.040039064062500004 0.595703125
2 0.1982421859375 0.728515625 0.1904296859375 0.728515625 0.1669921859375 0.740234375 0.158203125 0.7568359359375 0.1796875 0.7744140640625 0.18359375 0.8017578140625 0.197265625 0.8056640640625 0.20703125 0.7919921859375 0.19921875 0.7685546859375 0.203125 0.7392578140625 0.1982421859375 0.728515625
2 0.134765625 0.6611328140625 0.140625 0.6767578140625 0.1328125 0.6982421859375 0.1640625 0.7138671859375 0.18359375 0.6552734359375 0.1689453140625 0.640625 0.1572265640625 0.638671875 0.134765625 0.6611328140625
2 0.109375 0.4990234359375 0.07910156406249999 0.46875 0.049804685937499996 0.458984375 0.04296875 0.4658203140625 0.041992185937499996 0.484375 0.0146484359375 0.484375 0.005859375 0.4951171859375 0.0078125 0.5107421859375 0.0234375 0.5322265640625 0.017578125 0.5634765640625 0.049804685937499996 0.580078125 0.0595703140625 0.576171875 0.07324218593750001 0.58203125 0.07910156406249999 0.60546875 0.125 0.6162109359375 0.1376953140625 0.61328125 0.140625 0.6005859359375 0.11328125 0.5517578140625 0.109375 0.4990234359375
2 0.2626953140625 0.912109375 0.255859375 0.8974609359375 0.287109375 0.8720703140625 0.291015625 0.8466796859375 0.275390625 0.8330078140625 0.275390625 0.8115234359375 0.2666015640625 0.8046875 0.2548828140625 0.80859375 0.2333984359375 0.787109375 0.21875 0.8154296859375 0.216796875 0.8603515640625 0.171875 0.8955078140625 0.16796875 0.9267578140625 0.197265625 0.9248046859375 0.220703125 0.9716796859375 0.212890625 0.9931640640625 0.2197265640625 1 0.251953125 0.9990234359375 0.259765625 0.9638671859375 0.279296875 0.9384765640625 0.279296875 0.9208984359375 0.2626953140625 0.912109375
2 0.626953125 0.9267578140625 0.609375 0.8740234359375 0.6171875 0.8583984359375 0.583984375 0.8349609359375 0.5625 0.7841796859375 0.56640625 0.7744140640625 0.556640625 0.7216796859375 0.5517578140625 0.71875 0.5341796859375 0.734375 0.5185546859375 0.71484375 0.5107421859375 0.71484375 0.5078125 0.7275390640625 0.51953125 0.7646484359375 0.509765625 0.7861328140625 0.5166015640625 0.79296875 0.5302734359375 0.7890625 0.537109375 0.7939453140625 0.537109375 0.8017578140625 0.513671875 0.8291015640625 0.51171875 0.8505859359375 0.5185546859375 0.861328125 0.5322265640625 0.86328125 0.5615234359375 0.833984375 0.5703125 0.8369140640625 0.5546875 0.9208984359375 0.556640625 0.9384765640625 0.5615234359375 0.943359375 0.5693359359375 0.939453125 0.580078125 0.9599609359375 0.5908203140625 0.93359375 0.59765625 0.9482421859375 0.6064453140625 0.951171875 0.626953125 0.9267578140625
2 0.767578125 0.1865234359375 0.7734375 0.2041015640625 0.76953125 0.2314453140625 0.775390625 0.2802734359375 0.779296875 0.0126953140625 0.77734375 0.0009765640625 0.7705078140625 0 0.767578125 0.1865234359375
2 0.6494140640625 0.119140625 0.64453125 0.1728515640625 0.6611328140625 0.189453125 0.6728515640625 0.18359375 0.68359375 0.1904296859375 0.6875 0.1591796859375 0.6953125 0.1494140640625 0.6708984359375 0.123046875 0.6494140640625 0.119140625
2 1 0.9658203140625 0.9814453140625 0.984375 0.97265625 0.9755859359375 0.96875 0.9541015640625 0.974609375 0.9384765640625 0.9658203140625 0.927734375 0.9453125 0.9228515640625 0.939453125 0.8935546859375 0.9189453140625 0.865234375 0.908203125 0.8818359359375 0.916015625 0.9091796859375 0.890625 0.9404296859375 0.88671875 0.9580078140625 0.916015625 0.9873046859375 0.9169921859375 1 1 0.9990234359375 1 0.9658203140625
2 0.900390625 0.8154296859375 0.92578125 0.7880859359375 0.904296875 0.7490234359375 0.888671875 0.7392578140625 0.8779296859375 0.705078125 0.84765625 0.7353515640625 0.859375 0.7705078140625 0.859375 0.7939453140625 0.837890625 0.7978515640625 0.84375 0.8095703140625 0.841796875 0.8349609359375 0.853515625 0.8408203140625 0.853515625 0.8623046859375 0.86328125 0.8662109359375 0.87890625 0.8583984359375 0.8876953140625 0.83984375 0.908203125 0.8388671859375 0.900390625 0.8154296859375
2 0.7734375 0.6083984359375 0.771484375 0.5830078140625 0.7783203140625 0.580078125 0.78125 0.5927734359375 0.810546875 0.6142578140625 0.81640625 0.6455078140625 0.8466796859375 0.677734375 0.85546875 0.6708984359375 0.865234375 0.6416015640625 0.849609375 0.6162109359375 0.849609375 0.5947265640625 0.859375 0.5771484359375 0.8310546859375 0.5703125 0.8203125 0.5458984359375 0.7978515640625 0.529296875 0.7841796859375 0.533203125 0.7783203140625 0.544921875 0.7734375 0.5400390640625 0.771484375 0.4892578140625 0.765625 0.4892578140625 0.771484375 0.4775390640625 0.759765625 0.4755859359375 0.7734375 0.4658203140625 0.763671875 0.4599609359375 0.765625 0.4423828140625 0.76953125 0.4404296859375 0.7724609359375 0.453125 0.78515625 0.4482421859375 0.775390625 0.4287109359375 0.7734375 0.3681640640625 0.767578125 0.3564453140625 0.775390625 0.3369140640625 0.775390625 0.2900390640625 0.7421875 0.2822265640625 0.74609375 0.2626953140625 0.763671875 0.2509765640625 0.7421875 0.2158203140625 0.6904296859375 0.203125 0.68359375 0.2060546859375 0.671875 0.2431640640625 0.6875 0.2705078140625 0.68359375 0.3037109359375 0.712890625 0.3837890640625 0.712890625 0.4443359359375 0.7373046859375 0.501953125 0.76171875 0.4794921859375 0.76171875 0.5986328140625 0.75 0.6123046859375 0.7568359359375 0.611328125 0.763671875 0.6220703140625 0.76171875 0.9951171859375 0.7734375 0.9990234359375 0.7734375 0.6533203140625 0.771484375 0.6337890640625 0.765625 0.6318359359375 0.7734375 0.6083984359375
2 0.9921875 0.2041015640625 0.982421875 0.2255859359375 0.982421875 0.2353515640625 0.9921875 0.2353515640625 1 0.2294921859375 0.9990234359375 0.166015625 0.9921875 0.1748046859375 0.9921875 0.2041015640625