2 0.2236328140625 0.322265625 0.2265625 0.3173828140625 0.21875 0.3134765640625 0.22265625 0.2998046859375 0.2177734359375 0.29296875 0.20703125 0.3173828140625 0.20703125 0.3369140640625 0.21484375 0.3388671859375 0.23046875 0.3310546859375 0.21875 0.3271484359375 0.21875 0.3173828140625 0.2236328140625 0.322265625
2 0.1376953140625 0.10546875 0.1171875 0.11621093593750001 0.115234375 0.1396484359375 0.12011718593750001 0.146484375 0.1318359359375 0.146484375 0.150390625 0.1650390640625 0.173828125 0.1474609359375 0.154296875 0.1298828140625 0.1484375 0.10839843593750001 0.1376953140625 0.10546875
2 0.103515625 0.3466796859375 0.10058593593750001 0.333984375 0.07714843593750001 0.3359375 0.06738281406249999 0.322265625 0.0537109359375 0.337890625 0.038085935937499996 0.3359375 0.025390625 0.3544921859375 0.037109375 0.3740234359375 0.033203125 0.4013671859375 0.049804685937499996 0.3984375 0.064453125 0.4111328140625 0.07421875 0.3818359359375 0.09082031406249999 0.37109375 0.1015625 0.3720703140625 0.103515625 0.3466796859375
2 0.09765625 0.8037109359375 0.1015625 0.7900390640625 0.09472656406249999 0.78515625 0.091796875 0.8017578140625 0.09765625 0.8037109359375
2 0.048828125 0.7080078140625 0.05859375 0.6669921859375 0.0537109359375 0.65234375 0.029296875 0.6845703140625 0.048828125 0.7080078140625
2 0.07128906406249999 0.84375 0.0625 0.8544921859375 0.06542968593750001 0.869140625 0.0859375 0.8740234359375 0.083984375 0.8857421859375 0.068359375 0.9013671859375 0.0859375 0.9072265640625 0.08984375 0.9267578140625 0.1015625 0.9013671859375 0.103515625 0.8466796859375 0.09472656406249999 0.8359375 0.07128906406249999 0.84375
2 0.1748046859375 0.91015625 0.1669921859375 0.91015625 0.140625 0.9345703140625 0.140625 0.9619140640625 0.146484375 0.9638671859375 0.162109375 0.9501953140625 0.1640625 0.9306640640625 0.181640625 0.9287109359375 0.1748046859375 0.91015625
2 0.421875 0.7177734359375 0.416015625 0.6962890640625 0.3974609359375 0.693359375 0.3857421859375 0.669921875 0.375 0.6748046859375 0.373046875 0.6962890640625 0.359375 0.7119140640625 0.361328125 0.7509765640625 0.376953125 0.7568359359375 0.3876953140625 0.73828125 0.3994140640625 0.73828125 0.4130859359375 0.75 0.421875 0.7177734359375
2 0.34375 0.5634765640625 0.35546875 0.5595703140625 0.35546875 0.5458984359375 0.345703125 0.5087890640625 0.3212890640625 0.4921875 0.30078125 0.5048828140625 0.296875 0.5224609359375 0.3125 0.5439453140625 0.310546875 0.5615234359375 0.322265625 0.5947265640625 0.3203125 0.6259765640625 0.3291015640625 0.626953125 0.33984375 0.6513671859375 0.349609375 0.6552734359375 0.35546875 0.6513671859375 0.357421875 0.6220703140625 0.34375 0.6064453140625 0.34375 0.5634765640625
2 0.501953125 0.8525390640625 0.4853515640625 0.849609375 0.46875 0.8623046859375 0.462890625 0.8759765640625 0.466796875 0.9169921859375 0.451171875 0.9423828140625 0.4765625 0.9814453140625 0.47265625 0.9931640640625 0.4794921859375 1 0.521484375 0.9990234359375 0.52734375 0.9794921859375 0.52734375 0.9267578140625 0.498046875 0.8974609359375 0.501953125 0.8525390640625
1 0.630859375 0.6064453140625 0.603515625 0.5771484359375 0.591796875 0.5517578140625 0.58984375 0.5263671859375 0.5986328140625 0.509765625 0.615234375 0.5048828140625 0.61328125 0.4794921859375 0.658203125 0.4541015640625 0.6328125 0.4482421859375 0.634765625 0.4287109359375 0.6240234359375 0.42578125 0.6123046859375 0.40625 0.5927734359375 0.419921875 0.5869140640625 0.412109375 0.5732421859375 0.4140625 0.5556640640625 0.40234375 0.5283203140625 0.41015625 0.5087890640625 0.373046875 0.5 0.3779296859375 0.4931640640625 0.4140625 0.4716796859375 0.419921875 0.45703125 0.4130859359375 0.47265625 0.4384765640625 0.474609375 0.4482421859375 0.4609375 0.4638671859375 0.474609375 0.4853515640625 0.453125 0.5107421859375 0.4736328140625 0.513671875 0.484375 0.5283203140625 0.462890625 0.5693359359375 0.4794921859375 0.568359375 0.494140625 0.5771484359375 0.4912109359375 0.62109375 0.5048828140625 0.61328125 0.54296875 0.6435546859375 0.5498046859375 0.6640625 0.5517578140625 0.65234375 0.587890625 0.6826171859375 0.595703125 0.6552734359375 0.61328125 0.6572265640625 0.615234375 0.6123046859375 0.630859375 0.6064453140625
0 0.646484375 0.3310546859375 0.650390625 0.3076171859375 0.638671875 0.2900390640625 0.638671875 0.2509765640625 0.6279296859375 0.251953125 0.6044921859375 0.279296875 0.5498046859375 0.279296875 0.5546875 0.2685546859375 0.546875 0.2646484359375 0.546875 0.2470703140625 0.5390625 0.2451171859375 0.5322265640625 0.23046875 0.525390625 0.2353515640625 0.5244140640625 0.25 0.5068359359375 0.23828125 0.4892578140625 0.236328125 0.486328125 0.2470703140625 0.49609375 0.2646484359375 0.513671875 0.2724609359375 0.490234375 0.2919921859375 0.48828125 0.3251953140625 0.4951171859375 0.330078125 0.5126953140625 0.3046875 0.5341796859375 0.326171875 0.5458984359375 0.3203125 0.556640625 0.3330078140625 0.55078125 0.3544921859375 0.5576171859375 0.359375 0.5673828140625 0.349609375 0.572265625 0.3525390640625 0.560546875 0.3837890640625 0.5634765640625 0.400390625 0.5791015640625 0.3984375 0.5888671859375 0.40625 0.5986328140625 0.396484375 0.6083984359375 0.400390625 0.6181640640625 0.392578125 0.6279296859375 0.408203125 0.63671875 0.4091796859375 0.6484375 0.3955078140625 0.650390625 0.3720703140625 0.658203125 0.3603515640625 0.646484375 0.3310546859375
0 0.611328125 0.2431640640625 0.6328125 0.2333984359375 0.634765625 0.2021484359375 0.6279296859375 0.19921875 0.6083984359375 0.212890625 0.6025390640625 0.18359375 0.5791015640625 0.20703125 0.5546875 0.2158203140625 0.546875 0.2490234359375 0.55078125 0.2685546859375 0.578125 0.2763671859375 0.5947265640625 0.271484375 0.6083984359375 0.275390625 0.615234375 0.2626953140625 0.611328125 0.2431640640625
0 0.55859375 0.041992185937499996 0.5673828140625 0.015625 0.5419921859375 0.0234375 0.537109375 0.0146484359375 0.5458984359375 0 0.45703125 0.0009765640625 0.447265625 0.043945314062500004 0.4501953140625 0.060546875 0.4677734359375 0.0390625 0.4775390640625 0.05078125 0.4853515640625 0.048828125 0.4921875 0.07128906406249999 0.5107421859375 0.08203125 0.525390625 0.047851564062500004 0.5419921859375 0.048828125 0.546875 0.08886718593750001 0.556640625 0.09863281406249999 0.560546875 0.08300781406249999 0.572265625 0.07910156406249999 0.5703125 0.0595703140625 0.55859375 0.041992185937499996
2 0.556640625 0.1259765640625 0.548828125 0.12011718593750001 0.55078125 0.10253906406249999 0.5439453140625 0.095703125 0.537109375 0.11816406406249999 0.529296875 0.12207031406249999 0.529296875 0.1435546859375 0.513671875 0.1552734359375 0.51171875 0.2001953140625 0.5322265640625 0.220703125 0.560546875 0.2197265640625 0.583984375 0.1982421859375 0.583984375 0.1826171859375 0.556640625 0.1416015640625 0.556640625 0.1259765640625
1 0.685546875 0.0615234359375 0.6962890640625 0 0.595703125 0.0009765640625 0.59765625 0.0302734359375 0.583984375 0.0537109359375 0.583984375 0.07910156406249999 0.5908203140625 0.0859375 0.615234375 0.08886718593750001 0.6396484359375 0.087890625 0.6435546859375 0.072265625 0.6689453140625 0.0703125 0.685546875 0.0615234359375
2 0.818359375 0.024414064062499997 0.83203125 0.036132814062500004 0.837890625 0.0263671859375 0.837890625 0.0009765640625 0.8193359359375 0 0.818359375 0.024414064062499997
2 0.8916015640625 0 0.89453125 0.018554685937500003 0.880859375 0.049804685937499996 0.861328125 0.06542968593750001 0.861328125 0.07324218593750001 0.880859375 0.09082031406249999 0.875 0.1435546859375 0.8818359359375 0.15625 0.888671875 0.1552734359375 0.900390625 0.1259765640625 0.90234375 0.07519531406249999 0.9208984359375 0.05859375 0.9453125 0.07714843593750001 0.943359375 0.0537109359375 0.9296875 0.0302734359375 0.9443359359375 0 0.8916015640625 0
2 0.96484375 0.3232421859375 0.984375 0.3408203140625 0.986328125 0.3603515640625 1 0.3662109359375 0.9990234359375 0.23828125 0.9921875 0.2509765640625 0.994140625 0.2978515640625 0.96484375 0.3232421859375
2 0.671875 0.4814453140625 0.68359375 0.4892578140625 0.701171875 0.4677734359375 0.6923828140625 0.458984375 0.6728515640625 0.45703125 0.671875 0.4814453140625
2 0.763671875 0.6279296859375 0.7490234359375 0.623046875 0.740234375 0.6376953140625 0.7421875 0.6884765640625 0.748046875 0.7216796859375 0.7607421859375 0.740234375 0.767578125 0.7392578140625 0.76171875 0.6865234359375 0.767578125 0.6611328140625 0.7578125 0.6435546859375 0.763671875 0.6279296859375
2 0.720703125 0.5810546859375 0.7138671859375 0.572265625 0.693359375 0.5810546859375 0.6953125 0.6181640640625 0.6875 0.6337890640625 0.689453125 0.6611328140625 0.69921875 0.6669921859375 0.705078125 0.6572265640625 0.703125 0.6435546859375 0.720703125 0.6357421859375 0.720703125 0.5810546859375
2 0.7578125 0.7724609359375 0.763671875 0.7607421859375 0.7529296859375 0.75 0.75 0.7705078140625 0.7578125 0.7724609359375
2 0.7861328140625 0.744140625 0.794921875 0.7431640640625 0.794921875 0.7275390640625 0.7802734359375 0.71875 0.77734375 0.7333984359375 0.7861328140625 0.744140625
2 0.79296875 0.9150390640625 0.798828125 0.9091796859375 0.796875 0.8876953140625 0.806640625 0.8779296859375 0.80859375 0.8603515640625 0.828125 0.8544921859375 0.8076171859375 0.783203125 0.7939453140625 0.796875 0.7822265640625 0.791015625 0.767578125 0.8017578140625 0.7578125 0.8369140640625 0.7578125 0.8623046859375 0.78515625 0.8818359359375 0.78515625 0.9111328140625 0.775390625 0.9384765640625 0.77734375 0.9638671859375 0.78515625 0.9658203140625 0.794921875 0.9345703140625 0.791015625 0.9228515640625 0.80078125 0.9169921859375 0.79296875 0.9150390640625
2 0.833984375 0.9716796859375 0.8369140640625 1 0.884765625 0.9990234359375 0.8828125 0.9892578140625 0.8564453140625 0.966796875 0.8408203140625 0.96484375 0.833984375 0.9716796859375