2 0 0.4013671859375 0.0078125 0.4033203140625 0.009765625 0.4501953140625 0.020507814062499997 0.470703125 0.029296875 0.4580078140625 0.034179685937499996 0.41796875 0.10449218593750001 0.494140625 0.119140625 0.4951171859375 0.13671875 0.4677734359375 0.125 0.4423828140625 0.123046875 0.4072265640625 0.134765625 0.4072265640625 0.12890625 0.3798828140625 0.150390625 0.3603515640625 0.150390625 0.3154296859375 0.12402343593750001 0.3046875 0.099609375 0.2744140640625 0.107421875 0.2470703140625 0.087890625 0.2314453140625 0.107421875 0.2177734359375 0.111328125 0.2021484359375 0.091796875 0.1826171859375 0.0859375 0.1513671859375 0.07519531406249999 0.1484375 0.064453125 0.1591796859375 0.0595703140625 0.177734375 0.041992185937499996 0.17578125 0.03125 0.1826171859375 0.03125 0.2119140640625 0.024414064062499997 0.2265625 0 0.1982421859375 0 0.4013671859375
2 0.0146484359375 0.029296875 0.0009765640625 0.029296875 0 0.09667968593750001 0.01171875 0.09863281406249999 0.0078125 0.06738281406249999 0.0234375 0.0556640640625 0.025390625 0.043945314062500004 0.0146484359375 0.029296875
2 0.2421875 0.6083984359375 0.23828125 0.5869140640625 0.2080078140625 0.5546875 0.1943359359375 0.5546875 0.1826171859375 0.537109375 0.1708984359375 0.55859375 0.1513671859375 0.548828125 0.1435546859375 0.552734375 0.138671875 0.5654296859375 0.15625 0.5849609359375 0.154296875 0.6044921859375 0.166015625 0.6181640640625 0.146484375 0.6591796859375 0.1611328140625 0.671875 0.1728515640625 0.66796875 0.1826171859375 0.685546875 0.2060546859375 0.685546875 0.2060546859375 0.71875 0.2255859359375 0.701171875 0.2470703140625 0.724609375 0.255859375 0.7255859359375 0.244140625 0.6826171859375 0.25390625 0.6513671859375 0.234375 0.6318359359375 0.2421875 0.6083984359375
2 0.2333984359375 0.875 0.22265625 0.9033203140625 0.21484375 0.9736328140625 0.203125 0.9951171859375 0.2060546859375 1 0.232421875 0.9990234359375 0.240234375 0.9501953140625 0.25 0.9521484359375 0.2421875 0.8857421859375 0.2333984359375 0.875
2 0.35546875 0.9287109359375 0.357421875 0.8603515640625 0.3408203140625 0.861328125 0.337890625 0.8564453140625 0.35546875 0.8056640640625 0.3486328140625 0.8046875 0.3349609359375 0.8203125 0.3193359359375 0.8203125 0.31640625 0.8095703140625 0.32421875 0.7958984359375 0.328125 0.7548828140625 0.3193359359375 0.75 0.3115234359375 0.7578125 0.2939453140625 0.748046875 0.228515625 0.7998046859375 0.22265625 0.8232421859375 0.2373046859375 0.8359375 0.2509765640625 0.828125 0.2587890640625 0.8359375 0.2626953140625 0.8203125 0.271484375 0.8291015640625 0.271484375 0.8505859359375 0.2451171859375 0.86328125 0.23828125 0.8759765640625 0.2578125 0.8837890640625 0.25390625 0.9130859359375 0.28125 0.9423828140625 0.28515625 0.9658203140625 0.2958984359375 0.9765625 0.3212890640625 0.96875 0.3291015640625 1 0.357421875 0.9990234359375 0.353515625 0.9794921859375 0.3671875 0.9521484359375 0.3671875 0.9423828140625 0.35546875 0.9287109359375
2 0.2939453140625 0.982421875 0.275390625 0.9970703140625 0.30078125 0.9990234359375 0.2939453140625 0.982421875
2 0.208984375 0.8740234359375 0.224609375 0.8798828140625 0.23046875 0.8759765640625 0.2265625 0.8642578140625 0.1826171859375 0.8203125 0.208984375 0.8740234359375
2 0.06640625 0.8271484359375 0.099609375 0.8193359359375 0.099609375 0.7802734359375 0.1171875 0.7568359359375 0.11230468593750001 0.740234375 0.08300781406249999 0.767578125 0.06347656406249999 0.744140625 0.0537109359375 0.740234375 0.046875 0.7451171859375 0.046875 0.7783203140625 0.060546875 0.7998046859375 0.060546875 0.8154296859375 0.03515625 0.8740234359375 0.03125 0.9052734359375 0.0390625 0.9111328140625 0.048828125 0.9072265640625 0.046875 0.8876953140625 0.06640625 0.8623046859375 0.06640625 0.8271484359375
2 0.09082031406249999 0.927734375 0.087890625 0.9169921859375 0.099609375 0.8916015640625 0.08105468593750001 0.88671875 0.048828125 0.9169921859375 0.0234375 0.9990234359375 0.1171875 0.9990234359375 0.134765625 0.9853515640625 0.146484375 0.9462890640625 0.12207031406249999 0.916015625 0.09082031406249999 0.927734375
2 0.28125 0.0283203140625 0.2880859359375 0.0390625 0.296875 0.036132814062500004 0.3046875 0.008789064062500001 0.3134765640625 0.0078125 0.3203125 0.049804685937499996 0.3408203140625 0.046875 0.3525390640625 0.0703125 0.375 0.07128906406249999 0.369140625 0.016601564062499997 0.3525390640625 0 0.279296875 0.0009765640625 0.28125 0.0283203140625
2 0.533203125 0.4169921859375 0.533203125 0.4052734359375 0.517578125 0.3818359359375 0.525390625 0.3681640640625 0.498046875 0.3564453140625 0.484375 0.3115234359375 0.482421875 0.2763671859375 0.498046875 0.2470703140625 0.49609375 0.2080078140625 0.505859375 0.1826171859375 0.478515625 0.1572265640625 0.4658203140625 0.126953125 0.4560546859375 0.138671875 0.4462890640625 0.125 0.4384765640625 0.125 0.43359375 0.1533203140625 0.4248046859375 0.15625 0.419921875 0.11816406406249999 0.40234375 0.11425781406249999 0.3876953140625 0.0703125 0.375 0.08496093593750001 0.375 0.12207031406249999 0.3662109359375 0.12890625 0.353515625 0.12402343593750001 0.361328125 0.1396484359375 0.353515625 0.1806640640625 0.373046875 0.1884765640625 0.375 0.2138671859375 0.384765625 0.2333984359375 0.3828125 0.2509765640625 0.359375 0.2900390640625 0.359375 0.2998046859375 0.3740234359375 0.302734375 0.3876953140625 0.318359375 0.4052734359375 0.30078125 0.4189453140625 0.32421875 0.4296875 0.3115234359375 0.43359375 0.2900390640625 0.4521484359375 0.271484375 0.4609375 0.2724609359375 0.453125 0.2861328140625 0.451171875 0.3291015640625 0.4658203140625 0.333984375 0.474609375 0.3466796859375 0.4765625 0.3603515640625 0.46875 0.3759765640625 0.486328125 0.3935546859375 0.474609375 0.4189453140625 0.484375 0.4248046859375 0.486328125 0.4462890640625 0.494140625 0.4462890640625 0.509765625 0.4326171859375 0.5146484359375 0.41796875 0.5283203140625 0.421875 0.533203125 0.4169921859375
2 0.5869140640625 0.615234375 0.591796875 0.6298828140625 0.599609375 0.6318359359375 0.6015625 0.5986328140625 0.5869140640625 0.59375 0.578125 0.6201171859375 0.5869140640625 0.615234375
2 0.5869140640625 0.55078125 0.6064453140625 0.56640625 0.626953125 0.5634765640625 0.62109375 0.5244140640625 0.5986328140625 0.490234375 0.5791015640625 0.52734375 0.5673828140625 0.53125 0.5537109359375 0.5234375 0.548828125 0.5283203140625 0.52734375 0.5869140640625 0.5322265640625 0.59765625 0.5390625 0.5966796859375 0.5498046859375 0.56640625 0.5634765640625 0.578125 0.56640625 0.5673828140625 0.5869140640625 0.55078125
2 0.736328125 0.9501953140625 0.7265625 0.9423828140625 0.732421875 0.9248046859375 0.73046875 0.8974609359375 0.712890625 0.8681640640625 0.724609375 0.8505859359375 0.7265625 0.8271484359375 0.7138671859375 0.8203125 0.7001953140625 0.837890625 0.6806640640625 0.837890625 0.669921875 0.8154296859375 0.66796875 0.7841796859375 0.6337890640625 0.771484375 0.626953125 0.7880859359375 0.63671875 0.8056640640625 0.630859375 0.8251953140625 0.634765625 0.8505859359375 0.623046875 0.8896484359375 0.6474609359375 0.87890625 0.66015625 0.8857421859375 0.66015625 0.9306640640625 0.65234375 0.9541015640625 0.66796875 0.9580078140625 0.66796875 0.9755859359375 0.658203125 0.9990234359375 0.701171875 0.9990234359375 0.703125 0.9853515640625 0.7216796859375 0.982421875 0.736328125 0.9599609359375 0.736328125 0.9501953140625
2 0.8359375 0.1845703140625 0.837890625 0.1650390640625 0.8173828140625 0.169921875 0.80859375 0.1552734359375 0.82421875 0.1337890640625 0.8115234359375 0.12890625 0.802734375 0.11621093593750001 0.806640625 0.06542968593750001 0.787109375 0.034179685937499996 0.78515625 0.0009765640625 0.7099609359375 0 0.703125 0.020507814062499997 0.7109375 0.0517578140625 0.705078125 0.07519531406249999 0.716796875 0.08691406406249999 0.712890625 0.10058593593750001 0.7265625 0.10839843593750001 0.73046875 0.1396484359375 0.7451171859375 0.126953125 0.75 0.1416015640625 0.767578125 0.1533203140625 0.765625 0.1982421859375 0.77734375 0.2412109359375 0.7958984359375 0.228515625 0.80859375 0.2392578140625 0.814453125 0.2158203140625 0.8359375 0.1845703140625
2 0.861328125 0.3623046859375 0.8349609359375 0.3359375 0.83203125 0.3642578140625 0.8203125 0.3701171859375 0.826171875 0.4755859359375 0.8369140640625 0.482421875 0.8466796859375 0.466796875 0.8544921859375 0.4765625 0.873046875 0.4814453140625 0.896484375 0.4267578140625 0.873046875 0.4130859359375 0.857421875 0.3818359359375 0.861328125 0.3623046859375
2 1 0.7744140640625 0.9853515640625 0.7734375 0.9765625 0.7646484359375 0.9794921859375 0.75390625 0.99609375 0.7470703140625 0.984375 0.7177734359375 0.98828125 0.6826171859375 0.96484375 0.6630859359375 0.970703125 0.6396484359375 0.9482421859375 0.6484375 0.9296875 0.6318359359375 0.927734375 0.6103515640625 0.9150390640625 0.59375 0.900390625 0.6064453140625 0.89453125 0.6513671859375 0.9140625 0.6787109359375 0.90625 0.7177734359375 0.919921875 0.7216796859375 0.919921875 0.7568359359375 0.94921875 0.7685546859375 0.9453125 0.7783203140625 0.951171875 0.7978515640625 0.9453125 0.8056640640625 0.951171875 0.8134765640625 0.951171875 0.8388671859375 0.994140625 0.8720703140625 1 0.8701171859375 1 0.7744140640625
2 1 0.9990234359375 0.9970703140625 0.97265625 0.986328125 0.9814453140625 0.982421875 0.9990234359375 1 0.9990234359375
1 0.9453125 0.12011718593750001 0.939453125 0.11230468593750001 0.9453125 0.10253906406249999 0.97265625 0.09667968593750001 0.9306640640625 0.083984375 0.921875 0.049804685937499996 0.9306640640625 0.0390625 0.9580078140625 0.048828125 0.947265625 0.022460935937500003 0.9814453140625 0 0.822265625 0.0009765640625 0.828125 0.034179685937499996 0.814453125 0.049804685937499996 0.8125 0.07324218593750001 0.83203125 0.07910156406249999 0.82421875 0.10253906406249999 0.8359375 0.11425781406249999 0.837890625 0.1474609359375 0.84765625 0.1611328140625 0.849609375 0.2080078140625 0.865234375 0.2119140640625 0.912109375 0.1982421859375 0.9140625 0.1416015640625 0.9404296859375 0.138671875 0.9453125 0.12011718593750001