2 0.7421875 0.6591796859375 0.751953125 0.7001953140625 0.765625 0.6689453140625 0.7607421859375 0.646484375 0.7529296859375 0.646484375 0.7421875 0.6591796859375
2 0.7685546859375 0.853515625 0.779296875 0.8525390640625 0.794921875 0.8212890640625 0.7607421859375 0.81640625 0.759765625 0.8408203140625 0.7685546859375 0.853515625
2 0.015625 0.8271484359375 0.03125 0.8427734359375 0.044921875 0.8408203140625 0.04296875 0.8115234359375 0.016601564062499997 0.798828125 0.015625 0.8271484359375
2 0.7529296859375 0.72265625 0.751953125 0.7451171859375 0.7626953140625 0.7578125 0.775390625 0.7587890640625 0.78515625 0.7509765640625 0.779296875 0.7275390640625 0.7685546859375 0.720703125 0.7529296859375 0.72265625
2 0.7041015640625 0.69921875 0.6962890640625 0.69921875 0.69140625 0.7138671859375 0.703125 0.7333984359375 0.701171875 0.7470703140625 0.732421875 0.7509765640625 0.732421875 0.7158203140625 0.7197265640625 0.7109375 0.7158203140625 0.716796875 0.7041015640625 0.69921875
2 0.3037109359375 0.640625 0.2939453140625 0.640625 0.283203125 0.6962890640625 0.296875 0.7041015640625 0.302734375 0.7255859359375 0.314453125 0.7294921859375 0.310546875 0.6962890640625 0.3203125 0.6845703140625 0.322265625 0.6591796859375 0.3037109359375 0.640625
2 0.022460935937500003 0 0.021484375 0.040039064062500004 0.048828125 0.06542968593750001 0.060546875 0.040039064062500004 0.076171875 0.0302734359375 0.07421875 0.0009765640625 0.022460935937500003 0
2 0.62109375 0.4443359359375 0.609375 0.4306640640625 0.611328125 0.3935546859375 0.6064453140625 0.388671875 0.5947265640625 0.392578125 0.5791015640625 0.38671875 0.56640625 0.4033203140625 0.572265625 0.4228515640625 0.568359375 0.4814453140625 0.576171875 0.4833984359375 0.5810546859375 0.470703125 0.6083984359375 0.46875 0.619140625 0.4619140640625 0.62109375 0.4443359359375
2 0.21484375 0.4501953140625 0.216796875 0.4736328140625 0.2265625 0.4912109359375 0.220703125 0.5205078140625 0.2353515640625 0.529296875 0.2509765640625 0.513671875 0.25 0.5302734359375 0.26171875 0.5322265640625 0.26953125 0.5263671859375 0.279296875 0.4501953140625 0.2216796859375 0.4375 0.21484375 0.4501953140625
2 0.08105468593750001 0.947265625 0.09082031406249999 0.958984375 0.1015625 0.9501953140625 0.087890625 0.8935546859375 0.06738281406249999 0.876953125 0.049804685937499996 0.892578125 0.038085935937499996 0.865234375 0.024414064062499997 0.857421875 0.0009765640625 0.857421875 0 0.9990234359375 0.09082031406249999 1 0.09472656406249999 0.990234375 0.09863281406249999 1 0.111328125 0.9990234359375 0.103515625 0.9892578140625 0.107421875 0.9794921859375 0.076171875 0.9541015640625 0.08105468593750001 0.947265625
2 0.16015625 0.2373046859375 0.134765625 0.2060546859375 0.13671875 0.1904296859375 0.15625 0.1845703140625 0.15625 0.1591796859375 0.134765625 0.1376953140625 0.11621093593750001 0.087890625 0.08203125 0.11816406406249999 0.08984375 0.1494140640625 0.08203125 0.1572265640625 0.0859375 0.1826171859375 0.07910156406249999 0.1953125 0.0625 0.1962890640625 0.072265625 0.2255859359375 0.095703125 0.2509765640625 0.08203125 0.2822265640625 0.083984375 0.3271484359375 0.095703125 0.3369140640625 0.107421875 0.3251953140625 0.126953125 0.2763671859375 0.154296875 0.2607421859375 0.16015625 0.2373046859375
2 0.705078125 0.6357421859375 0.6962890640625 0.626953125 0.6748046859375 0.62890625 0.658203125 0.6064453140625 0.65625 0.5712890640625 0.671875 0.5498046859375 0.6357421859375 0.525390625 0.6162109359375 0.498046875 0.580078125 0.5576171859375 0.580078125 0.5791015640625 0.595703125 0.5888671859375 0.6015625 0.6064453140625 0.59375 0.6533203140625 0.6103515640625 0.68359375 0.6201171859375 0.68359375 0.6416015640625 0.65625 0.6533203140625 0.654296875 0.671875 0.7158203140625 0.68359375 0.7158203140625 0.689453125 0.7080078140625 0.685546875 0.6728515640625 0.703125 0.6552734359375 0.705078125 0.6357421859375
2 0.76953125 0.9560546859375 0.7705078140625 0.951171875 0.7880859359375 0.953125 0.796875 0.9462890640625 0.796875 0.9267578140625 0.8125 0.9072265640625 0.810546875 0.8916015640625 0.798828125 0.8818359359375 0.798828125 0.8544921859375 0.7607421859375 0.888671875 0.75 0.8759765640625 0.74609375 0.8271484359375 0.728515625 0.7998046859375 0.7177734359375 0.796875 0.7109375 0.8154296859375 0.658203125 0.8720703140625 0.654296875 0.8994140640625 0.6708984359375 0.9140625 0.701171875 0.9248046859375 0.6953125 0.9833984359375 0.7021484359375 0.994140625 0.7177734359375 0.98828125 0.7255859359375 1 0.806640625 0.9990234359375 0.806640625 0.9716796859375 0.7958984359375 0.9609375 0.7802734359375 0.966796875 0.76953125 0.9560546859375
2 0.4384765640625 0.939453125 0.435546875 0.9287109359375 0.435546875 0.8994140640625 0.451171875 0.8505859359375 0.435546875 0.8212890640625 0.408203125 0.7900390640625 0.40625 0.7822265640625 0.423828125 0.7412109359375 0.40625 0.7275390640625 0.40234375 0.7001953140625 0.3916015640625 0.69140625 0.3720703140625 0.71484375 0.3642578140625 0.712890625 0.35546875 0.7216796859375 0.3544921859375 0.73828125 0.3271484359375 0.734375 0.3203125 0.7685546859375 0.29296875 0.7841796859375 0.291015625 0.7978515640625 0.302734375 0.8271484359375 0.2900390640625 0.833984375 0.2568359359375 0.8359375 0.251953125 0.8466796859375 0.2783203140625 0.86328125 0.3076171859375 0.857421875 0.3271484359375 0.88671875 0.3525390640625 0.873046875 0.3701171859375 0.876953125 0.369140625 0.8896484359375 0.361328125 0.8916015640625 0.365234375 0.9111328140625 0.3583984359375 0.91796875 0.3291015640625 0.91015625 0.314453125 0.9130859359375 0.30859375 0.9228515640625 0.3125 0.9443359359375 0.3291015640625 0.955078125 0.3642578140625 0.955078125 0.361328125 0.9697265640625 0.3798828140625 1 0.4375 0.9990234359375 0.4375 0.9755859359375 0.453125 0.9638671859375 0.453125 0.9462890640625 0.4384765640625 0.939453125
2 0.4521484359375 0 0.4365234359375 0.009765625 0.4267578140625 0 0.4091796859375 0.009765625 0.4052734359375 0.001953125 0.384765625 0.0283203140625 0.384765625 0.045898435937499996 0.3955078140625 0.05859375 0.4072265640625 0.05859375 0.4208984359375 0.046875 0.42578125 0.07128906406249999 0.4423828140625 0.080078125 0.447265625 0.07714843593750001 0.44921875 0.043945314062500004 0.4560546859375 0.03125 0.46484375 0.034179685937499996 0.4609375 0.08496093593750001 0.466796875 0.11035156406249999 0.4423828140625 0.115234375 0.43359375 0.1279296859375 0.439453125 0.1435546859375 0.435546875 0.1630859359375 0.447265625 0.1865234359375 0.443359375 0.2236328140625 0.4501953140625 0.234375 0.4658203140625 0.240234375 0.4853515640625 0.2265625 0.494140625 0.2470703140625 0.4833984359375 0.2578125 0.4541015640625 0.25390625 0.44921875 0.2724609359375 0.46484375 0.2958984359375 0.462890625 0.3251953140625 0.4716796859375 0.328125 0.4814453140625 0.3125 0.4951171859375 0.314453125 0.537109375 0.3603515640625 0.5166015640625 0.388671875 0.498046875 0.3955078140625 0.494140625 0.4150390640625 0.521484375 0.4248046859375 0.52734375 0.4619140640625 0.5390625 0.4658203140625 0.560546875 0.4443359359375 0.548828125 0.3701171859375 0.552734375 0.3544921859375 0.5673828140625 0.330078125 0.5830078140625 0.322265625 0.5986328140625 0.328125 0.607421875 0.3232421859375 0.6015625 0.2783203140625 0.626953125 0.2568359359375 0.611328125 0.2216796859375 0.630859375 0.1787109359375 0.6328125 0.1591796859375 0.6103515640625 0.146484375 0.5869140640625 0.15625 0.5693359359375 0.173828125 0.564453125 0.1689453140625 0.54296875 0.1279296859375 0.5576171859375 0.123046875 0.568359375 0.10253906406249999 0.5517578140625 0.0859375 0.515625 0.07519531406249999 0.51171875 0.041992185937499996 0.4912109359375 0 0.4521484359375 0
2 1 0.4716796859375 0.9853515640625 0.466796875 0.9765625 0.4892578140625 0.947265625 0.5263671859375 0.94140625 0.5537109359375 0.9599609359375 0.55859375 0.9892578140625 0.544921875 0.990234375 0.5634765640625 1 0.5712890640625 1 0.4716796859375
2 0.951171875 0.1689453140625 0.9375 0.1591796859375 0.939453125 0.12402343593750001 0.9287109359375 0.119140625 0.9150390640625 0.125 0.8994140640625 0.109375 0.888671875 0.1337890640625 0.890625 0.1591796859375 0.876953125 0.1748046859375 0.876953125 0.1884765640625 0.89453125 0.2041015640625 0.890625 0.2236328140625 0.8955078140625 0.23046875 0.904296875 0.2216796859375 0.904296875 0.2060546859375 0.923828125 0.1962890640625 0.9228515640625 0.185546875 0.935546875 0.2060546859375 0.93359375 0.2294921859375 0.94140625 0.2353515640625 0.966796875 0.2197265640625 0.96875 0.2001953140625 0.953125 0.1923828140625 0.951171875 0.1689453140625
2 0.8837890640625 0 0.8779296859375 0.017578125 0.8759765640625 0 0.80859375 0.0009765640625 0.8125 0.016601564062499997 0.798828125 0.0283203140625 0.794921875 0.0517578140625 0.8125 0.0615234359375 0.814453125 0.07910156406249999 0.8232421859375 0.08984375 0.8447265640625 0.072265625 0.8515625 0.08886718593750001 0.86328125 0.09082031406249999 0.875 0.06347656406249999 0.890625 0.0556640640625 0.8994140640625 0.033203125 0.9091796859375 0.033203125 0.9169921859375 0.044921875 0.93359375 0.045898435937499996 0.9287109359375 0 0.8837890640625 0