1 0.65625 0.5244140640625 0.642578125 0.5126953140625 0.642578125 0.5029296859375 0.6533203140625 0.49609375 0.65625 0.5087890640625 0.6630859359375 0.51171875 0.6767578140625 0.5078125 0.681640625 0.4951171859375 0.681640625 0.4619140640625 0.66796875 0.4189453140625 0.6796875 0.3271484359375 0.673828125 0.3115234359375 0.67578125 0.2998046859375 0.6953125 0.2822265640625 0.681640625 0.2255859359375 0.6875 0.2021484359375 0.701171875 0.2001953140625 0.705078125 0.1826171859375 0.6953125 0.1787109359375 0.703125 0.1376953140625 0.69921875 0.11230468593750001 0.720703125 0.09863281406249999 0.7255859359375 0 0.705078125 0.0048828140625 0.705078125 0.0263671859375 0.7109375 0.024414064062499997 0.712890625 0.043945314062500004 0.6982421859375 0.056640625 0.67578125 0.049804685937499996 0.6796875 0.041992185937499996 0.671875 0.018554685937500003 0.6787109359375 0 0.533203125 0.0009765640625 0.5390625 0.0283203140625 0.53515625 0.0537109359375 0.55859375 0.07324218593750001 0.56640625 0.09277343593750001 0.5625 0.1259765640625 0.55078125 0.1455078140625 0.552734375 0.1611328140625 0.537109375 0.1845703140625 0.556640625 0.1884765640625 0.55078125 0.2255859359375 0.5634765640625 0.23046875 0.57421875 0.2470703140625 0.576171875 0.2705078140625 0.564453125 0.2841796859375 0.576171875 0.3271484359375 0.572265625 0.3740234359375 0.6015625 0.4482421859375 0.609375 0.4541015640625 0.615234375 0.5048828140625 0.607421875 0.5576171859375 0.6142578140625 0.5703125 0.62109375 0.5693359359375 0.6376953140625 0.56640625 0.642578125 0.5478515640625 0.654296875 0.5439453140625 0.65625 0.5244140640625
2 0.0068359359375 0.345703125 0.01953125 0.3466796859375 0.021484375 0.3173828140625 0.0009765640625 0.306640625 0 0.3369140640625 0.0068359359375 0.345703125
2 0.138671875 0.4208984359375 0.13671875 0.4052734359375 0.10449218593750001 0.3984375 0.08886718593750001 0.38671875 0.06738281406249999 0.396484375 0.0517578140625 0.390625 0.0302734359375 0.39453125 0.017578125 0.4111328140625 0.017578125 0.4228515640625 0.0390625 0.4599609359375 0.033203125 0.4775390640625 0.03515625 0.5087890640625 0.0517578140625 0.51171875 0.0595703140625 0.533203125 0.09863281406249999 0.533203125 0.111328125 0.5439453140625 0.11328125 0.4970703140625 0.107421875 0.4814453140625 0.126953125 0.4287109359375 0.138671875 0.4208984359375
2 0.1943359359375 0.66015625 0.1689453140625 0.65625 0.150390625 0.6865234359375 0.1552734359375 0.69140625 0.1650390640625 0.6875 0.1767578140625 0.701171875 0.185546875 0.7021484359375 0.189453125 0.6884765640625 0.201171875 0.6826171859375 0.201171875 0.6689453140625 0.1943359359375 0.66015625
2 0.08203125 0.8837890640625 0.09375 0.8720703140625 0.07910156406249999 0.857421875 0.0625 0.8798828140625 0.08203125 0.8837890640625
2 0.265625 0.8115234359375 0.2548828140625 0.80078125 0.240234375 0.8056640640625 0.244140625 0.8212890640625 0.232421875 0.8388671859375 0.234375 0.8583984359375 0.2421875 0.8623046859375 0.248046875 0.8427734359375 0.2587890640625 0.841796875 0.263671875 0.8291015640625 0.265625 0.8115234359375
1 0.6001868828125 0.9417705171874999 0.7047649015624999 0.9008486843749999 0.5703125 0.9248046859375 0.564453125 0.9111328140625 0.572265625 0.9033203140625 0.572265625 0.8779296859375 0.5625 0.8720703140625 0.552734375 0.8525390640625 0.55078125 0.8330078140625 0.5400390640625 0.845703125 0.5205078140625 0.822265625 0.521484375 0.8388671859375 0.50390625 0.8486328140625 0.498046875 0.8681640640625 0.4833984359375 0.87890625 0.47265625 0.8779296859375 0.484375 0.9072265640625 0.478515625 0.9208984359375 0.484375 0.9462890640625 0.4765625 0.9638671859375 0.4921875 0.9775390640625 0.4912109359375 1 0.5703125 0.9990234359375 0.57421875 0.9873046859375 0.564453125 0.9814453140625 0.6507708171875 0.946885746875 0.6001868828125 0.9417705171874999
0 0.654296875 0.9091796859375 0.650390625 0.8916015640625 0.662109375 0.8837890640625 0.654296875 0.8564453140625 0.654296875 0.8232421859375 0.630859375 0.7900390640625 0.642578125 0.7529296859375 0.6376953140625 0.74609375 0.6220703140625 0.75 0.615234375 0.7275390640625 0.5908203140625 0.716796875 0.572265625 0.6904296859375 0.5615234359375 0.6875 0.5458984359375 0.70703125 0.5322265640625 0.701171875 0.52734375 0.7080078140625 0.525390625 0.7333984359375 0.537109375 0.7646484359375 0.5205078140625 0.78515625 0.5 0.7939453140625 0.505859375 0.8115234359375 0.501953125 0.8447265640625 0.5302734359375 0.865234375 0.5517578140625 0.86328125 0.5849609359375 0.890625 0.5966796859375 0.884765625 0.609375 0.9033203140625 0.609375 0.9248046859375 0.615234375 0.9267578140625 0.6240234359375 0.900390625 0.6298828140625 0.9140625 0.6435546859375 0.916015625 0.654296875 0.9091796859375
2 0.388671875 0.2626953140625 0.3681640640625 0.244140625 0.3330078140625 0.25390625 0.318359375 0.2763671859375 0.318359375 0.2998046859375 0.3271484359375 0.3046875 0.3427734359375 0.287109375 0.3564453140625 0.283203125 0.37109375 0.3173828140625 0.361328125 0.3447265640625 0.39453125 0.3701171859375 0.392578125 0.3291015640625 0.408203125 0.3076171859375 0.390625 0.2880859359375 0.388671875 0.2626953140625
2 0.2314453140625 0 0.232421875 0.0126953140625 0.251953125 0.040039064062500004 0.26953125 0.08496093593750001 0.25390625 0.10449218593750001 0.25390625 0.11621093593750001 0.2587890640625 0.123046875 0.2783203140625 0.1171875 0.291015625 0.1337890640625 0.28515625 0.2119140640625 0.296875 0.2138671859375 0.3154296859375 0.20703125 0.3369140640625 0.185546875 0.3525390640625 0.1875 0.3662109359375 0.171875 0.3798828140625 0.1796875 0.388671875 0.1767578140625 0.392578125 0.11425781406249999 0.3828125 0.09472656406249999 0.359375 0.07714843593750001 0.349609375 0.0302734359375 0.3408203140625 0.025390625 0.33203125 0.034179685937499996 0.33203125 0.008789064062500001 0.3388671859375 0 0.3173828140625 0 0.3076171859375 0.02734375 0.29296875 0.022460935937500003 0.2880859359375 0 0.2314453140625 0
2 0.564453125 0.5615234359375 0.548828125 0.5380859359375 0.5625 0.4912109359375 0.5576171859375 0.484375 0.5361328140625 0.484375 0.5224609359375 0.455078125 0.501953125 0.4521484359375 0.46875 0.3916015640625 0.4716796859375 0.37890625 0.4970703140625 0.37890625 0.5 0.3603515640625 0.4873046859375 0.345703125 0.4638671859375 0.3359375 0.4501953140625 0.310546875 0.4404296859375 0.310546875 0.431640625 0.3173828140625 0.419921875 0.3466796859375 0.435546875 0.3798828140625 0.435546875 0.3955078140625 0.4453125 0.4052734359375 0.4453125 0.4150390640625 0.4296875 0.4365234359375 0.439453125 0.4541015640625 0.44140625 0.4814453140625 0.427734375 0.5126953140625 0.4345703140625 0.517578125 0.4501953140625 0.51171875 0.4697265640625 0.529296875 0.4755859359375 0.515625 0.48828125 0.5224609359375 0.474609375 0.5673828140625 0.45703125 0.5732421859375 0.47265625 0.5869140640625 0.46875 0.6357421859375 0.4833984359375 0.62109375 0.5146484359375 0.630859375 0.5283203140625 0.62890625 0.533203125 0.6494140640625 0.548828125 0.6669921859375 0.58203125 0.6435546859375 0.580078125 0.6025390640625 0.564453125 0.5927734359375 0.564453125 0.5615234359375
2 0.935546875 0.6357421859375 0.9296875 0.5888671859375 0.94921875 0.5595703140625 0.953125 0.5400390640625 0.9296875 0.5302734359375 0.9248046859375 0.5078125 0.9052734359375 0.521484375 0.8876953140625 0.521484375 0.8798828140625 0.5078125 0.861328125 0.4970703140625 0.857421875 0.4462890640625 0.84375 0.4189453140625 0.84375 0.3759765640625 0.82421875 0.3642578140625 0.802734375 0.2958984359375 0.802734375 0.2197265640625 0.818359375 0.1982421859375 0.818359375 0.1806640640625 0.7958984359375 0.185546875 0.791015625 0.1689453140625 0.783203125 0.1708984359375 0.779296875 0.1962890640625 0.7734375 0.1962890640625 0.7734375 0.2412109359375 0.7666015640625 0.25 0.767578125 0.2041015640625 0.7578125 0.1513671859375 0.7509765640625 0.146484375 0.736328125 0.1533203140625 0.740234375 0.1630859359375 0.732421875 0.1826171859375 0.7421875 0.1845703140625 0.73046875 0.1923828140625 0.73828125 0.1943359359375 0.73828125 0.2060546859375 0.748046875 0.2158203140625 0.744140625 0.2333984359375 0.748046875 0.2314453140625 0.751953125 0.2587890640625 0.765625 0.2607421859375 0.767578125 0.2822265640625 0.78125 0.2822265640625 0.78125 0.2958984359375 0.775390625 0.2998046859375 0.7890625 0.3017578140625 0.78125 0.3056640640625 0.7861328140625 0.3125 0.7763671859375 0.3046875 0.771484375 0.3134765640625 0.771484375 0.3740234359375 0.779296875 0.3779296859375 0.78125 0.4208984359375 0.794921875 0.4404296859375 0.798828125 0.4755859359375 0.810546875 0.4873046859375 0.81640625 0.5791015640625 0.8291015640625 0.5859375 0.8427734359375 0.568359375 0.8671875 0.6083984359375 0.869140625 0.6201171859375 0.861328125 0.6337890640625 0.8671875 0.6435546859375 0.869140625 0.6904296859375 0.880859375 0.7099609359375 0.89453125 0.6923828140625 0.90234375 0.6513671859375 0.9111328140625 0.65625 0.935546875 0.6357421859375
2 0.9990234359375 0.9453125 0.986328125 0.9755859359375 1 0.9794921859375 0.9990234359375 0.9453125
2 1 0.8154296859375 0.9833984359375 0.80859375 0.9755859359375 0.818359375 0.9599609359375 0.818359375 0.95703125 0.8251953140625 0.9765625 0.8642578140625 0.97265625 0.9072265640625 0.9794921859375 0.91796875 0.9931640640625 0.91796875 1 0.9248046859375 1 0.8154296859375
2 0.67578125 0.9736328140625 0.689453125 0.9814453140625 0.703125 0.9775390640625 0.703125 0.9599609359375 0.6806640640625 0.9375 0.67578125 0.9736328140625