2 0.98046875 0.016601564062499997 0.9794921859375 0 0.955078125 0.0029296859375 0.9619140640625 0.013671875 0.98046875 0.016601564062499997
2 0.998046875 0.2138671859375 0.9990234359375 0.177734375 0.98828125 0.1904296859375 0.986328125 0.2119140640625 0.998046875 0.2138671859375
2 0.7216796859375 0.623046875 0.728515625 0.6220703140625 0.75 0.5986328140625 0.7451171859375 0.580078125 0.71875 0.6162109359375 0.7216796859375 0.623046875
2 0.0009765640625 0.333984375 0.037109375 0.3369140640625 0.041015625 0.3212890640625 0.0263671859375 0.298828125 0 0.3017578140625 0.0009765640625 0.333984375
2 0.880859375 0.9345703140625 0.89453125 0.9658203140625 0.8828125 0.9931640640625 0.8876953140625 1 0.970703125 0.9990234359375 0.9580078140625 0.96484375 0.9404296859375 0.96484375 0.9169921859375 0.9765625 0.880859375 0.9345703140625
2 0.09472656406249999 0.427734375 0.07714843593750001 0.42578125 0.052734375 0.4658203140625 0.06640625 0.4775390640625 0.06933593593750001 0.490234375 0.103515625 0.4912109359375 0.11328125 0.4736328140625 0.111328125 0.4267578140625 0.10644531406249999 0.421875 0.09472656406249999 0.427734375
2 0.8388671859375 0.548828125 0.818359375 0.5458984359375 0.8134765640625 0.5078125 0.7958984359375 0.544921875 0.7783203140625 0.537109375 0.771484375 0.5400390640625 0.7734375 0.5556640640625 0.783203125 0.5654296859375 0.783203125 0.6083984359375 0.79296875 0.6103515640625 0.8095703140625 0.5859375 0.8291015640625 0.5859375 0.84375 0.5673828140625 0.8388671859375 0.548828125
2 0.7607421859375 0.482421875 0.767578125 0.5068359359375 0.78125 0.5029296859375 0.78515625 0.4794921859375 0.806640625 0.4580078140625 0.8037109359375 0.44921875 0.7880859359375 0.44921875 0.7802734359375 0.4375 0.765625 0.4599609359375 0.7568359359375 0.4609375 0.74609375 0.4521484359375 0.7353515640625 0.421875 0.724609375 0.4306640640625 0.71484375 0.4677734359375 0.69140625 0.4873046859375 0.705078125 0.5107421859375 0.705078125 0.5322265640625 0.720703125 0.5361328140625 0.734375 0.5263671859375 0.740234375 0.5048828140625 0.7578125 0.4990234359375 0.7607421859375 0.482421875
2 0.5107421859375 0.693359375 0.4921875 0.6865234359375 0.48828125 0.6572265640625 0.4794921859375 0.6484375 0.4677734359375 0.671875 0.4541015640625 0.669921875 0.43359375 0.6884765640625 0.431640625 0.7060546859375 0.41796875 0.7314453140625 0.4404296859375 0.74609375 0.4541015640625 0.740234375 0.4638671859375 0.751953125 0.4775390640625 0.748046875 0.484375 0.7626953140625 0.5 0.7705078140625 0.505859375 0.7412109359375 0.525390625 0.7314453140625 0.52734375 0.7177734359375 0.5107421859375 0.693359375
2 0.13671875 0.7392578140625 0.11816406406249999 0.728515625 0.11328125 0.7177734359375 0.12109375 0.7021484359375 0.1318359359375 0.69921875 0.1484375 0.6806640640625 0.15234375 0.6572265640625 0.1416015640625 0.642578125 0.12109375 0.6376953140625 0.123046875 0.5927734359375 0.11230468593750001 0.576171875 0.095703125 0.5927734359375 0.087890625 0.6318359359375 0.0556640640625 0.634765625 0.04296875 0.6552734359375 0.068359375 0.7041015640625 0.064453125 0.7197265640625 0.07421875 0.7529296859375 0.09277343593750001 0.755859375 0.10449218593750001 0.779296875 0.12109375 0.7822265640625 0.109375 0.7470703140625 0.11816406406249999 0.740234375 0.1357421859375 0.74609375 0.13671875 0.7392578140625
2 0.5908203140625 0.94921875 0.59765625 0.9404296859375 0.595703125 0.9072265640625 0.603515625 0.8779296859375 0.5869140640625 0.86328125 0.5634765640625 0.873046875 0.5322265640625 0.86328125 0.5 0.9306640640625 0.466796875 0.9501953140625 0.4716796859375 0.962890625 0.48828125 0.9658203140625 0.4931640640625 1 0.623046875 0.9990234359375 0.5830078140625 0.9765625 0.572265625 0.9599609359375 0.5751953140625 0.951171875 0.5908203140625 0.94921875
2 0.1494140640625 0 0.13671875 0.020507814062499997 0.1435546859375 0.03125 0.1611328140625 0.037109375 0.1806640640625 0.064453125 0.19140625 0.0576171859375 0.2080078140625 0.021484375 0.234375 0.024414064062499997 0.251953125 0.10253906406249999 0.21875 0.1337890640625 0.21875 0.1455078140625 0.236328125 0.1728515640625 0.2421875 0.2314453140625 0.259765625 0.2353515640625 0.267578125 0.2099609359375 0.28125 0.2001953140625 0.27734375 0.1748046859375 0.30078125 0.1669921859375 0.314453125 0.1279296859375 0.30859375 0.11425781406249999 0.3125 0.07910156406249999 0.2890625 0.049804685937499996 0.287109375 0.0048828140625 0.2841796859375 0 0.1494140640625 0
2 0.234375 0.8857421859375 0.248046875 0.8759765640625 0.24609375 0.8603515640625 0.2138671859375 0.833984375 0.1943359359375 0.833984375 0.1728515640625 0.853515625 0.12402343593750001 0.837890625 0.119140625 0.8486328140625 0.130859375 0.8896484359375 0.1171875 0.9013671859375 0.140625 0.9228515640625 0.099609375 0.9619140640625 0.0859375 0.9853515640625 0.09863281406249999 0.994140625 0.12011718593750001 0.98828125 0.1513671859375 0.953125 0.1806640640625 1 0.251953125 0.9990234359375 0.234375 0.9658203140625 0.244140625 0.9443359359375 0.234375 0.9248046859375 0.234375 0.8857421859375
2 0.6142578140625 0 0.609375 0.016601564062499997 0.580078125 0.038085935937499996 0.576171875 0.07128906406249999 0.59375 0.09277343593750001 0.5966796859375 0.125 0.60546875 0.12402343593750001 0.6123046859375 0.103515625 0.6396484359375 0.091796875 0.64453125 0.1259765640625 0.658203125 0.1416015640625 0.6552734359375 0.15625 0.6416015640625 0.150390625 0.626953125 0.1552734359375 0.62890625 0.1708984359375 0.6484375 0.2001953140625 0.640625 0.2373046859375 0.6630859359375 0.248046875 0.6796875 0.2705078140625 0.671875 0.2998046859375 0.66015625 0.3095703140625 0.669921875 0.3544921859375 0.65625 0.3798828140625 0.65625 0.3994140640625 0.6728515640625 0.40234375 0.6943359359375 0.384765625 0.7119140640625 0.390625 0.7216796859375 0.41015625 0.7333984359375 0.404296875 0.7470703140625 0.41796875 0.755859375 0.4169921859375 0.759765625 0.3857421859375 0.751953125 0.3466796859375 0.767578125 0.3212890640625 0.767578125 0.2939453140625 0.76171875 0.2568359359375 0.744140625 0.2333984359375 0.7421875 0.2001953140625 0.73046875 0.1865234359375 0.7421875 0.1572265640625 0.744140625 0.1318359359375 0.7333984359375 0.126953125 0.7216796859375 0.134765625 0.7080078140625 0.12109375 0.697265625 0.1455078140625 0.689453125 0.1494140640625 0.68359375 0.1298828140625 0.685546875 0.08886718593750001 0.673828125 0.06542968593750001 0.697265625 0.045898435937499996 0.6875 0.0068359359375 0.6826171859375 0 0.6142578140625 0
2 0.423828125 0.4794921859375 0.439453125 0.4482421859375 0.44140625 0.4228515640625 0.4267578140625 0.41796875 0.4091796859375 0.43359375 0.404296875 0.4169921859375 0.3837890640625 0.412109375 0.37890625 0.3994140640625 0.376953125 0.3857421859375 0.39453125 0.3642578140625 0.388671875 0.3447265640625 0.400390625 0.3076171859375 0.3828125 0.2919921859375 0.380859375 0.2548828140625 0.357421875 0.2255859359375 0.361328125 0.1865234359375 0.3486328140625 0.18359375 0.33984375 0.2001953140625 0.3310546859375 0.203125 0.3154296859375 0.189453125 0.2998046859375 0.185546875 0.29296875 0.2021484359375 0.3046875 0.2529296859375 0.26953125 0.2705078140625 0.2734375 0.3193359359375 0.2578125 0.3330078140625 0.2578125 0.3466796859375 0.2890625 0.3603515640625 0.28125 0.3740234359375 0.283203125 0.4130859359375 0.294921875 0.4248046859375 0.296875 0.4560546859375 0.326171875 0.4853515640625 0.322265625 0.5458984359375 0.337890625 0.5576171859375 0.3505859359375 0.607421875 0.3583984359375 0.607421875 0.3720703140625 0.59375 0.3876953140625 0.60546875 0.4091796859375 0.603515625 0.4169921859375 0.611328125 0.4326171859375 0.603515625 0.455078125 0.6142578140625 0.462890625 0.5595703140625 0.439453125 0.5244140640625 0.4375 0.4990234359375 0.423828125 0.4794921859375
1 0.2177734359375 0.4140625 0.1953125 0.4091796859375 0.1953125 0.4228515640625 0.205078125 0.4345703140625 0.19921875 0.4541015640625 0.21484375 0.4697265640625 0.216796875 0.4462890640625 0.2265625 0.4404296859375 0.2236328140625 0.404296875 0.2177734359375 0.4140625
1 0.0546875 0.1279296859375 0.049804685937499996 0.158203125 0.01953125 0.1611328140625 0.0263671859375 0.169921875 0.083984375 0.1787109359375 0.08984375 0.1728515640625 0.07421875 0.1630859359375 0.0615234359375 0.123046875 0.0546875 0.1279296859375
1 0.2119140640625 0.1796875 0.2021484359375 0.193359375 0.1884765640625 0.185546875 0.177734375 0.1962890640625 0.185546875 0.2060546859375 0.181640625 0.2353515640625 0.2021484359375 0.21875 0.21875 0.2509765640625 0.236328125 0.2255859359375 0.232421875 0.1904296859375 0.2236328140625 0.17578125 0.2119140640625 0.1796875