2 0.15625 0.7412109359375 0.166015625 0.7548828140625 0.166015625 0.7841796859375 0.17578125 0.7919921859375 0.19921875 0.7607421859375 0.1904296859375 0.7421875 0.1611328140625 0.736328125 0.15625 0.7412109359375
2 0.296875 0.9287109359375 0.298828125 0.9619140640625 0.3056640640625 0.97265625 0.31640625 0.9716796859375 0.322265625 0.9228515640625 0.318359375 0.9072265640625 0.3076171859375 0.896484375 0.296875 0.9287109359375
2 0.169921875 0.7099609359375 0.181640625 0.7314453140625 0.1923828140625 0.7421875 0.201171875 0.7412109359375 0.21484375 0.7138671859375 0.2080078140625 0.6796875 0.169921875 0.6943359359375 0.169921875 0.7099609359375
2 0.07714843593750001 0.48046875 0.072265625 0.4970703140625 0.078125 0.5498046859375 0.09375 0.5830078140625 0.107421875 0.5849609359375 0.126953125 0.5478515640625 0.125 0.5185546859375 0.1328125 0.5009765640625 0.07714843593750001 0.48046875
2 0 0.3388671859375 0.02734375 0.3466796859375 0.037109375 0.4326171859375 0.048828125 0.4345703140625 0.0576171859375 0.41796875 0.06933593593750001 0.421875 0.08203125 0.4150390640625 0.083984375 0.3955078140625 0.095703125 0.3818359359375 0.09375 0.3681640640625 0.06542968593750001 0.353515625 0.048828125 0.3388671859375 0.046875 0.3291015640625 0.05078125 0.3017578140625 0.07714843593750001 0.296875 0.080078125 0.2744140640625 0.0615234359375 0.244140625 0.043945314062500004 0.24609375 0.017578125 0.2333984359375 0.015625 0.1728515640625 0.0048828140625 0.16796875 0 0.1728515640625 0 0.3388671859375
2 0.189453125 0.7021484359375 0.181640625 0.7060546859375 0.1865234359375 0.724609375 0.1884765640625 0.71484375 0.205078125 0.7236328140625 0.216796875 0.7138671859375 0.2119140640625 0.6796875 0.1904296859375 0.689453125 0.189453125 0.7021484359375
2 0.51953125 0.5068359359375 0.51953125 0.4873046859375 0.498046875 0.4892578140625 0.5 0.4638671859375 0.4951171859375 0.458984375 0.4658203140625 0.462890625 0.455078125 0.5224609359375 0.45703125 0.5517578140625 0.4697265640625 0.55859375 0.4833984359375 0.544921875 0.4912109359375 0.55859375 0.505859375 0.5576171859375 0.5107421859375 0.548828125 0.5283203140625 0.546875 0.533203125 0.5400390640625 0.51953125 0.5068359359375
2 0.65234375 0.9384765640625 0.640625 0.9091796859375 0.6484375 0.9033203140625 0.65234375 0.8759765640625 0.6357421859375 0.85546875 0.6025390640625 0.8515625 0.609375 0.8857421859375 0.63671875 0.9091796859375 0.61328125 0.9677734359375 0.6396484359375 0.986328125 0.6474609359375 1 0.673828125 0.9990234359375 0.671875 0.9716796859375 0.681640625 0.9365234359375 0.6767578140625 0.931640625 0.65234375 0.9384765640625
2 0.4609375 0.4072265640625 0.470703125 0.3896484359375 0.48046875 0.3349609359375 0.46484375 0.3251953140625 0.46484375 0.2998046859375 0.4599609359375 0.294921875 0.4423828140625 0.296875 0.43359375 0.2783203140625 0.4228515640625 0.271484375 0.4140625 0.2822265640625 0.412109375 0.2998046859375 0.396484375 0.3095703140625 0.3896484359375 0.32421875 0.3828125 0.3232421859375 0.37890625 0.3466796859375 0.361328125 0.3681640640625 0.359375 0.3818359359375 0.3779296859375 0.3828125 0.39453125 0.4150390640625 0.408203125 0.4267578140625 0.408203125 0.4716796859375 0.4208984359375 0.46484375 0.451171875 0.4736328140625 0.458984375 0.4638671859375 0.45703125 0.4501953140625 0.466796875 0.4248046859375 0.4609375 0.4072265640625
2 0.2587890640625 0 0.248046875 0.022460935937500003 0.275390625 0.0556640640625 0.275390625 0.06347656406249999 0.2578125 0.08105468593750001 0.26953125 0.11035156406249999 0.26953125 0.1611328140625 0.2802734359375 0.171875 0.306640625 0.1767578140625 0.31640625 0.2158203140625 0.326171875 0.2275390640625 0.33203125 0.2119140640625 0.361328125 0.1923828140625 0.373046875 0.1611328140625 0.345703125 0.1337890640625 0.333984375 0.09863281406249999 0.341796875 0.07519531406249999 0.328125 0.0283203140625 0.2998046859375 0 0.2587890640625 0
2 0.611328125 0.8271484359375 0.611328125 0.8017578140625 0.623046875 0.7763671859375 0.6064453140625 0.75 0.5771484359375 0.740234375 0.556640625 0.7177734359375 0.556640625 0.6845703140625 0.537109375 0.6611328140625 0.529296875 0.6298828140625 0.54296875 0.6201171859375 0.544921875 0.5888671859375 0.5341796859375 0.578125 0.5029296859375 0.576171875 0.484375 0.5927734359375 0.482421875 0.6259765640625 0.4921875 0.6435546859375 0.494140625 0.6826171859375 0.513671875 0.6904296859375 0.515625 0.7255859359375 0.5126953140625 0.734375 0.4853515640625 0.732421875 0.48046875 0.7431640640625 0.5 0.7626953140625 0.5 0.7783203140625 0.51171875 0.7900390640625 0.515625 0.8056640640625 0.546875 0.8173828140625 0.560546875 0.8466796859375 0.55859375 0.8818359359375 0.56640625 0.8896484359375 0.591796875 0.8779296859375 0.595703125 0.8466796859375 0.58984375 0.8291015640625 0.611328125 0.8271484359375
2 0.896484375 0.6279296859375 0.8984375 0.6591796859375 0.9130859359375 0.671875 0.9296875 0.6708984359375 0.9375 0.6513671859375 0.935546875 0.6259765640625 0.9072265640625 0.619140625 0.896484375 0.6279296859375
2 1 0.9267578140625 0.9658203140625 0.91015625 0.939453125 0.9326171859375 0.95703125 0.9697265640625 0.9453125 0.9794921859375 0.9658203140625 1 1 0.9990234359375 1 0.9267578140625
2 0.6708984359375 0 0.654296875 0.0517578140625 0.6650390640625 0.060546875 0.7041015640625 0.0546875 0.71875 0.06347656406249999 0.71875 0.08300781406249999 0.705078125 0.10058593593750001 0.708984375 0.1298828140625 0.701171875 0.1650390640625 0.7060546859375 0.171875 0.73046875 0.1748046859375 0.73828125 0.2041015640625 0.734375 0.2314453140625 0.7587890640625 0.263671875 0.7685546859375 0.263671875 0.77734375 0.2724609359375 0.78125 0.2900390640625 0.765625 0.3251953140625 0.765625 0.3408203140625 0.7841796859375 0.365234375 0.806640625 0.3623046859375 0.8125 0.4306640640625 0.802734375 0.4482421859375 0.828125 0.4697265640625 0.83984375 0.5029296859375 0.833984375 0.5419921859375 0.853515625 0.5458984359375 0.8974609359375 0.54296875 0.904296875 0.5048828140625 0.888671875 0.4912109359375 0.888671875 0.4716796859375 0.8603515640625 0.4609375 0.853515625 0.4501953140625 0.857421875 0.4248046859375 0.875 0.3955078140625 0.873046875 0.3837890640625 0.8681640640625 0.37890625 0.8544921859375 0.3828125 0.8466796859375 0.375 0.8369140640625 0.392578125 0.8291015640625 0.392578125 0.82421875 0.3837890640625 0.8203125 0.3603515640625 0.828125 0.3271484359375 0.822265625 0.3076171859375 0.828125 0.2919921859375 0.8212890640625 0.279296875 0.80078125 0.2724609359375 0.80078125 0.2529296859375 0.830078125 0.2275390640625 0.826171875 0.2080078140625 0.806640625 0.1865234359375 0.8125 0.1630859359375 0.798828125 0.1513671859375 0.798828125 0.09667968593750001 0.80859375 0.07714843593750001 0.7998046859375 0.0703125 0.7763671859375 0.109375 0.7548828140625 0.107421875 0.75390625 0.07910156406249999 0.740234375 0.032226564062500004 0.7294921859375 0.029296875 0.71875 0.038085935937499996 0.7099609359375 0 0.6708984359375 0