2 0.212890625 0.3740234359375 0.23046875 0.3623046859375 0.23046875 0.3544921859375 0.208984375 0.3447265640625 0.216796875 0.3154296859375 0.203125 0.2880859359375 0.208984375 0.2626953140625 0.193359375 0.2373046859375 0.201171875 0.2158203140625 0.19921875 0.2021484359375 0.1767578140625 0.212890625 0.1611328140625 0.203125 0.1494140640625 0.2109375 0.134765625 0.2060546859375 0.134765625 0.1826171859375 0.142578125 0.1689453140625 0.134765625 0.1572265640625 0.130859375 0.1279296859375 0.142578125 0.08886718593750001 0.1376953140625 0.08203125 0.0859375 0.08105468593750001 0.0859375 0.06738281406249999 0.107421875 0.043945314062500004 0.09375 0.0009765640625 0.0009765640625 0 0 0.08300781406249999 0.008789064062500001 0.08203125 0.01953125 0.09082031406249999 0.0234375 0.11035156406249999 0.0009765640625 0.119140625 0 0.1279296859375 0.024414064062499997 0.154296875 0.041992185937499996 0.138671875 0.0517578140625 0.140625 0.048828125 0.1669921859375 0.0537109359375 0.17578125 0.0615234359375 0.17578125 0.09082031406249999 0.203125 0.11035156406249999 0.197265625 0.119140625 0.2060546859375 0.111328125 0.2529296859375 0.126953125 0.2685546859375 0.123046875 0.2822265640625 0.1474609359375 0.28515625 0.154296875 0.3017578140625 0.1474609359375 0.314453125 0.12109375 0.3212890640625 0.1328125 0.3427734359375 0.1328125 0.3603515640625 0.1494140640625 0.388671875 0.1611328140625 0.38671875 0.1767578140625 0.40234375 0.1953125 0.4052734359375 0.1875 0.4423828140625 0.193359375 0.4658203140625 0.1982421859375 0.470703125 0.2138671859375 0.458984375 0.23046875 0.4697265640625 0.2265625 0.4326171859375 0.236328125 0.4189453140625 0.212890625 0.3896484359375 0.212890625 0.3740234359375
2 0.349609375 0.6611328140625 0.353515625 0.6494140640625 0.34765625 0.6416015640625 0.3515625 0.6142578140625 0.3486328140625 0.609375 0.3154296859375 0.61328125 0.2939453140625 0.60546875 0.287109375 0.6240234359375 0.296875 0.6416015640625 0.2724609359375 0.63671875 0.271484375 0.6435546859375 0.2890625 0.6611328140625 0.28515625 0.6884765640625 0.302734375 0.7021484359375 0.31640625 0.7392578140625 0.328125 0.7431640640625 0.333984375 0.7353515640625 0.333984375 0.7138671859375 0.35546875 0.6962890640625 0.349609375 0.6611328140625
2 0.421875 0.8857421859375 0.408203125 0.8779296859375 0.40234375 0.8408203140625 0.4267578140625 0.841796875 0.43359375 0.8349609359375 0.435546875 0.8251953140625 0.421875 0.8017578140625 0.427734375 0.7744140640625 0.4189453140625 0.767578125 0.4072265640625 0.775390625 0.40234375 0.7607421859375 0.3955078140625 0.759765625 0.3642578140625 0.779296875 0.3505859359375 0.763671875 0.345703125 0.7861328140625 0.357421875 0.8017578140625 0.353515625 0.8271484359375 0.3603515640625 0.837890625 0.3740234359375 0.83203125 0.37890625 0.8369140640625 0.36328125 0.8818359359375 0.349609375 0.8955078140625 0.39453125 0.9423828140625 0.4091796859375 0.94140625 0.41796875 0.9326171859375 0.412109375 0.8994140640625 0.421875 0.8857421859375
2 0.017578125 0.7568359359375 0.0283203140625 0.7578125 0.0283203140625 0.751953125 0 0.7509765640625 0.0009765640625 0.779296875 0.010742185937499999 0.771484375 0.041015625 0.7822265640625 0.048828125 0.7763671859375 0.046875 0.7666015640625 0.034179685937499996 0.767578125 0.017578125 0.7568359359375
2 0.06640625 0.9990234359375 0.115234375 0.9990234359375 0.107421875 0.9677734359375 0.119140625 0.9462890640625 0.10644531406249999 0.943359375 0.06640625 0.9990234359375
2 0.0703125 0.8935546859375 0.076171875 0.8857421859375 0.07421875 0.8642578140625 0.083984375 0.8525390640625 0.06738281406249999 0.837890625 0.038085935937499996 0.8515625 0.03515625 0.8173828140625 0.016601564062499997 0.818359375 0.0009765640625 0.787109375 0 0.9130859359375 0.013671875 0.9033203140625 0.015625 0.8720703140625 0.0283203140625 0.869140625 0.01953125 0.9052734359375 0.0234375 0.9501953140625 0.038085935937499996 0.947265625 0.064453125 0.9541015640625 0.07421875 0.9248046859375 0.0859375 0.9130859359375 0.0859375 0.9033203140625 0.0703125 0.8935546859375
2 0.515625 0.1572265640625 0.5185546859375 0.119140625 0.4814453140625 0.119140625 0.478515625 0.12402343593750001 0.484375 0.1669921859375 0.46875 0.1767578140625 0.46484375 0.1904296859375 0.484375 0.2294921859375 0.4921875 0.2294921859375 0.5078125 0.1884765640625 0.490234375 0.1572265640625 0.5068359359375 0.1640625 0.515625 0.1572265640625
2 0.490234375 0.06933593593750001 0.4833984359375 0.056640625 0.466796875 0.0537109359375 0.46875 0.024414064062499997 0.453125 0.0009765640625 0.4384765640625 0 0.4375 0.024414064062499997 0.447265625 0.049804685937499996 0.423828125 0.07324218593750001 0.4345703140625 0.0859375 0.44921875 0.08496093593750001 0.451171875 0.12402343593750001 0.4609375 0.1279296859375 0.46875 0.11230468593750001 0.46875 0.09082031406249999 0.4814453140625 0.0859375 0.490234375 0.06933593593750001
2 0.58203125 0.2412109359375 0.5576171859375 0.232421875 0.5439453140625 0.2109375 0.53515625 0.2138671859375 0.53515625 0.2529296859375 0.5283203140625 0.263671875 0.513671875 0.2646484359375 0.515625 0.2822265640625 0.501953125 0.3115234359375 0.5068359359375 0.322265625 0.5263671859375 0.314453125 0.541015625 0.3232421859375 0.546875 0.2861328140625 0.572265625 0.2861328140625 0.572265625 0.2490234359375 0.58203125 0.2412109359375
2 0.72265625 0.6748046859375 0.6728515640625 0.6484375 0.65625 0.6884765640625 0.677734375 0.6884765640625 0.671875 0.7099609359375 0.689453125 0.7314453140625 0.6943359359375 0.724609375 0.70703125 0.7255859359375 0.701171875 0.7001953140625 0.72265625 0.6748046859375
2 0.970703125 0.3349609359375 0.9658203140625 0.33984375 0.9599609359375 0.330078125 0.958984375 0.3408203140625 0.9296875 0.3642578140625 0.9296875 0.4013671859375 0.9375 0.4111328140625 0.935546875 0.4345703140625 0.9423828140625 0.443359375 0.953125 0.4384765640625 0.966796875 0.4912109359375 0.9716796859375 0.494140625 0.9833984359375 0.482421875 0.984375 0.4931640640625 0.998046875 0.4970703140625 1 0.3134765640625 0.9755859359375 0.291015625 0.970703125 0.2958984359375 0.970703125 0.3349609359375
2 0.9130859359375 0.091796875 0.904296875 0.06738281406249999 0.87890625 0.049804685937499996 0.8720703140625 0 0.86328125 0.0009765640625 0.8515625 0.040039064062500004 0.826171875 0.0576171859375 0.833984375 0.08105468593750001 0.830078125 0.10644531406249999 0.857421875 0.11621093593750001 0.8974609359375 0.109375 0.943359375 0.08886718593750001 0.9287109359375 0.08203125 0.9130859359375 0.091796875
2 0.95703125 0.2255859359375 0.9296875 0.2197265640625 0.927734375 0.1806640640625 0.9677734359375 0.177734375 0.974609375 0.1533203140625 0.947265625 0.1357421859375 0.9423828140625 0.109375 0.9228515640625 0.107421875 0.8916015640625 0.115234375 0.876953125 0.1259765640625 0.873046875 0.1513671859375 0.884765625 0.1748046859375 0.8671875 0.1943359359375 0.8740234359375 0.205078125 0.884765625 0.2041015640625 0.890625 0.2451171859375 0.9013671859375 0.25390625 0.919921875 0.2568359359375 0.92578125 0.2978515640625 0.935546875 0.3037109359375 0.94140625 0.2900390640625 0.94140625 0.2548828140625 0.951171875 0.2470703140625 0.95703125 0.2255859359375
2 0.07421875 0.6865234359375 0.0537109359375 0.69140625 0.041015625 0.6708984359375 0.043945314062500004 0.658203125 0.034179685937499996 0.6640625 0.020507814062499997 0.66015625 0.01953125 0.7314453140625 0.040039064062500004 0.728515625 0.046875 0.7431640640625 0.05859375 0.7490234359375 0.06640625 0.7392578140625 0.0625 0.7099609359375 0.07421875 0.6982421859375 0.07421875 0.6865234359375