2 0.03125 0.9716796859375 0.017578125 0.9716796859375 0.01171875 0.9990234359375 0.041015625 0.9990234359375 0.09472656406249999 0.912109375 0.037109375 0.9755859359375 0.032226564062500004 0.98828125 0.03125 0.9716796859375
2 0.251953125 0.8076171859375 0.265625 0.8291015640625 0.267578125 0.8505859359375 0.275390625 0.8544921859375 0.28515625 0.8427734359375 0.2890625 0.8017578140625 0.2705078140625 0.787109375 0.251953125 0.8076171859375
2 0.0009765640625 0.13671875 0.001953125 0.1943359359375 0.025390625 0.1982421859375 0.037109375 0.1728515640625 0.037109375 0.1572265640625 0.0283203140625 0.14453125 0.0009765640625 0.13671875
2 0.744140625 0.0615234359375 0.7216796859375 0.046875 0.69140625 0.06738281406249999 0.69921875 0.10644531406249999 0.712890625 0.10839843593750001 0.7177734359375 0.09375 0.732421875 0.09277343593750001 0.734375 0.06542968593750001 0.744140625 0.0615234359375
2 0.23046875 0.7529296859375 0.21875 0.7685546859375 0.220703125 0.8095703140625 0.228515625 0.8095703140625 0.248046875 0.7998046859375 0.248046875 0.7333984359375 0.2353515640625 0.70703125 0.23046875 0.7529296859375
2 0.3232421859375 0.015625 0.333984375 0.0009765640625 0.2529296859375 0 0.267578125 0.016601564062499997 0.2578125 0.043945314062500004 0.2578125 0.0595703140625 0.263671875 0.06347656406249999 0.2783203140625 0.033203125 0.2939453140625 0.03125 0.2998046859375 0.017578125 0.3232421859375 0.015625
2 0.9169921859375 0.65234375 0.90625 0.6396484359375 0.9033203140625 0.623046875 0.8857421859375 0.626953125 0.876953125 0.6376953140625 0.8896484359375 0.640625 0.89453125 0.6533203140625 0.904296875 0.6572265640625 0.912109375 0.6943359359375 0.9375 0.6962890640625 0.94140625 0.6806640640625 0.93359375 0.6650390640625 0.943359375 0.6455078140625 0.9169921859375 0.65234375
2 0.7802734359375 0.150390625 0.7626953140625 0.158203125 0.7490234359375 0.142578125 0.7392578140625 0.142578125 0.734375 0.1494140640625 0.736328125 0.1865234359375 0.763671875 0.1962890640625 0.7705078140625 0.185546875 0.791015625 0.1865234359375 0.78515625 0.1572265640625 0.7802734359375 0.150390625
2 0.458984375 0.3466796859375 0.455078125 0.3212890640625 0.4345703140625 0.318359375 0.4130859359375 0.298828125 0.40234375 0.3681640640625 0.419921875 0.3818359359375 0.4404296859375 0.3671875 0.4482421859375 0.369140625 0.458984375 0.3564453140625 0.458984375 0.3466796859375
2 0.3291015640625 0.904296875 0.3076171859375 0.927734375 0.298828125 0.9287109359375 0.294921875 0.9716796859375 0.3251953140625 0.982421875 0.3330078140625 1 0.37109375 0.9990234359375 0.375 0.9775390640625 0.357421875 0.9384765640625 0.34375 0.9287109359375 0.3291015640625 0.904296875
2 0.6328125 0.8212890640625 0.642578125 0.7998046859375 0.640625 0.7861328140625 0.5947265640625 0.765625 0.591796875 0.8037109359375 0.595703125 0.8154296859375 0.6171875 0.8330078140625 0.623046875 0.8466796859375 0.619140625 0.8759765640625 0.626953125 0.8994140640625 0.640625 0.9130859359375 0.65625 0.8994140640625 0.654296875 0.8603515640625 0.666015625 0.8408203140625 0.6328125 0.8212890640625
2 0.08203125 0.3779296859375 0.09375 0.3447265640625 0.048828125 0.3037109359375 0.064453125 0.2744140640625 0.047851564062500004 0.2578125 0.033203125 0.2744140640625 0.037109375 0.2998046859375 0.02734375 0.3115234359375 0.02734375 0.3232421859375 0.034179685937499996 0.333984375 0.052734375 0.3427734359375 0.0546875 0.3623046859375 0.0234375 0.3837890640625 0.0390625 0.4013671859375 0.049804685937499996 0.435546875 0.06542968593750001 0.431640625 0.07128906406249999 0.439453125 0.080078125 0.4384765640625 0.087890625 0.4130859359375 0.10058593593750001 0.408203125 0.103515625 0.3974609359375 0.08203125 0.3779296859375
2 0.578125 0.6435546859375 0.55859375 0.6376953140625 0.54296875 0.6044921859375 0.541015625 0.5751953140625 0.55078125 0.5595703140625 0.556640625 0.5205078140625 0.5341796859375 0.517578125 0.5166015640625 0.505859375 0.5 0.5205078140625 0.494140625 0.5439453140625 0.482421875 0.5537109359375 0.484375 0.5673828140625 0.49609375 0.5810546859375 0.48828125 0.6220703140625 0.5029296859375 0.61328125 0.53125 0.6181640640625 0.529296875 0.7177734359375 0.54296875 0.7216796859375 0.5498046859375 0.703125 0.5712890640625 0.697265625 0.58203125 0.6845703140625 0.578125 0.6435546859375
2 0.212890625 0.6044921859375 0.162109375 0.5654296859375 0.1728515640625 0.55078125 0.185546875 0.5478515640625 0.19140625 0.5185546859375 0.158203125 0.4912109359375 0.142578125 0.4580078140625 0.1318359359375 0.453125 0.126953125 0.4775390640625 0.1328125 0.4990234359375 0.126953125 0.5107421859375 0.11425781406249999 0.521484375 0.08496093593750001 0.5234375 0.083984375 0.5439453140625 0.064453125 0.5693359359375 0.07714843593750001 0.580078125 0.11230468593750001 0.576171875 0.1259765640625 0.609375 0.1376953140625 0.603515625 0.1455078140625 0.626953125 0.1689453140625 0.626953125 0.181640625 0.6396484359375 0.173828125 0.6650390640625 0.1884765640625 0.671875 0.19140625 0.6845703140625 0.205078125 0.6923828140625 0.20703125 0.6728515640625 0.220703125 0.6591796859375 0.2109375 0.6259765640625 0.212890625 0.6044921859375
2 0.404296875 0.1689453140625 0.40234375 0.1455078140625 0.390625 0.1416015640625 0.390625 0.10058593593750001 0.373046875 0.09082031406249999 0.373046875 0.0263671859375 0.3623046859375 0.017578125 0.3466796859375 0.044921875 0.3271484359375 0.044921875 0.3125 0.0576171859375 0.29296875 0.09277343593750001 0.28125 0.10058593593750001 0.279296875 0.11230468593750001 0.28515625 0.1513671859375 0.3095703140625 0.158203125 0.31640625 0.1669921859375 0.314453125 0.2001953140625 0.3388671859375 0.208984375 0.3486328140625 0.1953125 0.353515625 0.2314453140625 0.37109375 0.2392578140625 0.3798828140625 0.220703125 0.3994140640625 0.22265625 0.404296875 0.2177734359375 0.404296875 0.1689453140625