2 0.3828125 0.5302734359375 0.39453125 0.5400390640625 0.404296875 0.5302734359375 0.404296875 0.5146484359375 0.3896484359375 0.5 0.3828125 0.5302734359375
2 0.16015625 0.045898435937499996 0.169921875 0.045898435937499996 0.177734375 0.0029296859375 0.1416015640625 0 0.154296875 0.008789064062500001 0.16015625 0.045898435937499996
2 0.875 0.8916015640625 0.892578125 0.9072265640625 0.892578125 0.9345703140625 0.8984375 0.9345703140625 0.908203125 0.8876953140625 0.8974609359375 0.876953125 0.8779296859375 0.875 0.875 0.8916015640625
2 0.9462890640625 0.943359375 0.9345703140625 0.9453125 0.923828125 0.9580078140625 0.921875 0.9931640640625 0.9375 0.9970703140625 0.9501953140625 0.99609375 0.958984375 0.9794921859375 0.953125 0.9462890640625 0.9462890640625 0.943359375
2 0.0576171859375 0.806640625 0.044921875 0.8212890640625 0.0625 0.8349609359375 0.05859375 0.8583984359375 0.06640625 0.8642578140625 0.08984375 0.8466796859375 0.087890625 0.8134765640625 0.08105468593750001 0.80078125 0.0576171859375 0.806640625
2 0.560546875 0.9658203140625 0.54296875 0.9990234359375 0.6015625 0.9990234359375 0.60546875 0.9736328140625 0.5712890640625 0.958984375 0.5615234359375 0.94140625 0.560546875 0.9658203140625
2 0.1435546859375 0.81640625 0.142578125 0.8408203140625 0.126953125 0.8583984359375 0.1552734359375 0.875 0.173828125 0.8740234359375 0.185546875 0.8603515640625 0.177734375 0.8291015640625 0.1591796859375 0.8125 0.1435546859375 0.81640625
2 0.2177734359375 0.146484375 0.1982421859375 0.14453125 0.18359375 0.1533203140625 0.18359375 0.1767578140625 0.171875 0.2021484359375 0.19140625 0.2080078140625 0.2275390640625 0.203125 0.232421875 0.1962890640625 0.228515625 0.1572265640625 0.2177734359375 0.146484375
2 0.916015625 0.7822265640625 0.8994140640625 0.783203125 0.8896484359375 0.796875 0.8642578140625 0.796875 0.861328125 0.8232421859375 0.873046875 0.8486328140625 0.8974609359375 0.859375 0.9140625 0.8583984359375 0.921875 0.8525390640625 0.921875 0.8408203140625 0.912109375 0.8271484359375 0.916015625 0.7822265640625
2 0.4775390640625 0 0.478515625 0.0126953140625 0.486328125 0.018554685937500003 0.48828125 0.0615234359375 0.5224609359375 0.05859375 0.5390625 0.07128906406249999 0.544921875 0.0615234359375 0.541015625 0.0302734359375 0.548828125 0.010742185937499999 0.5380859359375 0 0.4775390640625 0
2 0.4677734359375 0.578125 0.4306640640625 0.576171875 0.423828125 0.6083984359375 0.41015625 0.6240234359375 0.421875 0.6357421859375 0.42578125 0.6689453140625 0.435546875 0.6708984359375 0.4521484359375 0.64453125 0.4677734359375 0.6484375 0.478515625 0.6396484359375 0.4677734359375 0.578125
2 0.625 0.2705078140625 0.6298828140625 0.28125 0.646484375 0.2841796859375 0.64453125 0.2958984359375 0.65234375 0.3076171859375 0.681640625 0.3330078140625 0.6953125 0.2470703140625 0.6904296859375 0.220703125 0.6494140640625 0.234375 0.625 0.2705078140625
2 0.98046875 0.1298828140625 0.966796875 0.11230468593750001 0.97265625 0.08105468593750001 0.984375 0.0615234359375 0.9794921859375 0.04296875 0.9560546859375 0.05078125 0.94140625 0.06347656406249999 0.9375 0.11621093593750001 0.9296875 0.1259765640625 0.939453125 0.1572265640625 0.939453125 0.1845703140625 0.95703125 0.1865234359375 0.966796875 0.1806640640625 0.970703125 0.1533203140625 0.98046875 0.1416015640625 0.98046875 0.1298828140625
2 0.859375 0.6806640640625 0.841796875 0.6689453140625 0.8359375 0.6455078140625 0.8251953140625 0.6328125 0.8056640640625 0.6328125 0.7890625 0.6435546859375 0.7890625 0.6826171859375 0.798828125 0.7333984359375 0.810546875 0.7509765640625 0.81640625 0.7783203140625 0.82421875 0.7783203140625 0.830078125 0.7626953140625 0.828125 0.7197265640625 0.841796875 0.7158203140625 0.859375 0.6806640640625
2 0.724609375 0.3935546859375 0.7158203140625 0.330078125 0.697265625 0.3564453140625 0.6826171859375 0.361328125 0.673828125 0.3740234359375 0.671875 0.3994140640625 0.677734375 0.4130859359375 0.669921875 0.4384765640625 0.6875 0.4541015640625 0.6875 0.4677734359375 0.69921875 0.4697265640625 0.7236328140625 0.466796875 0.734375 0.4501953140625 0.734375 0.4169921859375 0.724609375 0.3935546859375