2 0.2578125 0.4013671859375 0.24609375 0.3525390640625 0.2060546859375 0.33203125 0.1865234359375 0.357421875 0.171875 0.3544921859375 0.189453125 0.3916015640625 0.181640625 0.4228515640625 0.19140625 0.4306640640625 0.1962890640625 0.451171875 0.2099609359375 0.439453125 0.2255859359375 0.443359375 0.2294921859375 0.451171875 0.23828125 0.4462890640625 0.23046875 0.4599609359375 0.228515625 0.4892578140625 0.26171875 0.5048828140625 0.275390625 0.4638671859375 0.291015625 0.4501953140625 0.291015625 0.4345703140625 0.2578125 0.4013671859375
2 0.48828125 0.9267578140625 0.4677734359375 0.921875 0.45703125 0.9091796859375 0.45703125 0.8994140640625 0.44921875 0.8974609359375 0.46875 0.8642578140625 0.470703125 0.8291015640625 0.4375 0.7978515640625 0.43359375 0.7841796859375 0.4228515640625 0.78125 0.4140625 0.7880859359375 0.40625 0.8173828140625 0.380859375 0.8369140640625 0.376953125 0.8623046859375 0.3671875 0.8779296859375 0.40625 0.9189453140625 0.408203125 0.9501953140625 0.4189453140625 0.9453125 0.4296875 0.9501953140625 0.4306640640625 1 0.51171875 0.9990234359375 0.51171875 0.9892578140625 0.49609375 0.9814453140625 0.482421875 0.9521484359375 0.48828125 0.9267578140625
2 0.34375 0.5751953140625 0.3203125 0.5205078140625 0.3203125 0.4814453140625 0.3095703140625 0.46875 0.296875 0.4833984359375 0.2890625 0.5205078140625 0.259765625 0.5380859359375 0.255859375 0.5576171859375 0.267578125 0.5810546859375 0.267578125 0.6376953140625 0.2734375 0.6435546859375 0.2734375 0.6650390640625 0.283203125 0.6748046859375 0.279296875 0.6845703140625 0.302734375 0.6943359359375 0.314453125 0.7451171859375 0.328125 0.7548828140625 0.3359375 0.7216796859375 0.37109375 0.6884765640625 0.33984375 0.6298828140625 0.34375 0.5751953140625
2 0.0009765640625 0 0 0.07128906406249999 0.01953125 0.11816406406249999 0.021484375 0.1435546859375 0 0.1669921859375 0 0.1923828140625 0.0048828140625 0.1953125 0.022460935937500003 0.185546875 0.036132814062500004 0.1640625 0.052734375 0.2021484359375 0.0615234359375 0.205078125 0.0546875 0.1572265640625 0.07910156406249999 0.150390625 0.08496093593750001 0.140625 0.09375 0.1435546859375 0.103515625 0.1826171859375 0.12890625 0.2080078140625 0.1279296859375 0.21875 0.109375 0.2255859359375 0.1171875 0.2431640640625 0.11328125 0.2626953140625 0.115234375 0.2724609359375 0.1328125 0.2822265640625 0.125 0.3017578140625 0.142578125 0.3134765640625 0.134765625 0.3349609359375 0.13671875 0.3603515640625 0.1455078140625 0.361328125 0.16015625 0.3388671859375 0.154296875 0.3837890640625 0.158203125 0.3916015640625 0.16796875 0.3330078140625 0.189453125 0.3349609359375 0.177734375 0.3154296859375 0.17578125 0.2939453140625 0.1865234359375 0.283203125 0.1943359359375 0.2890625 0.2060546859375 0.287109375 0.208984375 0.2724609359375 0.203125 0.2353515640625 0.189453125 0.2021484359375 0.1787109359375 0.197265625 0.1728515640625 0.205078125 0.1640625 0.1943359359375 0.1640625 0.1494140640625 0.1328125 0.11816406406249999 0.14453125 0.07910156406249999 0.12890625 0.047851564062500004 0.138671875 0.034179685937499996 0.138671875 0.016601564062499997 0.1259765640625 0 0.0859375 0.0009765640625 0.08203125 0.07324218593750001 0.09765625 0.08105468593750001 0.103515625 0.09863281406249999 0.09277343593750001 0.109375 0.072265625 0.09082031406249999 0.078125 0.038085935937499996 0.0703125 0.032226564062500004 0.076171875 0.0302734359375 0.0703125 0.0048828140625 0.06542968593750001 0 0.0009765640625 0
2 0.11035156406249999 0.955078125 0.09472656406249999 0.939453125 0.08984375 0.9892578140625 0.10058593593750001 1 0.138671875 0.9990234359375 0.123046875 0.9873046859375 0.140625 0.9638671859375 0.13671875 0.9482421859375 0.11035156406249999 0.955078125
2 0.09082031406249999 0.84375 0.07128906406249999 0.861328125 0.06640625 0.8603515640625 0.06347656406249999 0.83984375 0.046875 0.8525390640625 0.048828125 0.8740234359375 0.056640625 0.8798828140625 0.046875 0.8876953140625 0.044921875 0.9033203140625 0.05078125 0.9033203140625 0.07128906406249999 0.884765625 0.099609375 0.8857421859375 0.099609375 0.8564453140625 0.09082031406249999 0.84375
2 0.0390625 0.7275390640625 0.03125 0.6943359359375 0.015625 0.6943359359375 0.015625 0.6728515640625 0.0009765640625 0.658203125 0 0.7724609359375 0.0078125 0.7763671859375 0.00390625 0.8056640640625 0.024414064062499997 0.810546875 0.038085935937499996 0.8046875 0.04296875 0.8271484359375 0.05078125 0.8330078140625 0.060546875 0.8212890640625 0.056640625 0.7568359359375 0.0625 0.7392578140625 0.0390625 0.7275390640625
2 0.7265625 0.5830078140625 0.7177734359375 0.552734375 0.70703125 0.5615234359375 0.70703125 0.5947265640625 0.693359375 0.6162109359375 0.693359375 0.6552734359375 0.701171875 0.6552734359375 0.71484375 0.6279296859375 0.736328125 0.6064453140625 0.736328125 0.5927734359375 0.7265625 0.5830078140625
2 0.642578125 0.3291015640625 0.62890625 0.3193359359375 0.62890625 0.3037109359375 0.6220703140625 0.294921875 0.6015625 0.3154296859375 0.603515625 0.3779296859375 0.6123046859375 0.380859375 0.6279296859375 0.3671875 0.634765625 0.3955078140625 0.64453125 0.4033203140625 0.662109375 0.3916015640625 0.662109375 0.3505859359375 0.64453125 0.3427734359375 0.642578125 0.3291015640625
2 0.69921875 0.4404296859375 0.701171875 0.4228515640625 0.6943359359375 0.416015625 0.6767578140625 0.4296875 0.6630859359375 0.4140625 0.6552734359375 0.4140625 0.6328125 0.4404296859375 0.646484375 0.4873046859375 0.642578125 0.5419921859375 0.6552734359375 0.556640625 0.6669921859375 0.556640625 0.6728515640625 0.568359375 0.6865234359375 0.564453125 0.701171875 0.5693359359375 0.697265625 0.5205078140625 0.68359375 0.5068359359375 0.689453125 0.4501953140625 0.69921875 0.4404296859375
2 0.837890625 0.9345703140625 0.830078125 0.9169921859375 0.849609375 0.8642578140625 0.8330078140625 0.86328125 0.8271484359375 0.85546875 0.806640625 0.8583984359375 0.806640625 0.8076171859375 0.783203125 0.7880859359375 0.79296875 0.7451171859375 0.8046875 0.7373046859375 0.80859375 0.7255859359375 0.7998046859375 0.7109375 0.783203125 0.7021484359375 0.783203125 0.6376953140625 0.7744140640625 0.62890625 0.7529296859375 0.6484375 0.7333984359375 0.6484375 0.7041015640625 0.6640625 0.69921875 0.6767578140625 0.720703125 0.6865234359375 0.71875 0.7099609359375 0.732421875 0.7275390640625 0.7265625 0.7646484359375 0.75 0.7822265640625 0.759765625 0.8017578140625 0.751953125 0.8447265640625 0.7705078140625 0.861328125 0.78515625 0.8603515640625 0.791015625 0.8955078140625 0.783203125 0.9248046859375 0.8017578140625 0.92578125 0.826171875 0.9541015640625 0.822265625 0.9990234359375 0.876953125 0.9990234359375 0.880859375 0.9912109359375 0.865234375 0.9736328140625 0.86328125 0.9560546859375 0.837890625 0.9345703140625
2 0.5458984359375 0.076171875 0.529296875 0.08886718593750001 0.52734375 0.11621093593750001 0.513671875 0.1279296859375 0.52734375 0.1708984359375 0.54296875 0.1787109359375 0.5546875 0.1513671859375 0.5546875 0.1435546859375 0.54296875 0.1357421859375 0.5458984359375 0.076171875
2 1 0.1357421859375 0.986328125 0.1298828140625 0.990234375 0.11425781406249999 0.978515625 0.10253906406249999 0.9794921859375 0.0625 0.9609375 0.08300781406249999 0.9560546859375 0.1015625 0.9423828140625 0.09375 0.931640625 0.09863281406249999 0.923828125 0.1279296859375 0.923828125 0.1494140640625 0.935546875 0.1533203140625 0.939453125 0.1787109359375 0.931640625 0.2470703140625 0.943359375 0.2548828140625 0.966796875 0.2060546859375 0.978515625 0.2001953140625 0.982421875 0.1767578140625 0.9912109359375 0.1796875 1 0.1650390640625 1 0.1357421859375
2 0.978515625 0.4169921859375 1 0.4462890640625 0.9990234359375 0.3828125 0.9931640640625 0.39453125 0.98046875 0.3994140640625 0.978515625 0.4169921859375
2 0.484375 0.032226564062500004 0.4912109359375 0.03515625 0.4990234359375 0.02734375 0.509765625 0.041992185937499996 0.513671875 0.0009765640625 0.4853515640625 0 0.4921875 0.0126953140625 0.484375 0.032226564062500004