1 0.55859375 0.2080078140625 0.5703125 0.1826171859375 0.609375 0.1708984359375 0.611328125 0.1494140640625 0.6240234359375 0.1484375 0.638671875 0.1337890640625 0.638671875 0.10058593593750001 0.666015625 0.06542968593750001 0.642578125 0.0537109359375 0.64453125 0.032226564062500004 0.6328125 0.0263671859375 0.6416015640625 0 0.525390625 0.0009765640625 0.5234375 0.0302734359375 0.533203125 0.08300781406249999 0.525390625 0.1435546859375 0.53125 0.1630859359375 0.541015625 0.1669921859375 0.546875 0.1806640640625 0.546875 0.2236328140625 0.560546875 0.2255859359375 0.578125 0.2236328140625 0.5751953140625 0.21875 0.5634765640625 0.220703125 0.55859375 0.2080078140625
1 0.5400390640625 0.73828125 0.5498046859375 0.744140625 0.583984375 0.7216796859375 0.583984375 0.6982421859375 0.5703125 0.6630859359375 0.572265625 0.6513671859375 0.583984375 0.6435546859375 0.552734375 0.6220703140625 0.548828125 0.6064453140625 0.556640625 0.5869140640625 0.572265625 0.5771484359375 0.55078125 0.5595703140625 0.5546875 0.5322265640625 0.5771484359375 0.5234375 0.578125 0.5126953140625 0.546875 0.4892578140625 0.5361328140625 0.46484375 0.5029296859375 0.453125 0.4892578140625 0.44140625 0.4873046859375 0.451171875 0.4814453140625 0.431640625 0.470703125 0.4404296859375 0.4638671859375 0.466796875 0.4599609359375 0.4609375 0.4423828140625 0.46875 0.4287109359375 0.4609375 0.41015625 0.4638671859375 0.4140625 0.4736328140625 0.40234375 0.4990234359375 0.4140625 0.5302734359375 0.390625 0.5615234359375 0.388671875 0.5751953140625 0.396484375 0.5888671859375 0.392578125 0.5947265640625 0.400390625 0.6005859359375 0.390625 0.6416015640625 0.404296875 0.6455078140625 0.4169921859375 0.67578125 0.4345703140625 0.673828125 0.447265625 0.7001953140625 0.466796875 0.7060546859375 0.46875 0.7587890640625 0.4716796859375 0.763671875 0.482421875 0.7548828140625 0.5 0.7919921859375 0.501953125 0.7607421859375 0.5087890640625 0.751953125 0.5283203140625 0.75390625 0.5400390640625 0.73828125
2 0.064453125 0.5771484359375 0.064453125 0.5966796859375 0.078125 0.6005859359375 0.087890625 0.5908203140625 0.091796875 0.5732421859375 0.08105468593750001 0.560546875 0.064453125 0.5771484359375
2 0.018554685937500003 0.341796875 0.0126953140625 0.330078125 0 0.3369140640625 0.00390625 0.4013671859375 0.0126953140625 0.392578125 0.0390625 0.3857421859375 0.03125 0.3427734359375 0.018554685937500003 0.341796875
2 0.16015625 0.3115234359375 0.1748046859375 0.32421875 0.185546875 0.3251953140625 0.203125 0.2705078140625 0.1826171859375 0.25 0.1748046859375 0.25 0.16015625 0.3115234359375
2 0.07421875 0.9326171859375 0.07421875 0.9423828140625 0.08984375 0.9794921859375 0.10546875 0.9853515640625 0.126953125 0.9443359359375 0.10058593593750001 0.923828125 0.08496093593750001 0.919921875 0.07421875 0.9326171859375
2 0.3076171859375 0.708984375 0.30078125 0.7119140640625 0.302734375 0.7470703140625 0.2890625 0.7626953140625 0.291015625 0.7958984359375 0.30078125 0.8017578140625 0.3408203140625 0.783203125 0.35546875 0.7626953140625 0.34375 0.7294921859375 0.3076171859375 0.708984375
2 0.078125 0.1474609359375 0.06933593593750001 0.126953125 0.041992185937499996 0.123046875 0.04296875 0.1376953140625 0.029296875 0.1494140640625 0.03125 0.1630859359375 0.05078125 0.1728515640625 0.056640625 0.2001953140625 0.068359375 0.2060546859375 0.07714843593750001 0.22265625 0.083984375 0.2216796859375 0.103515625 0.2041015640625 0.1015625 0.1923828140625 0.111328125 0.1748046859375 0.078125 0.1474609359375
2 0.7939453140625 0.0234375 0.8095703140625 0.01953125 0.8134765640625 0 0.751953125 0.0029296859375 0.751953125 0.034179685937499996 0.73828125 0.0517578140625 0.736328125 0.07714843593750001 0.7626953140625 0.09375 0.7705078140625 0.111328125 0.77734375 0.11035156406249999 0.787109375 0.07714843593750001 0.78125 0.018554685937500003 0.7861328140625 0.015625 0.7939453140625 0.0234375
2 0.435546875 0.9072265640625 0.4130859359375 0.89453125 0.4033203140625 0.900390625 0.3779296859375 0.8984375 0.375 0.9267578140625 0.36328125 0.9404296859375 0.375 0.9599609359375 0.36328125 0.9990234359375 0.447265625 0.9990234359375 0.451171875 0.9677734359375 0.4296875 0.9541015640625 0.439453125 0.9267578140625 0.435546875 0.9072265640625
2 0 0.9990234359375 0.010742185937499999 1 0.018554685937500003 0.984375 0.029296875 0.9853515640625 0.024414064062499997 1 0.0390625 0.9990234359375 0.0546875 0.9912109359375 0.060546875 0.9736328140625 0.044921875 0.9443359359375 0.046875 0.9228515640625 0.034179685937499996 0.921875 0.03125 0.9130859359375 0.033203125 0.8935546859375 0.041015625 0.8857421859375 0.04296875 0.8447265640625 0.0263671859375 0.80859375 0.01953125 0.8251953140625 0 0.8349609359375 0.005859375 0.8564453140625 0 0.8623046859375 0 0.9033203140625 0.015625 0.9033203140625 0.01171875 0.9189453140625 0 0.9306640640625 0 0.9990234359375
2 0.8046875 0.9365234359375 0.81640625 0.9248046859375 0.818359375 0.9013671859375 0.8037109359375 0.8828125 0.7880859359375 0.873046875 0.7802734359375 0.875 0.7734375 0.8857421859375 0.76953125 0.9521484359375 0.7568359359375 0.958984375 0.75 0.9443359359375 0.751953125 0.8720703140625 0.7490234359375 0.865234375 0.7255859359375 0.86328125 0.689453125 0.8876953140625 0.6953125 0.9267578140625 0.6875 0.9443359359375 0.689453125 0.9794921859375 0.7158203140625 0.986328125 0.7197265640625 1 0.77734375 0.9990234359375 0.7861328140625 0.966796875 0.8056640640625 0.98828125 0.8125 0.9853515640625 0.8046875 0.9365234359375
2 0.28125 0.6376953140625 0.27734375 0.6220703140625 0.279296875 0.6123046859375 0.29296875 0.6044921859375 0.296875 0.5673828140625 0.2734375 0.5478515640625 0.265625 0.5087890640625 0.2333984359375 0.498046875 0.21875 0.5048828140625 0.2109375 0.5283203140625 0.1904296859375 0.5390625 0.185546875 0.5517578140625 0.2060546859375 0.578125 0.216796875 0.5810546859375 0.212890625 0.6416015640625 0.2265625 0.6572265640625 0.224609375 0.6865234359375 0.2294921859375 0.69140625 0.2783203140625 0.689453125 0.291015625 0.7001953140625 0.3125 0.6708984359375 0.3125 0.6591796859375 0.2998046859375 0.65625 0.28125 0.6376953140625
2 0.849609375 0.2353515640625 0.85546875 0.2177734359375 0.8515625 0.1728515640625 0.869140625 0.1650390640625 0.87109375 0.1435546859375 0.8857421859375 0.140625 0.8955078140625 0.15234375 0.919921875 0.1494140640625 0.916015625 0.09667968593750001 0.9375 0.07519531406249999 0.94921875 0.049804685937499996 0.95703125 0.0263671859375 0.9501953140625 0.013671875 0.9248046859375 0.01953125 0.8876953140625 0.0703125 0.8583984359375 0.052734375 0.845703125 0.0576171859375 0.8408203140625 0.080078125 0.814453125 0.07714843593750001 0.806640625 0.10253906406249999 0.814453125 0.1435546859375 0.7734375 0.1865234359375 0.771484375 0.1962890640625 0.7763671859375 0.21484375 0.798828125 0.2216796859375 0.80078125 0.2626953140625 0.810546875 0.2646484359375 0.8173828140625 0.234375 0.8251953140625 0.234375 0.8349609359375 0.24609375 0.849609375 0.2353515640625
2 0.75 0.8037109359375 0.751953125 0.7802734359375 0.7236328140625 0.765625 0.70703125 0.7392578140625 0.736328125 0.7060546859375 0.734375 0.6982421859375 0.6923828140625 0.68359375 0.65625 0.6552734359375 0.6494140640625 0.6328125 0.626953125 0.6357421859375 0.619140625 0.5595703140625 0.630859375 0.5166015640625 0.6123046859375 0.509765625 0.59765625 0.5185546859375 0.59375 0.5380859359375 0.603515625 0.5673828140625 0.599609375 0.5869140640625 0.609375 0.5966796859375 0.611328125 0.6357421859375 0.626953125 0.6435546859375 0.599609375 0.7314453140625 0.6083984359375 0.73828125 0.6240234359375 0.734375 0.6328125 0.7470703140625 0.619140625 0.7822265640625 0.654296875 0.7998046859375 0.638671875 0.8349609359375 0.650390625 0.8466796859375 0.654296875 0.8642578140625 0.662109375 0.8662109359375 0.7080078140625 0.84375 0.7275390640625 0.845703125 0.736328125 0.8173828140625 0.75 0.8037109359375
2 1 0.4443359359375 0.9755859359375 0.447265625 0.95703125 0.4287109359375 0.95703125 0.4208984359375 0.990234375 0.3916015640625 1 0.3583984359375 0.9794921859375 0.3515625 0.9560546859375 0.359375 0.9287109359375 0.388671875 0.919921875 0.3759765640625 0.94140625 0.3349609359375 0.9658203140625 0.33203125 0.98046875 0.3095703140625 0.990234375 0.2724609359375 0.990234375 0.2548828140625 0.9833984359375 0.251953125 0.908203125 0.3251953140625 0.89453125 0.3583984359375 0.9150390640625 0.37109375 0.91796875 0.3798828140625 0.9033203140625 0.400390625 0.8818359359375 0.40234375 0.87890625 0.4189453140625 0.9033203140625 0.421875 0.919921875 0.4404296859375 0.9267578140625 0.4609375 0.9384765640625 0.4609375 0.9521484359375 0.451171875 0.9658203140625 0.455078125 0.970703125 0.4697265640625 0.9677734359375 0.478515625 0.9541015640625 0.47265625 0.939453125 0.4775390640625 0.935546875 0.5166015640625 0.927734375 0.5283203140625 0.943359375 0.5419921859375 0.955078125 0.5869140640625 0.951171875 0.6025390640625 0.9375 0.6181640640625 0.93359375 0.6455078140625 0.9521484359375 0.646484375 0.974609375 0.6630859359375 0.96484375 0.7431640640625 0.958984375 0.7490234359375 0.96484375 0.7744140640625 0.943359375 0.7998046859375 0.94140625 0.8134765640625 0.9619140640625 0.8203125 0.9697265640625 0.830078125 0.98828125 0.8291015640625 0.98828125 0.8701171859375 1 0.8759765640625 1 0.4443359359375
2 0.3466796859375 0 0.34765625 0.0302734359375 0.359375 0.045898435937499996 0.359375 0.07519531406249999 0.3701171859375 0.080078125 0.3876953140625 0.064453125 0.4091796859375 0.10546875 0.4443359359375 0.080078125 0.447265625 0.08886718593750001 0.4375 0.10839843593750001 0.4375 0.12402343593750001 0.4521484359375 0.125 0.458984375 0.1357421859375 0.453125 0.1572265640625 0.458984375 0.1943359359375 0.4375 0.2373046859375 0.4375 0.2490234359375 0.4287109359375 0.251953125 0.3974609359375 0.2421875 0.388671875 0.2529296859375 0.392578125 0.2783203140625 0.421875 0.3095703140625 0.421875 0.3193359359375 0.39453125 0.3349609359375 0.38671875 0.3583984359375 0.419921875 0.3837890640625 0.4287109359375 0.419921875 0.4658203140625 0.421875 0.4755859359375 0.4375 0.4873046859375 0.435546875 0.48828125 0.4248046859375 0.4951171859375 0.423828125 0.4931640640625 0.435546875 0.5126953140625 0.439453125 0.5185546859375 0.451171875 0.5380859359375 0.455078125 0.544921875 0.4697265640625 0.5595703140625 0.478515625 0.5673828140625 0.470703125 0.576171875 0.4794921859375 0.578125 0.4111328140625 0.59375 0.4072265640625 0.59375 0.3935546859375 0.611328125 0.3720703140625 0.6015625 0.3427734359375 0.62109375 0.2822265640625 0.6044921859375 0.275390625 0.578125 0.2841796859375 0.591796875 0.2490234359375 0.591796875 0.2314453140625 0.5849609359375 0.224609375 0.5673828140625 0.228515625 0.5556640640625 0.2109375 0.5400390640625 0.236328125 0.52734375 0.2236328140625 0.5390625 0.1767578140625 0.5302734359375 0.166015625 0.513671875 0.1669921859375 0.5 0.1337890640625 0.501953125 0.09472656406249999 0.521484375 0.0615234359375 0.515625 0.034179685937499996 0.5029296859375 0.03125 0.4970703140625 0.017578125 0.4873046859375 0.029296875 0.4755859359375 0 0.3466796859375 0