2 0.076171875 0.9775390640625 0.06640625 0.9990234359375 0.115234375 0.9990234359375 0.107421875 0.9697265640625 0.119140625 0.9482421859375 0.10839843593750001 0.94140625 0.076171875 0.9775390640625
2 0 0.9189453140625 0.008789064062500001 0.908203125 0.017578125 0.9091796859375 0.0234375 0.9501953140625 0.049804685937499996 0.955078125 0.041015625 0.9658203140625 0.046875 0.9697265640625 0.072265625 0.9443359359375 0.0859375 0.9052734359375 0.080078125 0.8994140640625 0.078125 0.8662109359375 0.083984375 0.8466796859375 0.07128906406249999 0.8359375 0.043945314062500004 0.84375 0.037109375 0.8154296859375 0.015625 0.8115234359375 0.0078125 0.7841796859375 0.0146484359375 0.78125 0.034179685937499996 0.791015625 0.052734375 0.7802734359375 0.048828125 0.7529296859375 0.064453125 0.7431640640625 0.0625 0.7099609359375 0.072265625 0.6884765640625 0.0537109359375 0.6875 0.040039064062500004 0.6640625 0.022460935937500003 0.6640625 0.015625 0.6748046859375 0.015625 0.7392578140625 0 0.7451171859375 0 0.9189453140625
2 0.0009765640625 0 0 0.08691406406249999 0.017578125 0.09277343593750001 0.017578125 0.11035156406249999 0.0009765640625 0.1171875 0 0.1259765640625 0.024414064062499997 0.15234375 0.047851564062500004 0.142578125 0.048828125 0.1708984359375 0.09082031406249999 0.203125 0.11035156406249999 0.197265625 0.12109375 0.2060546859375 0.111328125 0.2529296859375 0.126953125 0.2705078140625 0.125 0.2841796859375 0.1474609359375 0.28515625 0.154296875 0.2958984359375 0.1455078140625 0.314453125 0.123046875 0.3212890640625 0.1328125 0.3583984359375 0.1513671859375 0.388671875 0.1611328140625 0.38671875 0.1767578140625 0.40234375 0.1953125 0.4072265640625 0.189453125 0.4365234359375 0.193359375 0.4658203140625 0.2001953140625 0.46875 0.2177734359375 0.4609375 0.232421875 0.4697265640625 0.2265625 0.4365234359375 0.236328125 0.4169921859375 0.216796875 0.3974609359375 0.212890625 0.3818359359375 0.232421875 0.3583984359375 0.2109375 0.3447265640625 0.216796875 0.3154296859375 0.203125 0.2880859359375 0.208984375 0.2607421859375 0.193359375 0.2353515640625 0.201171875 0.2158203140625 0.19921875 0.2021484359375 0.1767578140625 0.212890625 0.1630859359375 0.203125 0.1474609359375 0.2109375 0.13671875 0.2080078140625 0.134765625 0.1845703140625 0.142578125 0.1689453140625 0.1328125 0.1259765640625 0.14453125 0.09667968593750001 0.142578125 0.08691406406249999 0.1337890640625 0.080078125 0.087890625 0.07910156406249999 0.087890625 0.06738281406249999 0.109375 0.040039064062500004 0.09277343593750001 0 0.0009765640625 0
2 0.349609375 0.6630859359375 0.353515625 0.6494140640625 0.34765625 0.6416015640625 0.3515625 0.6123046859375 0.3173828140625 0.61328125 0.3037109359375 0.603515625 0.2919921859375 0.603515625 0.287109375 0.6220703140625 0.298828125 0.6416015640625 0.2744140640625 0.634765625 0.271484375 0.6435546859375 0.291015625 0.6611328140625 0.28515625 0.6865234359375 0.3046875 0.7041015640625 0.31640625 0.7392578140625 0.328125 0.7431640640625 0.333984375 0.7353515640625 0.33203125 0.7138671859375 0.35546875 0.6962890640625 0.349609375 0.6630859359375
2 0.423828125 0.8876953140625 0.40625 0.8779296859375 0.408203125 0.8603515640625 0.400390625 0.8388671859375 0.4287109359375 0.83984375 0.435546875 0.8291015640625 0.423828125 0.8037109359375 0.427734375 0.7724609359375 0.4150390640625 0.76953125 0.4033203140625 0.78515625 0.404296875 0.7666015640625 0.3974609359375 0.759765625 0.3759765640625 0.767578125 0.3642578140625 0.783203125 0.3505859359375 0.763671875 0.34765625 0.7900390640625 0.361328125 0.8037109359375 0.35546875 0.8310546859375 0.3603515640625 0.8359375 0.3798828140625 0.83203125 0.380859375 0.8369140640625 0.36328125 0.8837890640625 0.349609375 0.8955078140625 0.396484375 0.9423828140625 0.4111328140625 0.939453125 0.41796875 0.9306640640625 0.408203125 0.8994140640625 0.423828125 0.8876953140625
2 0.720703125 0.6728515640625 0.6982421859375 0.65625 0.6728515640625 0.6484375 0.65625 0.6865234359375 0.67578125 0.6923828140625 0.671875 0.7119140640625 0.689453125 0.7353515640625 0.6943359359375 0.724609375 0.705078125 0.7236328140625 0.69921875 0.7041015640625 0.720703125 0.6728515640625
2 0.513671875 0.1591796859375 0.5166015640625 0.1171875 0.4990234359375 0.125 0.4892578140625 0.119140625 0.48046875 0.12207031406249999 0.486328125 0.1630859359375 0.46484375 0.1845703140625 0.47265625 0.2099609359375 0.484375 0.2294921859375 0.490234375 0.2294921859375 0.49609375 0.2080078140625 0.5078125 0.1943359359375 0.4921875 0.1630859359375 0.513671875 0.1591796859375
2 0.4384765640625 0 0.4453125 0.0517578140625 0.423828125 0.07324218593750001 0.4306640640625 0.083984375 0.44921875 0.08496093593750001 0.44921875 0.11816406406249999 0.458984375 0.1279296859375 0.466796875 0.11816406406249999 0.46875 0.08691406406249999 0.48828125 0.07714843593750001 0.48828125 0.06347656406249999 0.4794921859375 0.0546875 0.466796875 0.0537109359375 0.466796875 0.020507814062499997 0.4501953140625 0 0.4384765640625 0
2 0.5703125 0.2509765640625 0.58203125 0.2392578140625 0.5556640640625 0.23046875 0.5419921859375 0.2109375 0.53515625 0.2197265640625 0.533203125 0.2568359359375 0.5283203140625 0.263671875 0.515625 0.2626953140625 0.517578125 0.2783203140625 0.50390625 0.3076171859375 0.5048828140625 0.3203125 0.5263671859375 0.3125 0.5390625 0.3232421859375 0.544921875 0.3173828140625 0.546875 0.2861328140625 0.572265625 0.2861328140625 0.5703125 0.2509765640625
2 0.904296875 0.06738281406249999 0.87890625 0.047851564062500004 0.8720703140625 0 0.861328125 0.0009765640625 0.849609375 0.040039064062500004 0.826171875 0.0576171859375 0.830078125 0.10644531406249999 0.859375 0.11425781406249999 0.94140625 0.09082031406249999 0.9345703140625 0.080078125 0.91015625 0.09082031406249999 0.904296875 0.06738281406249999
2 0.95703125 0.2236328140625 0.9296875 0.2177734359375 0.92578125 0.1748046859375 0.9580078140625 0.1796875 0.970703125 0.1708984359375 0.974609375 0.1513671859375 0.9453125 0.1337890640625 0.9453125 0.11230468593750001 0.9287109359375 0.09765625 0.9228515640625 0.107421875 0.9013671859375 0.109375 0.884765625 0.12011718593750001 0.873046875 0.1513671859375 0.888671875 0.1669921859375 0.869140625 0.1865234359375 0.8671875 0.1962890640625 0.8759765640625 0.205078125 0.884765625 0.2041015640625 0.890625 0.2451171859375 0.919921875 0.2568359359375 0.92578125 0.2978515640625 0.935546875 0.3017578140625 0.94140625 0.2900390640625 0.94140625 0.2568359359375 0.95703125 0.2353515640625 0.95703125 0.2236328140625
2 1 0.3134765640625 0.98828125 0.3076171859375 0.9794921859375 0.291015625 0.970703125 0.2978515640625 0.9765625 0.3193359359375 0.97265625 0.3388671859375 0.9521484359375 0.34375 0.9296875 0.3642578140625 0.939453125 0.4072265640625 0.935546875 0.4326171859375 0.958984375 0.4423828140625 0.966796875 0.4892578140625 0.974609375 0.4912109359375 1 0.4521484359375 1 0.3134765640625