2 0.3447265640625 0.607421875 0.3154296859375 0.611328125 0.2939453140625 0.603515625 0.287109375 0.6201171859375 0.296875 0.6435546859375 0.2763671859375 0.640625 0.275390625 0.6513671859375 0.287109375 0.6630859359375 0.28515625 0.6884765640625 0.302734375 0.7041015640625 0.31640625 0.7392578140625 0.328125 0.7412109359375 0.333984375 0.7138671859375 0.35546875 0.6982421859375 0.349609375 0.6123046859375 0.3447265640625 0.607421875
2 0.23828125 0.4189453140625 0.21484375 0.3935546859375 0.21484375 0.3759765640625 0.23046875 0.3583984359375 0.2109375 0.3388671859375 0.216796875 0.3154296859375 0.205078125 0.2958984359375 0.208984375 0.2646484359375 0.193359375 0.2392578140625 0.201171875 0.2080078140625 0.1962890640625 0.201171875 0.1748046859375 0.212890625 0.1630859359375 0.203125 0.1494140640625 0.208984375 0.134765625 0.2060546859375 0.140625 0.1669921859375 0.12890625 0.1279296859375 0.142578125 0.08886718593750001 0.1298828140625 0.080078125 0.08984375 0.07714843593750001 0.087890625 0.06542968593750001 0.107421875 0.045898435937499996 0.107421875 0.0302734359375 0.09375 0.018554685937500003 0.09375 0.0029296859375 0.0009765640625 0 0 0.08300781406249999 0.017578125 0.08886718593750001 0.0234375 0.11035156406249999 0 0.12402343593750001 0.024414064062499997 0.15234375 0.047851564062500004 0.13671875 0.0517578140625 0.171875 0.0595703140625 0.171875 0.07324218593750001 0.189453125 0.08105468593750001 0.1875 0.08886718593750001 0.201171875 0.10644531406249999 0.189453125 0.12109375 0.2060546859375 0.109375 0.2509765640625 0.125 0.2685546859375 0.123046875 0.2822265640625 0.1279296859375 0.287109375 0.1396484359375 0.283203125 0.15234375 0.2958984359375 0.15234375 0.3056640640625 0.1279296859375 0.31640625 0.12109375 0.3271484359375 0.14453125 0.3837890640625 0.197265625 0.4091796859375 0.19140625 0.4560546859375 0.1953125 0.4677734359375 0.203125 0.4697265640625 0.2138671859375 0.4609375 0.234375 0.4677734359375 0.228515625 0.4365234359375 0.23828125 0.4189453140625
2 0.40625 0.8818359359375 0.408203125 0.8642578140625 0.3984375 0.8408203140625 0.4248046859375 0.841796875 0.43359375 0.8330078140625 0.421875 0.8037109359375 0.42578125 0.7705078140625 0.4150390640625 0.76953125 0.4033203140625 0.783203125 0.40234375 0.7626953140625 0.3955078140625 0.759765625 0.3759765640625 0.767578125 0.3642578140625 0.78125 0.3486328140625 0.763671875 0.345703125 0.7880859359375 0.359375 0.8037109359375 0.353515625 0.8291015640625 0.3583984359375 0.8359375 0.3720703140625 0.830078125 0.380859375 0.8349609359375 0.36328125 0.8837890640625 0.349609375 0.8974609359375 0.39453125 0.9423828140625 0.416015625 0.9345703140625 0.41015625 0.9013671859375 0.421875 0.8876953140625 0.40625 0.8818359359375
2 0 0.7783203140625 0.037109375 0.7841796859375 0.05078125 0.7744140640625 0.04296875 0.7412109359375 0.0009765640625 0.74609375 0 0.7783203140625
2 0.06347656406249999 0.990234375 0.048828125 0.9873046859375 0.049804685937499996 1 0.115234375 0.9990234359375 0.10546875 0.9736328140625 0.119140625 0.9462890640625 0.10839843593750001 0.939453125 0.06347656406249999 0.990234375
2 0.07421875 0.9248046859375 0.08984375 0.9033203140625 0.083984375 0.8955078140625 0.083984375 0.8505859359375 0.07128906406249999 0.8359375 0.043945314062500004 0.84375 0.037109375 0.8193359359375 0.017578125 0.8173828140625 0.0009765640625 0.78125 0 0.9208984359375 0.015625 0.9052734359375 0.015625 0.8740234359375 0.022460935937500003 0.869140625 0.021484375 0.9462890640625 0.03515625 0.9580078140625 0.038085935937499996 0.953125 0.0595703140625 0.95703125 0.0703125 0.9462890640625 0.07421875 0.9248046859375
2 0.0517578140625 0.69140625 0.041015625 0.6728515640625 0.043945314062500004 0.65625 0.034179685937499996 0.6640625 0.020507814062499997 0.662109375 0.01953125 0.7294921859375 0.040039064062500004 0.7265625 0.046875 0.7431640640625 0.060546875 0.7470703140625 0.060546875 0.7099609359375 0.07421875 0.6865234359375 0.06347656406249999 0.68359375 0.0517578140625 0.69140625
2 0.4970703140625 0.158203125 0.5107421859375 0.162109375 0.515625 0.1552734359375 0.51953125 0.12207031406249999 0.5146484359375 0.1171875 0.4990234359375 0.125 0.48046875 0.12011718593750001 0.484375 0.1669921859375 0.46484375 0.1845703140625 0.47265625 0.2099609359375 0.484375 0.2294921859375 0.490234375 0.2294921859375 0.498046875 0.2021484359375 0.5078125 0.1943359359375 0.4921875 0.1630859359375 0.4970703140625 0.158203125
2 0.4404296859375 0 0.4375 0.022460935937500003 0.4453125 0.0517578140625 0.4287109359375 0.05859375 0.423828125 0.07128906406249999 0.4326171859375 0.083984375 0.44921875 0.08300781406249999 0.447265625 0.11425781406249999 0.451171875 0.1259765640625 0.458984375 0.1279296859375 0.466796875 0.11621093593750001 0.466796875 0.08886718593750001 0.48828125 0.07714843593750001 0.48828125 0.06347656406249999 0.46484375 0.0517578140625 0.46875 0.024414064062499997 0.4521484359375 0 0.4404296859375 0
2 0.572265625 0.2451171859375 0.580078125 0.2373046859375 0.5751953140625 0.23046875 0.5576171859375 0.23046875 0.5458984359375 0.2109375 0.53515625 0.2138671859375 0.537109375 0.2490234359375 0.5263671859375 0.263671875 0.515625 0.2626953140625 0.515625 0.2802734359375 0.501953125 0.3115234359375 0.5068359359375 0.3203125 0.5283203140625 0.3125 0.5390625 0.3212890640625 0.544921875 0.3173828140625 0.544921875 0.2822265640625 0.5703125 0.2880859359375 0.572265625 0.2451171859375
2 0.765625 0.6689453140625 0.775390625 0.6748046859375 0.78125 0.5927734359375 0.7734375 0.5849609359375 0.7685546859375 0.5625 0.765625 0.6689453140625
2 0.7041015640625 0.65625 0.6708984359375 0.646484375 0.654296875 0.6845703140625 0.6591796859375 0.69140625 0.677734375 0.6904296859375 0.671875 0.7119140640625 0.69140625 0.7333984359375 0.70703125 0.7216796859375 0.708984375 0.6904296859375 0.720703125 0.6728515640625 0.7041015640625 0.65625
2 0.970703125 0.3330078140625 0.9580078140625 0.328125 0.95703125 0.3369140640625 0.935546875 0.3564453140625 0.9296875 0.4013671859375 0.9375 0.4091796859375 0.9375 0.4560546859375 0.955078125 0.4677734359375 0.9716796859375 0.49609375 0.984375 0.4873046859375 0.984375 0.5126953140625 0.9921875 0.5185546859375 0.9921875 0.5302734359375 0.998046875 0.5302734359375 1 0.3076171859375 0.98046875 0.2880859359375 0.9775390640625 0.224609375 0.970703125 0.3330078140625
2 0.9404296859375 0.181640625 0.9658203140625 0.1796875 0.9765625 0.1591796859375 0.9658203140625 0.142578125 0.947265625 0.1318359359375 0.9453125 0.10644531406249999 0.9736328140625 0.091796875 0.9990234359375 0.08984375 1 0.07910156406249999 0.9541015640625 0.08984375 0.943359375 0.08300781406249999 0.9404296859375 0.0703125 0.9287109359375 0.06640625 0.9150390640625 0.06640625 0.9111328140625 0.078125 0.896484375 0.0556640640625 0.90234375 0.049804685937499996 0.8828125 0.040039064062500004 0.875 0.0029296859375 0.8623046859375 0 0.849609375 0.040039064062500004 0.8330078140625 0.046875 0.82421875 0.0595703140625 0.83203125 0.07910156406249999 0.830078125 0.10449218593750001 0.8564453140625 0.12109375 0.873046875 0.12207031406249999 0.865234375 0.1298828140625 0.8828125 0.1728515640625 0.8671875 0.1943359359375 0.8740234359375 0.205078125 0.884765625 0.2060546859375 0.890625 0.2470703140625 0.919921875 0.2666015640625 0.92578125 0.2998046859375 0.935546875 0.3037109359375 0.958984375 0.2236328140625 0.93359375 0.2099609359375 0.93359375 0.1943359359375 0.9404296859375 0.181640625