2 0.765625 0.5732421859375 0.763671875 0.6064453140625 0.76953125 0.6689453140625 0.779296875 0.6416015640625 0.779296875 0.5888671859375 0.7705078140625 0.5703125 0.765625 0.5732421859375
2 0.08984375 0.9599609359375 0.064453125 0.9990234359375 0.11328125 0.9990234359375 0.10546875 0.9814453140625 0.111328125 0.9560546859375 0.10644531406249999 0.947265625 0.08984375 0.9599609359375
2 0.7041015640625 0.658203125 0.6708984359375 0.654296875 0.658203125 0.6630859359375 0.65625 0.6943359359375 0.669921875 0.7021484359375 0.6748046859375 0.71875 0.69140625 0.7275390640625 0.705078125 0.7216796859375 0.703125 0.7060546859375 0.716796875 0.6728515640625 0.7041015640625 0.658203125
2 0.5146484359375 0.119140625 0.4814453140625 0.119140625 0.4765625 0.1259765640625 0.486328125 0.1591796859375 0.462890625 0.1865234359375 0.47265625 0.2138671859375 0.48828125 0.2314453140625 0.505859375 0.1962890640625 0.49609375 0.1650390640625 0.515625 0.1533203140625 0.5146484359375 0.119140625
2 0.48828125 0.0615234359375 0.470703125 0.049804685937499996 0.46875 0.0283203140625 0.455078125 0.0048828140625 0.4384765640625 0 0.443359375 0.047851564062500004 0.423828125 0.06347656406249999 0.423828125 0.07324218593750001 0.447265625 0.08691406406249999 0.451171875 0.12207031406249999 0.458984375 0.1259765640625 0.466796875 0.11816406406249999 0.46875 0.08886718593750001 0.486328125 0.07910156406249999 0.48828125 0.0615234359375
2 0.580078125 0.2451171859375 0.5595703140625 0.234375 0.5439453140625 0.212890625 0.533203125 0.2216796859375 0.53125 0.2568359359375 0.513671875 0.2666015640625 0.501953125 0.3056640640625 0.5048828140625 0.32421875 0.541015625 0.3232421859375 0.546875 0.2919921859375 0.5703125 0.2861328140625 0.572265625 0.2568359359375 0.580078125 0.2451171859375
2 0.6904296859375 0.021484375 0.6875 0.0009765640625 0.6806640640625 0 0.67578125 0.0126953140625 0.67578125 0.2177734359375 0.685546875 0.2197265640625 0.697265625 0.2177734359375 0.69921875 0.0283203140625 0.697265625 0.0126953140625 0.6904296859375 0.021484375
2 1 0.3154296859375 0.9912109359375 0.314453125 0.9755859359375 0.294921875 0.97265625 0.3115234359375 0.978515625 0.3330078140625 0.97265625 0.3427734359375 0.986328125 0.3564453140625 0.9736328140625 0.357421875 0.9677734359375 0.345703125 0.9521484359375 0.345703125 0.935546875 0.3583984359375 0.9296875 0.3759765640625 0.94140625 0.4072265640625 0.9375 0.4306640640625 0.9609375 0.4365234359375 0.9609375 0.4658203140625 0.9765625 0.4833984359375 0.9921875 0.4677734359375 0.994140625 0.4521484359375 0.9853515640625 0.439453125 0.9697265640625 0.435546875 0.96875 0.4267578140625 0.9775390640625 0.419921875 0.9912109359375 0.42578125 1 0.4111328140625 1 0.3154296859375
2 0.3466796859375 0.595703125 0.3212890640625 0.607421875 0.2939453140625 0.603515625 0.28515625 0.6103515640625 0.291015625 0.6357421859375 0.271484375 0.6416015640625 0.283203125 0.6650390640625 0.283203125 0.6884765640625 0.30078125 0.7041015640625 0.314453125 0.7412109359375 0.32421875 0.7451171859375 0.33203125 0.7353515640625 0.33203125 0.7197265640625 0.35546875 0.6962890640625 0.3466796859375 0.595703125
2 0.408203125 0.8759765640625 0.404296875 0.8505859359375 0.4287109359375 0.83984375 0.435546875 0.8291015640625 0.423828125 0.8056640640625 0.423828125 0.7705078140625 0.3759765640625 0.765625 0.3623046859375 0.7734375 0.3505859359375 0.765625 0.345703125 0.7880859359375 0.35546875 0.8037109359375 0.353515625 0.8251953140625 0.373046875 0.8447265640625 0.349609375 0.8974609359375 0.3916015640625 0.94140625 0.40625 0.9404296859375 0.41796875 0.9306640640625 0.412109375 0.9013671859375 0.419921875 0.8876953140625 0.408203125 0.8759765640625
2 0.955078125 0.2236328140625 0.92578125 0.2158203140625 0.921875 0.1845703140625 0.9267578140625 0.177734375 0.9638671859375 0.177734375 0.97265625 0.1572265640625 0.9638671859375 0.14453125 0.9453125 0.1357421859375 0.9375 0.09667968593750001 0.908203125 0.09277343593750001 0.8974609359375 0.0625 0.8759765640625 0.0625 0.8720703140625 0.0703125 0.8681640640625 0.064453125 0.8662109359375 0.07421875 0.8583984359375 0.0625 0.8427734359375 0.0625 0.833984375 0.09082031406249999 0.8466796859375 0.095703125 0.8623046859375 0.08984375 0.85546875 0.09472656406249999 0.85546875 0.10644531406249999 0.875 0.11035156406249999 0.859375 0.12011718593750001 0.87890625 0.12402343593750001 0.873046875 0.1513671859375 0.888671875 0.1748046859375 0.87109375 0.1865234359375 0.87109375 0.1943359359375 0.88671875 0.2080078140625 0.88671875 0.2373046859375 0.8955078140625 0.25 0.91796875 0.2626953140625 0.923828125 0.2939453140625 0.93359375 0.3017578140625 0.939453125 0.2939453140625 0.94140625 0.2548828140625 0.953125 0.2431640640625 0.955078125 0.2236328140625
2 0 0.9208984359375 0.015625 0.9150390640625 0.01953125 0.9501953140625 0.040039064062500004 0.955078125 0.0390625 0.9697265640625 0.049804685937499996 0.95703125 0.064453125 0.9541015640625 0.072265625 0.9248046859375 0.09765625 0.8759765640625 0.07910156406249999 0.875 0.080078125 0.8505859359375 0.06542968593750001 0.83984375 0.045898435937499996 0.84375 0.03515625 0.8212890640625 0.018554685937500003 0.81640625 0.00390625 0.7919921859375 0.0068359359375 0.78125 0.0263671859375 0.7890625 0.046875 0.7841796859375 0.048828125 0.7548828140625 0.0625 0.7451171859375 0.0625 0.7099609359375 0.0703125 0.6962890640625 0.06738281406249999 0.6875 0.048828125 0.6845703140625 0.038085935937499996 0.662109375 0.016601564062499997 0.662109375 0.009765625 0.6845703140625 0.01953125 0.7060546859375 0.015625 0.7373046859375 0 0.7451171859375 0 0.9208984359375
2 0.236328125 0.4189453140625 0.216796875 0.3955078140625 0.216796875 0.3779296859375 0.23046875 0.3603515640625 0.212890625 0.3447265640625 0.21484375 0.3154296859375 0.205078125 0.2958984359375 0.208984375 0.2666015640625 0.193359375 0.2392578140625 0.19921875 0.2060546859375 0.1904296859375 0.203125 0.1748046859375 0.212890625 0.1611328140625 0.205078125 0.134765625 0.2060546859375 0.1328125 0.1884765640625 0.140625 0.1689453140625 0.125 0.1337890640625 0.13671875 0.12011718593750001 0.140625 0.08886718593750001 0.1318359359375 0.08203125 0.080078125 0.08300781406249999 0.107421875 0.045898435937499996 0.10546875 0.0302734359375 0.09375 0.020507814062499997 0.091796875 0.0009765640625 0.0009765640625 0 0 0.08496093593750001 0.017578125 0.09277343593750001 0.025390625 0.11230468593750001 0.0009765640625 0.123046875 0 0.1318359359375 0.024414064062499997 0.15625 0.049804685937499996 0.138671875 0.048828125 0.1748046859375 0.07714843593750001 0.189453125 0.08496093593750001 0.203125 0.10644531406249999 0.197265625 0.1171875 0.2060546859375 0.109375 0.2548828140625 0.12109375 0.2685546859375 0.125 0.2861328140625 0.1396484359375 0.28515625 0.1484375 0.2978515640625 0.146484375 0.3095703140625 0.12109375 0.3251953140625 0.12890625 0.3583984359375 0.1474609359375 0.390625 0.19140625 0.4072265640625 0.189453125 0.4541015640625 0.193359375 0.4658203140625 0.205078125 0.4697265640625 0.2138671859375 0.46484375 0.232421875 0.4677734359375 0.23046875 0.4306640640625 0.236328125 0.4189453140625
2 0.453125 0.9990234359375 0.455078125 0.9677734359375 0.4404296859375 0.9609375 0.427734375 0.9853515640625 0.453125 0.9990234359375