2 0.064453125 0.9990234359375 0.109375 0.9990234359375 0.1015625 0.9794921859375 0.111328125 0.9560546859375 0.10253906406249999 0.947265625 0.064453125 0.9990234359375
2 0.513671875 0.1591796859375 0.517578125 0.1259765640625 0.5126953140625 0.12109375 0.4814453140625 0.12109375 0.474609375 0.1279296859375 0.484375 0.1552734359375 0.462890625 0.1904296859375 0.470703125 0.2158203140625 0.48828125 0.2314453140625 0.50390625 0.2021484359375 0.50390625 0.1865234359375 0.494140625 0.1728515640625 0.513671875 0.1591796859375
2 0.48828125 0.06738281406249999 0.46875 0.0517578140625 0.46875 0.0302734359375 0.451171875 0.0009765640625 0.4384765640625 0 0.4375 0.036132814062500004 0.443359375 0.0517578140625 0.42578125 0.0615234359375 0.423828125 0.07910156406249999 0.447265625 0.09472656406249999 0.447265625 0.12207031406249999 0.458984375 0.1279296859375 0.466796875 0.11621093593750001 0.46875 0.09472656406249999 0.484375 0.08496093593750001 0.48828125 0.06738281406249999
2 0.7041015640625 0.650390625 0.6982421859375 0.65625 0.6650390640625 0.658203125 0.65625 0.6904296859375 0.669921875 0.6943359359375 0.673828125 0.7197265640625 0.6904296859375 0.732421875 0.7041015640625 0.724609375 0.7099609359375 0.734375 0.71875 0.7333984359375 0.712890625 0.7216796859375 0.732421875 0.7001953140625 0.73046875 0.6787109359375 0.7041015640625 0.650390625
2 0.580078125 0.2373046859375 0.5556640640625 0.23046875 0.5419921859375 0.212890625 0.53125 0.2216796859375 0.529296875 0.2607421859375 0.51171875 0.2685546859375 0.498046875 0.3056640640625 0.5009765640625 0.322265625 0.537109375 0.3251953140625 0.546875 0.2939453140625 0.56640625 0.2919921859375 0.5703125 0.2509765640625 0.580078125 0.2373046859375
2 0.6953125 0.2197265640625 0.697265625 0.0009765640625 0.6748046859375 0 0.673828125 0.2177734359375 0.6953125 0.2197265640625
2 0 0.7802734359375 0.033203125 0.7919921859375 0.048828125 0.7822265640625 0.048828125 0.7568359359375 0.060546875 0.7509765640625 0.05859375 0.7197265640625 0.0703125 0.6923828140625 0.047851564062500004 0.689453125 0.038085935937499996 0.66796875 0.016601564062499997 0.66796875 0.009765625 0.6826171859375 0.015625 0.7275390640625 0 0.7470703140625 0 0.7802734359375
2 1 0.3173828140625 0.9912109359375 0.31640625 0.9755859359375 0.298828125 0.970703125 0.3447265640625 0.9814453140625 0.34765625 0.984375 0.3564453140625 0.9736328140625 0.357421875 0.9677734359375 0.34375 0.9541015640625 0.345703125 0.935546875 0.3603515640625 0.9296875 0.3759765640625 0.9375 0.3916015640625 0.9375 0.4345703140625 0.95703125 0.4404296859375 0.95703125 0.4658203140625 0.970703125 0.4853515640625 0.990234375 0.4697265640625 0.990234375 0.4521484359375 0.97265625 0.4287109359375 0.9912109359375 0.42578125 1 0.4091796859375 1 0.3173828140625
2 0.3427734359375 0.609375 0.2900390640625 0.609375 0.283203125 0.6181640640625 0.2890625 0.6416015640625 0.2705078140625 0.642578125 0.26953125 0.6513671859375 0.28515625 0.6689453140625 0.283203125 0.6923828140625 0.296875 0.7021484359375 0.314453125 0.7451171859375 0.326171875 0.7470703140625 0.33203125 0.7197265640625 0.35546875 0.6982421859375 0.34765625 0.6142578140625 0.3427734359375 0.609375
2 0.07421875 0.8720703140625 0.078125 0.8583984359375 0.06542968593750001 0.84375 0.036132814062500004 0.845703125 0.033203125 0.8291015640625 0.016601564062499997 0.826171875 0.0009765640625 0.810546875 0 0.9072265640625 0.015625 0.9033203140625 0.015625 0.8759765640625 0.0263671859375 0.875 0.015625 0.9169921859375 0.017578125 0.9501953140625 0.024414064062499997 0.958984375 0.034179685937499996 0.955078125 0.0390625 0.9619140640625 0.03515625 0.9736328140625 0.0234375 0.9814453140625 0.01953125 0.9990234359375 0.033203125 0.9990234359375 0.046875 0.9658203140625 0.0625 0.9580078140625 0.080078125 0.9150390640625 0.07421875 0.8720703140625
2 0.41015625 0.8818359359375 0.400390625 0.8525390640625 0.4052734359375 0.845703125 0.4228515640625 0.84375 0.431640625 0.8251953140625 0.421875 0.8095703140625 0.421875 0.7744140640625 0.4033203140625 0.775390625 0.3974609359375 0.767578125 0.3837890640625 0.767578125 0.349609375 0.7939453140625 0.359375 0.8388671859375 0.3720703140625 0.8359375 0.376953125 0.8447265640625 0.349609375 0.9013671859375 0.3916015640625 0.943359375 0.40625 0.9423828140625 0.4140625 0.9345703140625 0.41015625 0.9052734359375 0.419921875 0.8876953140625 0.41015625 0.8818359359375
2 0.953125 0.2255859359375 0.927734375 0.2216796859375 0.923828125 0.1884765640625 0.9560546859375 0.18359375 0.966796875 0.1748046859375 0.970703125 0.1591796859375 0.9658203140625 0.1484375 0.943359375 0.1357421859375 0.9375 0.10839843593750001 0.9580078140625 0.09765625 0.9990234359375 0.091796875 1 0.08496093593750001 0.9560546859375 0.09375 0.9287109359375 0.087890625 0.9072265640625 0.09375 0.896484375 0.06542968593750001 0.875 0.0615234359375 0.873046875 0.038085935937499996 0.859375 0.0302734359375 0.8583984359375 0.0078125 0.845703125 0.045898435937499996 0.82421875 0.0595703140625 0.828125 0.09082031406249999 0.8349609359375 0.10546875 0.841796875 0.10058593593750001 0.8466796859375 0.125 0.8720703140625 0.123046875 0.87890625 0.1279296859375 0.869140625 0.1513671859375 0.88671875 0.1767578140625 0.87109375 0.1865234359375 0.88671875 0.2177734359375 0.88671875 0.2470703140625 0.916015625 0.2607421859375 0.919921875 0.2939453140625 0.9296875 0.3037109359375 0.9375 0.2958984359375 0.9375 0.2587890640625 0.953125 0.2412109359375 0.953125 0.2255859359375
2 0.236328125 0.4189453140625 0.212890625 0.3935546859375 0.212890625 0.3798828140625 0.228515625 0.3623046859375 0.2109375 0.3447265640625 0.212890625 0.3193359359375 0.203125 0.2978515640625 0.20703125 0.2685546859375 0.19140625 0.2412109359375 0.197265625 0.2099609359375 0.1865234359375 0.205078125 0.1689453140625 0.21484375 0.1572265640625 0.205078125 0.1455078140625 0.212890625 0.134765625 0.2080078140625 0.1328125 0.1845703140625 0.140625 0.1728515640625 0.126953125 0.1318359359375 0.140625 0.09277343593750001 0.1298828140625 0.083984375 0.080078125 0.08300781406249999 0.10546875 0.049804685937499996 0.10546875 0.034179685937499996 0.091796875 0.020507814062499997 0.08984375 0.0029296859375 0.0009765640625 0 0 0.08691406406249999 0.021484375 0.11230468593750001 0.0009765640625 0.12109375 0 0.1337890640625 0.020507814062499997 0.15625 0.043945314062500004 0.150390625 0.047851564062500004 0.140625 0.044921875 0.1708984359375 0.049804685937499996 0.177734375 0.0595703140625 0.1796875 0.08886718593750001 0.20703125 0.11328125 0.2041015640625 0.107421875 0.2548828140625 0.12109375 0.2744140640625 0.12109375 0.2861328140625 0.1376953140625 0.2890625 0.14453125 0.2978515640625 0.142578125 0.3134765640625 0.119140625 0.3271484359375 0.12890625 0.3603515640625 0.1455078140625 0.390625 0.1591796859375 0.392578125 0.1748046859375 0.408203125 0.189453125 0.4091796859375 0.19140625 0.4541015640625 0.1953125 0.4677734359375 0.20703125 0.4736328140625 0.2197265640625 0.46484375 0.234375 0.4697265640625 0.23046875 0.4345703140625 0.236328125 0.4189453140625